TITLE "sRGB-cube"

# cube file created by iccApplyToLink version 2.3.1.5
#
# Profiles applied (by profile description):
# - sRGB D65 MAT

LUT_3D_SIZE 9

0.000000 0.000000 0.000000
-1.610654 0.102329 0.550966
-3.221307 0.155009 0.753868
-4.831961 0.193662 0.902743
-6.442614 0.225329 1.024709
-8.053267 0.252643 1.129912
-9.663921 0.276924 1.223433
-11.274574 0.298943 1.308241
-12.885228 0.319194 1.386239
-4.966181 0.714532 -0.658947
-6.576835 0.721589 0.499179
-8.187489 0.728558 0.720383
-9.798141 0.735440 0.876574
-11.408795 0.742240 1.002691
-13.019448 0.748960 1.110637
-14.630102 0.755602 1.206137
-16.240755 0.762169 1.292454
-17.851410 0.768662 1.371650
-9.932363 0.972202 -1.317895
-11.543016 0.976927 0.439533
-13.153669 0.981622 0.684740
-14.764322 0.986288 0.849333
-16.374977 0.990924 0.980012
-17.985630 0.995532 1.090906
-19.596283 1.000111 1.188502
-21.206938 1.004663 1.276403
-22.817591 1.009188 1.356848
-14.898543 1.161262 -1.976842
-16.509197 1.164996 0.367593
-18.119850 1.168714 0.646513
-19.730505 1.172416 0.820891
-21.341158 1.176103 0.956614
-22.951811 1.179774 1.070687
-24.562464 1.183430 1.170509
-26.173117 1.187071 1.260077
-27.783772 1.190697 1.341826
-19.864725 1.316150 -2.635790
-21.475378 1.319309 0.272323
-23.086033 1.322457 0.605123
-24.696686 1.325596 0.791094
-26.307339 1.328724 0.932434
-27.917992 1.331843 1.049946
-29.528645 1.334952 1.152139
-31.139299 1.338051 1.243462
-32.749954 1.341141 1.326575
-24.830908 1.449749 -3.294737
-26.441559 1.452523 0.095060
-28.052212 1.455290 0.559736
-29.662867 1.458050 0.759751
-31.273520 1.460803 0.907395
-32.884174 1.463549 1.028645
-34.494827 1.466288 1.133369
-36.105480 1.469020 1.226543
-37.716133 1.471745 1.311084
-29.797087 1.568515 -3.953685
-31.407742 1.571010 -0.539139
-33.018394 1.573499 0.509094
-34.629047 1.575983 0.726621
-36.239700 1.578462 0.881408
-37.850357 1.580935 1.006742
-39.461010 1.583404 1.114175
-41.071663 1.585867 1.209306
-42.682316 1.588325 1.295343
-34.763268 1.676214 -4.612632
-36.373924 1.678495 -1.198086
-37.984577 1.680771 0.451118
-39.595230 1.683043 0.691398
-41.205883 1.685311 0.854371
-42.816536 1.687575 0.984187
-44.427189 1.689835 1.094528
-46.037846 1.692091 1.191734
-47.648499 1.694342 1.279341
-39.729450 1.775265 -5.271579
-41.340103 1.777375 -1.857033
-42.950756 1.779482 0.381924
-44.561413 1.781585 0.653679
-46.172066 1.783685 0.826158
-47.782719 1.785781 0.960925
-49.393372 1.787874 1.074401
-51.004025 1.789964 1.173808
-52.614677 1.792050 1.263066
0.911476 -3.130460 0.122678
0.846492 -2.996246 0.564057
0.774181 -2.862031 0.762670
0.691745 -2.727817 0.909708
0.594061 -2.593602 1.030606
0.469625 -2.459388 1.135093
0.276931 -2.325174 1.228094
-0.805327 -2.190959 1.312503
-2.415980 -2.056745 1.390182
0.684285 0.513413 -0.479234
0.584957 0.524126 0.513961
0.457278 0.534568 0.729714
0.252649 0.544757 0.883812
-0.939548 0.554710 1.008759
-2.550201 0.564440 1.115938
-4.160854 0.573961 1.210887
-5.771508 0.583284 1.296785
-7.382162 0.592420 1.375649
0.225335 0.851936 -1.138182
-1.073768 0.857554 0.456773
-2.684422 0.863125 0.694696
-4.295075 0.868649 0.856875
-5.905729 0.874127 0.986266
-7.516382 0.879560 1.096334
-9.127036 0.884949 1.193346
-10.737689 0.890296 1.280807
-12.348343 0.895600 1.360906
-4.429296 1.069151 -1.797130
-6.039949 1.073319 0.388849
-7.650603 1.077464 0.657225
-9.261256 1.081589 0.828775
-10.871909 1.085693 0.963070
-12.482563 1.089776 1.076251
-14.093217 1.093839 1.175453
-15.703871 1.097882 1.264557
-17.314524 1.101905 1.345946
-9.395477 1.239369 -2.456077
-11.006131 1.242792 0.301903
-12.616785 1.246203 0.616767
-14.227438 1.249601 0.799365
-15.838091 1.252987 0.939110
-17.448746 1.256361 1.055656
-19.059399 1.259722 1.157188
-20.670052 1.263072 1.248022
-22.280706 1.266410 1.330758
-14.361658 1.382895 -3.115024
-15.972312 1.385851 0.164822
-17.582966 1.388798 0.572572
-19.193619 1.391737 0.768465
-20.804274 1.394668 0.914313
-22.414927 1.397590 1.034513
-24.025579 1.400505 1.138529
-25.636234 1.403411 1.231188
-27.246887 1.406309 1.315333
-19.327841 1.508731 -3.773972
-20.938494 1.511360 -0.359426
-22.549147 1.513983 0.523524
-24.159801 1.516599 0.735849
-25.770454 1.519210 0.888595
-27.381109 1.521815 1.012778
-28.991762 1.524413 1.119453
-30.602415 1.527006 1.214040
-32.213070 1.529593 1.299662
-24.294022 1.621780 -4.432919
-25.904676 1.624164 -1.018373
-27.515329 1.626544 0.467828
-29.125982 1.628920 0.701233
-30.736637 1.631290 0.861856
-32.347290 1.633656 0.990406
-33.957943 1.636017 1.099933
-35.568596 1.638374 1.196561
-37.179253 1.640726 1.283732
-29.260204 1.725053 -5.091866
-30.870857 1.727247 -1.677320
-32.481510 1.729437 0.402263
-34.092163 1.731623 0.664242
-35.702820 1.733805 0.833977
-37.313473 1.735983 0.967343
-38.924126 1.738158 1.079940
-40.534779 1.740330 1.178733
-42.145432 1.742497 1.267533
1.235091 -6.260920 0.182172
1.192775 -6.126706 0.576770
1.148347 -5.992491 0.771341
1.101496 -5.858277 0.916604
1.051823 -5.724062 1.036458
0.998816 -5.589848 1.140242
0.941785 -5.455634 1.232731
0.879775 -5.321419 1.316746
0.811393 -5.187205 1.394110
1.097470 -0.201926 -0.299522
1.047542 -0.067712 0.528224
0.994228 0.062420 0.738892
0.936823 0.131053 0.890973
0.874343 0.175299 1.014780
0.805347 0.210016 1.121205
0.727575 0.239307 1.215612
0.637118 0.264997 1.301097
0.526039 0.288082 1.379633
0.931827 0.703740 -0.958469
0.868867 0.710937 0.473235
0.799240 0.718040 0.704472
0.720594 0.725053 0.864331
0.628809 0.731979 0.992467
0.515376 0.738820 1.101727
0.355663 0.745580 1.198164
-0.268442 0.752261 1.285191
-1.879095 0.758865 1.364948
0.713523 0.965035 -1.617417
0.620356 0.969806 0.408768
0.504427 0.974547 0.667715
0.338025 0.979257 0.836562
-0.402662 0.983937 0.969469
-2.013315 0.988588 1.081778
-3.623969 0.993210 1.180369
-5.234622 0.997804 1.269017
-6.845276 1.002370 1.350048
0.319202 1.155614 -2.276364
-0.536883 1.159372 0.328396
-2.147537 1.163114 0.628135
-3.758190 1.166840 0.807526
-5.368844 1.170550 0.945725
-6.979497 1.174245 1.061326
-8.590151 1.177924 1.162207
-10.200805 1.181587 1.252561
-11.811458 1.185236 1.334923
-3.892412 1.311378 -2.935311
-5.503065 1.314552 0.212375
-7.113719 1.317716 0.585051
-8.724373 1.320870 0.777052
-10.335026 1.324014 0.921164
-11.945679 1.327147 1.040336
-13.556334 1.330271 1.143659
-15.166986 1.333385 1.235810
-16.777641 1.336489 1.319564
-8.858592 1.445562 -3.594259
-10.469245 1.448347 -0.179713
-12.079899 1.451125 0.537468
-13.690553 1.453895 0.744930
-15.301207 1.456659 0.895706
-16.911858 1.459415 1.018767
-18.522512 1.462164 1.124699
-20.133165 1.464907 1.218749
-21.743818 1.467642 1.303961
-13.824774 1.564752 -4.253206
-15.435427 1.567254 -0.838660
-17.046082 1.569752 0.483823
-18.656734 1.572244 0.710892
-20.267387 1.574731 0.869256
-21.878040 1.577212 0.996574
-23.488693 1.579688 1.105302
-25.099348 1.582159 1.201362
-26.710001 1.584625 1.288103
-18.790955 1.672775 -4.912154
-20.401609 1.675062 -1.497608
-22.012262 1.677345 0.421409
-23.622915 1.679623 0.674592
-25.233570 1.681898 0.841701
-26.844221 1.684168 0.973704
-28.454876 1.686434 1.085441
-30.065529 1.688695 1.183631
-31.676182 1.690953 1.271978
1.472537 -9.391380 0.225824
1.439395 -9.257165 0.589135
1.405191 -9.122952 0.779887
1.369827 -8.988736 0.923432
1.333190 -8.854523 1.042267
1.295146 -8.720308 1.145361
1.255538 -8.586094 1.237345
1.214180 -8.451880 1.320970
1.170843 -8.317664 1.398024
1.366825 -3.332386 -0.119809
1.330075 -3.198172 0.542015
1.291907 -3.063957 0.747925
1.252161 -2.929743 0.898060
1.210647 -2.795529 1.020753
1.167133 -2.661314 1.126440
1.121335 -2.527100 1.220313
1.072893 -2.392885 1.305390
1.021347 -2.258671 1.383602
1.248772 0.496742 -0.778756
1.207101 0.507900 0.489009
1.163409 0.518756 0.714073
1.117404 0.529332 0.871704
1.068723 0.539647 0.998618
1.016894 0.549717 1.107084
0.961294 0.559558 1.202956
0.901072 0.569183 1.289555
0.835007 0.578605 1.368974
1.113456 0.843389 -1.437704
1.064532 0.849082 0.427556
1.012414 0.854726 0.677996
0.956466 0.860321 0.844255
0.895810 0.865868 0.975813
0.829186 0.871369 1.087267
0.754666 0.876825 1.185258
0.669039 0.882236 1.273456
0.566184 0.887604 1.354134
0.951606 1.062841 -2.096651
0.890507 1.067041 0.352546
0.823311 1.071219 0.639244
0.748013 1.075375 0.815580
0.661245 1.079511 0.952278
0.556492 1.083625 1.066955
0.417467 1.087719 1.167198
0.155013 1.091792 1.257078
-1.342213 1.095845 1.339071
0.741282 1.234195 -2.755598
0.653330 1.237637 0.250315
0.546580 1.241067 0.597198
0.403101 1.244484 0.785517
0.102332 1.247888 0.927948
-1.476434 1.251280 1.046116
-3.087087 1.254660 1.148757
-4.697741 1.258028 1.240409
-6.308394 1.261383 1.323777
0.388075 1.378432 -3.414546
0.000000 1.381400 0.000000
-1.610653 1.384361 0.550966
-3.221307 1.387312 0.753868
-4.831961 1.390256 0.902743
-6.442614 1.393191 1.024709
-8.053267 1.396117 1.129912
-9.663921 1.399035 1.223433
-11.274574 1.401946 1.308241
-3.355528 1.504764 -4.073493
-4.966182 1.507402 -0.658947
-6.576835 1.510034 0.499179
-8.187489 1.512660 0.720383
-9.798142 1.515280 0.876574
-11.408795 1.517894 1.002691
-13.019450 1.520501 1.110637
-14.630103 1.523103 1.206137
-16.240757 1.525699 1.292454
-8.321710 1.618183 -4.732440
-9.932364 1.620575 -1.317895
-11.543017 1.622962 0.439533
-13.153670 1.625344 0.684740
-14.764324 1.627722 0.849333
-16.374977 1.630095 0.980012
-17.985632 1.632463 1.090906
-19.596285 1.634827 1.188502
-21.206938 1.637186 1.276403
1.667065 -12.521840 0.261587
1.639152 -12.387626 0.601177
1.610579 -12.253411 0.788312
1.581304 -12.119197 0.930194
1.551276 -11.984982 1.048033
1.520440 -11.850768 1.150450
1.488736 -11.716555 1.241936
1.456093 -11.582339 1.325177
1.422432 -11.448125 1.401922
1.578831 -6.462846 0.057418
1.548738 -6.328632 0.555373
1.517833 -6.194417 0.756817
1.486053 -6.060203 0.905073
1.453328 -5.925989 1.026680
1.419578 -5.791774 1.131642
1.384710 -5.657560 1.224990
1.348618 -5.523345 1.309664
1.311178 -5.389131 1.387555
1.483363 -0.403852 -0.599043
1.450556 -0.269638 0.504167
1.416717 -0.135424 0.723511
1.381751 -0.001209 0.878995
1.345552 0.101737 1.004719
1.307992 0.154615 1.112408
1.268925 0.193351 1.207723
1.228173 0.225065 1.293900
1.185524 0.252412 1.372985
1.378783 0.692729 -1.257991
1.342476 0.700073 0.445372
1.304797 0.707318 0.688079
1.265596 0.714468 0.851857
1.224695 0.721526 0.982102
1.181877 0.728495 1.092719
1.136875 0.735379 1.190120
1.089360 0.742179 1.277873
1.038908 0.748900 1.358203
1.262256 0.957797 -1.916938
1.221204 0.962616 0.374842
1.178214 0.967403 0.650109
1.133017 0.972159 0.823530
1.085274 0.976885 0.958773
1.034555 0.981580 1.072546
0.980293 0.986246 1.172160
0.921726 0.990882 1.261573
0.857775 0.995490 1.343201
1.129141 1.149929 -2.575885
1.081168 1.153712 0.282588
1.030177 1.157478 0.609036
0.975589 1.161228 0.793864
0.916620 1.164962 0.934666
0.852158 1.168680 1.051854
0.780544 1.172383 1.153826
0.699102 1.176069 1.244984
0.602990 1.179741 1.327971
0.970855 1.306583 -3.234833
0.911476 1.309773 0.122678
0.846492 1.312952 0.564057
0.774181 1.316121 0.762670
0.691745 1.319280 0.909708
0.594061 1.322429 1.030606
0.469625 1.325567 1.135093
0.276932 1.328696 1.228094
-0.805324 1.331815 1.312503
0.767748 1.441358 -3.893780
0.684285 1.444154 -0.479234
0.584957 1.446943 0.513961
0.457278 1.449724 0.729714
0.252650 1.452498 0.883812
-0.939545 1.455265 1.008759
-2.550199 1.458025 1.115938
-4.160852 1.460778 1.210887
-5.771506 1.463524 1.296785
0.444500 1.560976 -4.552728
0.225335 1.563487 -1.138182
-1.073767 1.565992 0.456773
-2.684420 1.568492 0.694696
-4.295074 1.570987 0.856875
-5.905727 1.573477 0.986266
-7.516381 1.575961 1.096334
-9.127034 1.578440 1.193346
-10.737688 1.580913 1.280807
1.834856 -15.652301 0.292434
1.810406 -15.518085 0.612917
1.785499 -15.383871 0.796621
1.760111 -15.249658 0.936892
1.734215 -15.115443 1.053757
1.707785 -14.981229 1.155508
1.680787 -14.847013 1.246505
1.653188 -14.712799 1.329365
1.624950 -14.578586 1.405806
1.757972 -9.593307 0.145305
1.732034 -9.459092 0.568335
1.705557 -9.324878 0.765575
1.678510 -9.190663 0.912015
1.650860 -9.056449 1.032562
1.622567 -8.922235 1.136813
1.593590 -8.788020 1.229643
1.563882 -8.653806 1.313919
1.533390 -8.519591 1.391493
1.676230 -3.534313 -0.419330
1.648527 -3.400098 0.518770
1.620179 -3.265884 0.732790
1.591143 -3.131670 0.886208
1.561372 -2.997455 1.010772
1.530812 -2.863241 1.117697
1.499405 -2.729026 1.212465
1.467083 -2.594812 1.298224
1.433771 -2.460598 1.376979
1.588691 0.479334 -1.078278
1.558856 0.490991 0.462342
1.528228 0.502309 0.697975
1.496747 0.513315 0.859370
1.464346 0.524030 0.988339
1.430947 0.534475 1.098135
1.396463 0.544666 1.194955
1.360792 0.554621 1.282271
1.323816 0.564353 1.362256
1.494083 0.834727 -1.737225
1.461602 0.840498 0.395626
1.428117 0.846216 0.660745
1.393538 0.851885 0.831382
1.357762 0.857504 0.965210
1.320672 0.863075 1.078097
1.282125 0.868600 1.177095
1.241957 0.874078 1.266046
1.199966 0.879511 1.347315
1.390603 1.056480 -2.396172
1.354724 1.060713 0.311034
1.317517 1.064925 0.620586
1.278842 1.069114 0.802098
1.238530 1.073281 0.941322
1.196378 1.077427 1.057551
1.152137 1.081552 1.158864
1.105501 1.085656 1.249538
1.056082 1.089740 1.332148
1.275548 1.228991 -3.055120
1.235091 1.232453 0.182172
1.192775 1.235902 0.576770
1.148347 1.239338 0.771341
1.101496 1.242761 0.916604
1.051823 1.246172 1.036458
0.998816 1.249570 1.140242
0.941785 1.252957 1.232731
0.879775 1.256330 1.316746
1.144540 1.373949 -3.714067
1.097470 1.376931 -0.299522
1.047542 1.379904 0.528224
0.994228 1.382868 0.738892
0.936823 1.385824 0.890974
0.874343 1.388772 1.014780
0.805346 1.391711 1.121205
0.727575 1.394642 1.215612
0.637118 1.397564 1.301097
0.989612 1.500782 -4.373014
0.931827 1.503430 -0.958468
0.868867 1.506072 0.473235
0.799240 1.508707 0.704472
0.720593 1.511336 0.864332
0.628809 1.513959 0.992467
0.515376 1.516576 1.101727
0.355662 1.519187 1.198164
-0.268444 1.521791 1.285191
1.984017 -18.782761 0.319856
1.962067 -18.648544 0.624375
1.939778 -18.514330 0.804818
1.917135 -18.380117 0.943527
1.894122 -18.245903 1.059441
1.870721 -18.111689 1.160537
1.846916 -17.977472 1.251051
1.822687 -17.843260 1.333537
1.798011 -17.709045 1.409676
1.915231 -12.723766 0.197905
1.892187 -12.589551 0.580929
1.868754 -12.455338 0.774204
1.844914 -12.321122 0.918888
1.820648 -12.186909 1.038400
1.795934 -12.052694 1.141952
1.770749 -11.918480 1.234272
1.745069 -11.784266 1.318156
1.718864 -11.650050 1.395416
1.842908 -6.664772 -0.239617
1.818605 -6.530558 0.532871
1.793853 -6.396343 0.741919
1.768628 -6.262129 0.893344
1.742905 -6.127914 1.016776
1.716656 -5.993700 1.122954
1.689851 -5.859486 1.217182
1.662457 -5.725271 1.302530
1.634436 -5.591057 1.380958
1.766504 -0.605779 -0.898565
1.740738 -0.471565 0.478566
1.714444 -0.337350 0.707691
1.687591 -0.203136 0.866798
1.660146 -0.068921 0.994523
1.632072 0.061525 1.103516
1.603328 0.130585 1.199764
1.573869 0.174952 1.286648
1.543645 0.209731 1.366292
1.685327 0.681487 -1.557512
1.657831 0.688986 0.415148
1.629703 0.696381 0.671165
1.600901 0.703675 0.839137
1.571380 0.710872 0.971590
1.541090 0.717976 1.083611
1.509972 0.724990 1.182001
1.477963 0.731916 1.270499
1.444990 0.738759 1.351412
1.598469 0.950486 -2.216459
1.568886 0.955353 0.336679
1.538529 0.960189 0.631866
1.507340 0.964992 0.810222
1.475253 0.969763 0.947916
1.442196 0.974504 1.063207
1.408085 0.979215 1.163874
1.372821 0.983895 1.254069
1.336294 0.988547 1.336308
1.504701 1.144206 -2.875407
1.472537 1.148014 0.225825
1.439395 1.151805 0.589135
1.405191 1.155580 0.779887
1.369827 1.159338 0.923432
1.333190 1.163080 1.042267
1.295146 1.166807 1.145361
1.255538 1.170517 1.237345
1.214180 1.174211 1.320970
1.402290 1.301764 -3.534354
1.366825 1.304970 -0.119808
1.330075 1.308165 0.542015
1.291907 1.311350 0.747925
1.252161 1.314524 0.898060
1.210647 1.317688 1.020753
1.167133 1.320842 1.126440
1.121335 1.323985 1.220313
1.072893 1.327119 1.305390
1.288658 1.437138 -4.193302
1.248772 1.439945 -0.778756
1.207101 1.442745 0.489009
1.163409 1.445537 0.714073
1.117404 1.448322 0.871704
1.068723 1.451100 0.998618
1.016894 1.453870 1.107084
0.961294 1.456634 1.202956
0.901072 1.459390 1.289555
2.119279 -21.913221 0.344723
2.099239 -21.779007 0.635568
2.078935 -21.644791 0.812907
2.058356 -21.510578 0.950100
2.037493 -21.376364 1.065083
2.016334 -21.242149 1.165538
1.994869 -21.107935 1.255574
1.973084 -20.973721 1.337690
1.950966 -20.839506 1.413532
2.056628 -15.854226 0.238427
2.035741 -15.720012 0.593184
2.014557 -15.585796 0.782709
1.993066 -15.451584 0.925694
1.971254 -15.317369 1.044194
1.949108 -15.183154 1.147061
1.926614 -15.048940 1.238878
1.903757 -14.914726 1.322374
1.880520 -14.780512 1.399325
1.991260 -9.795233 -0.059904
1.969421 -9.661018 0.546514
1.947247 -9.526805 0.750904
1.924723 -9.392590 0.900405
1.901835 -9.258376 1.022734
1.878566 -9.124161 1.128178
1.854897 -8.989947 1.221875
1.830812 -8.855732 1.306816
1.806287 -8.721518 1.384921
1.922830 -3.736240 -0.718852
1.899911 -3.602026 0.494127
1.876609 -3.467811 0.717237
1.852907 -3.333597 0.874143
1.828785 -3.199383 1.000658
1.804223 -3.065168 1.108863
1.779198 -2.930954 1.204548
1.753685 -2.796739 1.291006
1.727659 -2.662525 1.370313
1.850913 0.461093 -1.377799
1.826755 0.473315 0.433596
1.802155 0.485154 0.681379
1.777091 0.496640 0.846799
1.751536 0.507800 0.977915
1.725466 0.518659 1.089088
1.698850 0.529238 1.186881
1.671656 0.539555 1.274930
1.643848 0.549628 1.355492
1.774980 0.825946 -2.036746
1.749384 0.831796 0.360165
1.723269 0.837593 0.642892
1.696606 0.843338 0.818241
1.669362 0.849031 0.954450
1.641502 0.854675 1.068823
1.612986 0.860271 1.168855
1.583771 0.865818 1.258578
1.553808 0.871320 1.340450
1.694359 1.050067 -2.695694
1.667065 1.054335 0.261587
1.639152 1.058580 0.601177
1.610579 1.062803 0.788312
1.581303 1.067003 0.930194
1.551275 1.071181 1.048033
1.520440 1.075338 1.150450
1.488736 1.079473 1.241936
1.456093 1.083588 1.325177
1.608167 1.223758 -3.354641
1.578831 1.227239 0.057418
1.548738 1.230708 0.555373
1.517833 1.234163 0.756817
1.486053 1.237606 0.905073
1.453328 1.241036 1.026680
1.419578 1.244453 1.131642
1.384710 1.247858 1.224990
1.348618 1.251250 1.309664
1.515218 1.369446 -4.013588
1.483363 1.372441 -0.599043
1.450556 1.375427 0.504167
1.416716 1.378405 0.723511
1.381751 1.381374 0.878995
1.345551 1.384334 1.004719
1.307992 1.387286 1.112408
1.268925 1.390229 1.207723
1.228173 1.393164 1.293900
2.243681 -25.043680 0.367593
2.225157 -24.909466 0.646513
2.206421 -24.775251 0.820891
2.187465 -24.641037 0.956614
2.168281 -24.506823 1.070687
2.148864 -24.372608 1.170509
2.129203 -24.238394 1.260077
2.109292 -24.104179 1.341826
2.089121 -23.969965 1.417373
2.185875 -18.984688 0.272323
2.166672 -18.850473 0.605123
2.147234 -18.716257 0.791094
2.127554 -18.582045 0.932434
2.107621 -18.447830 1.049946
2.087428 -18.313616 1.152139
2.066964 -18.179401 1.243462
2.046221 -18.045187 1.326575
2.025187 -17.910973 1.403219
2.125902 -12.925693 0.095059
2.105948 -12.791478 0.559736
2.085733 -12.657264 0.759751
2.065247 -12.523049 0.907395
2.044479 -12.388835 1.028646
2.023421 -12.254621 1.133369
2.002059 -12.120406 1.226543
1.980382 -11.986192 1.311084
1.958377 -11.851977 1.388869
2.063527 -6.866700 -0.539139
2.042736 -6.732485 0.509094
2.021652 -6.598271 0.726621
2.000265 -6.464056 0.881408
1.978561 -6.329842 1.006742
1.956528 -6.195627 1.114175
1.934151 -6.061413 1.209306
1.911417 -5.927199 1.295343
1.888309 -5.792984 1.374318
1.998468 -0.807705 -1.198086
1.976738 -0.673490 0.451118
1.954676 -0.539276 0.691398
1.932271 -0.405062 0.854371
1.909506 -0.270847 0.984187
1.886366 -0.136633 1.094528
1.862832 -0.002419 1.191734
1.838888 0.101142 1.279341
1.814512 0.154219 1.359555
1.930387 0.669999 -1.857033
1.907592 0.677663 0.381924
1.884420 0.685216 0.653679
1.860853 0.692663 0.826158
1.836873 0.700007 0.960925
1.812461 0.707253 1.074401
1.787592 0.714404 1.173808
1.762245 0.721463 1.263066
1.736393 0.728433 1.344574
1.858871 0.943099 -2.515981
1.834856 0.948017 0.292434
1.810406 0.952902 0.612917
1.785499 0.957753 0.796621
1.760111 0.962572 0.936892
1.734215 0.967360 1.053757
1.707785 0.972116 1.155508
1.680787 0.976842 1.246505
1.653188 0.981538 1.329365
1.783402 1.138444 -3.174928
1.757973 1.142278 0.145305
1.732034 1.146095 0.568335
1.705557 1.149895 0.765575
1.678510 1.153678 0.912015
1.650860 1.157444 1.032562
1.622567 1.161195 1.136813
1.593590 1.164929 1.229643
1.563882 1.168647 1.313919
1.703325 1.296922 -3.833876
1.676230 1.300143 -0.419330
1.648527 1.303354 0.518770
1.620179 1.306555 0.732790
1.591143 1.309744 0.886208
1.561372 1.312924 1.010772
1.530812 1.316093 1.117697
1.499405 1.319252 1.212465
1.467083 1.322401 1.298224
