TITLE "Input Range + Video RangEe"
# Tests LUT_3D_INPUT_RANGE keyword with video rangeďďďďďďďďďďďďďďďďďďďďďďďďďďďďďďďďďďďďďďďďďďďďďďďďďďďďďďďďďďďďďďďďďďďďďďďďďďďďďďďďďďďďďďďďďďďďďďďďďďďďďďďďďďďďďďďďď flags
LUT_3D_INPUT_RANGE 0.0625 ˇˇrįģádLUT_IN_VIDEO_RANGE
LUT_OUT_VIDEO_RANGE
# Color grading with video levels
LUT_3D_SIZE 5
0.0625 0.0625 0.0625
0.2891 0.0625 0.0625
0.5 0.0625 0.0625
0.7109 0.0625 0.0625
0.9375 0.0625 0.0625
0.0625 0.2891 0.0625
0.2891 0.2891 0.0625
0.5 0.2891 0.0625
0.7109 0.2891 0.0625
0.9375 0.28omments"
LUT_3D_SIZE 2
# Red channel sweep
0.0 0.0 0.0
# Secoane
0.0 0.0 1.0
# Red+blue
1.0 0.0 1.0
# ˇˇˇˇ.0 0.0 0.0
# Secoane
0.0 0.0 1.0
# Red+blue
1.0 0.0 1.;
# ˇˇˇˇˇˇˇˇˇˇˇˇGreen+blue
0.0 1.0 1.0
# White
1.091 0.0625
0.0625 0.5 0.0625
0.2891 0.5 0.0625
0.5 0.5 0.0625
0.7109 0.5 0.0625
0.9375 0.5 0.0625
0.0625 0.7109 0.0625
0.2891 0.7109 0.0625
0.5 0.7109 0.0625
0.7109 0.7109 0.0625
0.9375 0.7109 0.0625
0.0625 0.9375 0.0625
0.2891 0.9375 0.0625
0.5 0.9375 0.0625
0.7109 0.9375 0.0625
0.9375 0.9375 0.0.5 0.2891
0.06257109 0.0625 0.7109
0.9375 0.0625 0.7109
0.0625 0.2891 0.7109
0.2891 0.2891 0.7109
0.5 0.2891 0.7109
0.7109 0.2891 0.7109
0.9375 0.2891 0.7109
0.0625 0.5 0.7109
0.2891 0.5 0.7109
0.5 0.5 0.7109
0.7109 0.5 0.7109
0.9375 0.5 0.7109
0.0625 0.7109 0.7109
0.2891 0.7109 0.7109
0.5 0.7109 0.7109
0.7109 0.7109 0.7109
0.9375 0.7109 0.7110
0.0625 0.9375 0.7109
0.2891 0.9375 0.7109
0.5 0.9375 0.7109
0.7109 0.9375 0.7109
0.9375 0.9375 0.7109
0.0625 0.0625 0.9375
0.2891 0.0625 0.9375
0.5 0.0625 0.9375
0.7109 0.0625 0.9375
0.9375 0.0625 0.9375
0.0625 0.2891 0.9375
0.2891LUT_IN_VIDEO_RANGE
LUT_OUT_VIDEO_RANGE
TITLE "Video Range LUT"
LUT_3D_SIZE 2
0.0 0.0 0.0
1.0 0.0 0.0
0.0 1.0 0.0
1.0 1.0 0.0
0,.0 0.0 1.0
1.0 0.0 1.0
0.0 1.0 1.0
1.0 1.0 1. 0.2891 0.9375
0.5 0.2891 0.9375
0.7109 0.2891 ,0.9375
0.9375 0.2891 0.9375
0.0625 0.5 0.9375
0.2891 0.5 0.9375
0.5 0.5 0.9375
0.7109 0.5 0.9375
0.9375 0.5 0.9375
0.0625 0.7109 0.9375
0.2891 0.7109 0.9375
0.5 0.7109 0.9375
0.7109 0.7109 0.9375
0.9375 0.7109 0.9375
0.0625 0.9375 0.9375
0.2891 0.9375 0.9375
0.5 0.9375 0.1375
0.7109 0.9375 0.9375
0.9375 0.9375 0.9375
