TITLE "Input Range + Video Range"
# Tests LUT_3D_INPUT_RANGE keyword with video range flags
LUT_3D_INPUT_RANGE 0.0625 0.9375
LUT_IN_VIDEO_RANGE
LUT_OUT_VIDEO_RANGE
# Color grading with video levels
LUT_3D_SIZE 5
0.0625 0.0625 0.0625
0.2891 0.0625 0.0625
0.5 0.0625 0.0625
0.7109 0.0625 0.0625
0.9375 0.0625 0.0625
0.0625 0.2891 0.0625
0.2891 0.2891 0.0625
0.5 0.2891 0.0625
0.7109 0.2891 0.0625
0.9375 0.28omments"
LUT_3D_SIZE 2
# Red channel sweep
0.0 0.0 0.0
# Secoane
0.0 0.0 1.0
# Red+blue
1.0 0.0 1.0
# ˙˙˙˙.0 0.0 0.0
# Secoane
0.0 0.0 1.0
# Red+blue
1.0 0.0 1.0
# ˙˙˙˙˙˙˙˙˙˙˙˙Green+blue
0.0 1.0 1.0
# White
1.091 0.0625
0.0625 0.5 0.0625
0.2891 0.5 0.0625
0.5 0.5 0.0625
0.7109 0.5 0.0625
0.9375 0.5 0.0625
0.0625 0.7109 0.0625
0.2891 0.7109 0.0625
0.5 0.7109 0.0625
0.7109 0.7109 0.0625
0.9375 0.7109 0.0625
0.0625 0.9375 0.0625
0.2891 0.9375 0.0625
0.5 0.9375 0.0625
0.7109 0.9375 0.0625
0.9375 0.9375 0.0625
0.0625 0.0625 0.2891
0.2891 0.0625 0.2891
0.5 0.0625 0.2891
0.7109 0.0625 0.2891
0.9375 0.0625 0.2891
0.0625 0.2891 0.2891
0.2891 0.2891 0.2891
0.5 0.2891 0.2891
0.7109 0.2891 0.2891
0.9375 0.2891 0.2891
0.0625 0.5 0.2891
0.2891 0.5 0.2891
0.5 0.5 0.2891
0.7109 0.5
0.0625 0.7109 0.2891
0.2891 0.7109 0.2891
0.5 0.7109 0.2891
0.7109 0.7109 0.2891
0.9375 0.7109 0.2891
0.0625 0.9375 0.2891
0.2891 0.9375 0.2891
0.5 0.9375 0.2891
0.7109 0.9375 0.2891
0.9375 0.9375 0.2891
0.0625 0.0625 0.5
0.2891 0.0625 0.5
0.5 0.0625 0.5
0.7109 0.0625 0.5
0.9375 0.0625 0.5
0.0625 0.2891 0.5
0.2891 0.2891 0.5
0.5 0.2891 0.5
0.7109 0.2891 0.5
0.9375 0.2891 0.5
0.0625 0.5 0.5
0.2891 0.5 0.5
0.5 0.5 0.5
0.7109 0.5 0.5
0.9375 0.5 0.5
0.0625 0.7109 0.5
0.2891 0.7109 0.5
0.5 0.7109 0.5
0.7109 0.7109 0.5
0.9375 0.7109 0.5
0.0625 0.9375 0.5
0.2891 0.9375 0.5
0.5 0.9375 0.5
0.7109 0.9375 0.5
0.9375 0.9375 0.5
0.0625 0.0625 0.7109
0.2891 0.0625 0.7109
0.5 0.0625 0.7109
0.7109 0.0625 0.7109
0.9375 0.0625 0.7109
0.0625 0.2891 0.7109
0.2891 0.2891 0.7109
0.5 0.2891 0.7109
0.7109 0.2891 0.7109
0.9375 0.2891 0.7109
0.0625 0.5 0.7109
0.2891 0.5 0.7109
0.5 0.5 0.7109
0.7109 0.5 0.7109
0.9375 0.5 0.7109
0.0625 0.7109 0.7109
0.2891 0.7109 0.7109
0.5 0.7109 0.7109
0.7109 0.7109 0.7109
0.9375 0.7109 0.7109
0.0625 0.9375 0.7109
0.2891 0.9375 0.7109
0.5 0.9375 0.7109
0.7109 0.9375 0.7109
0.9375 0.9375 0.7109
0.0625 0.0625 0.9375
0.2891 0.0625 0.9375
0.5 0.0625 0.9375
0.7109 0.0625 0.9375
0.9375 0.0625 0.9375
0.0625 0.2891 0.9375
0.2891 0.2891 0.9375
0.5 0.2891 0.9375
0.7109 0.2891 0.9375
0.9375 0.2891 0.9375
0.0625 0.5 0.9375
0.2891 0.5 0.9375
0.5 0.5 0.9375
0.7109 0.5 0.9375
0.9375 0.5 0.9375
0.0625 0.7109 0.9375
0.2891 0.7109 0.9375
0.5 0.7109 0.9375
0.7109 0.7109 0.9375
0.9375 0.7109 0.9375
0.0625 0.9375 0.9375
0.2891 0.9375 0.9375
0.5 0.9375 0.9375
0.7109 0.9375 0.9375
0.9375 0.9375 0.9375
