<?xml version="1.0" encoding="UTF-8"?>
<IccProfile>
  <Header>
    <PreferredCMMType>ADBE</PreferredCMMType>
    <ProfileVersion>620 22460 56844 51230 22607 55088 51784 22759 53402 52219 22833 51762 52619 22879 50129 52951 22959 48488 53204 23101 46816 53456 23244 45130 53676 23499 43369 53889 23760 41585 54071 24080 39703 54247 24433 37777 54415 24910 35748 54587 25469 33645 54871 26155 31427 55281 26943 29148 55788 27876 26703
          53110 20943 56896 53650 21141 55402 54190 21254 53950 54596 21348 52456 54946 21423 50946 55214 21568 49400 55470 21719 47825 55658 21905 46203 55833 22102 44541 56021 22315 42837 56198 22534 41112 56367 22849 39245 56550 23170 37367 56689 23713 35254 56916 24318 33085 57159 25106 30683 57559 25954 28203
          21319 50119 45996 21570 50380 43854 21642 50752 41765 21619 51139 39600 21524 51515 37385 21476 51841 35214 21422 52153 33049 21386 52436 31083 21345 52685 29143 21281 52973 27304 21243 53220 25511 21196 53355 23726 21018 53469 21906 21163 53435 20151 21566 53204 18517 21688 53100 16843 22264 52990 15554
          22685 48734 46620 23166 48819 44372 23395 49092 42245 23518 49415 40084 23552 49771 37845 23581 50120 35639 23606 50458 33452 23582 50854 31427 23544 51237 29470 23557 51583 27624 23581 51911 25869 23598 52165 24111 23652 52162 22196 23717 52149 20343 23971 51996 18825 24229 51851 17298 24595 51776 15914
          23891 47382 47320 24500 47374 44934 24868 47550 42776 25202 47749 40610 25426 48040 38365 25587 48373 36136 25676 48764 33914 25696 49239 31820 25664 49722 29886 25677 50146 28011 25748 50522 26255 25787 50891 24548 25870 50897 22578 25947 50931 20609 26175 50802 19103 26407 50678 17581 26705 50581 16097
          25115 46091 48171 25795 45989 45602 26334 46019 43358 26841 46079 41186 27228 46297 38968 27564 46550 36750 27702 46940 34581 27802 47363 32435 27811 47939 30481 27795 48512 28541 27879 49015 26717 27954 49433 24984 28065 49577 23059 28183 49659 257.071042 28363 49569 19422 28556 49436 17888 28757 49316 16345
          26337 44823 49347 27201 44567 46461 27897 44435 44075 28519 44410 41890 29052 44522 39689 29505 44743 37462 29749 45099 35313 29916 45476 33205 29984 45995 31224 30006 46548 29293 30094 47050 27399 30182 47543 25571 30284 47903 23714 30432 48077 21752 30623 48169 19986 30909 48187 18500 31252 48218 16798
          28022 43221 50060 28908 42935 47428 29762 42694 44986 30425 42638 42754 31025 42633 40538 31491 42831 38367 31872 43096 36216 32089 43496 34122 32234 43952 32083 32260 44526 30137 32282 45090 28184 32421 45555 26275 32526 46022 24424 32748 46298 22575 32942 46542 20702 33263 46738 19187 33633 46946 17523
          29872 41507 50920 30909 41162 48297 31740 40962 45969 32451 40847 43690 33080 40784 41431 33549 40937 39281 33972 41138 37169 34257 41520 35091 34485 41925 33012 34587 42458 31076 34638 43013 29162 34737 43512 27174 34838 43994 25204 35049 44432 23351 35292 44793 21512 35587 45128 19825 35977 45470 18230
          32077 39607 51916 33210 39222 49360 33994 39063 47103 34740 38929 44851 35372 38910 42623 35921 38968 40427 36282 39195 38300 36571 39494 36181 36756 39929 34085 36904 40411 32045 36985 40973 30117 37091 41487 28192 37272 41901 26151 37460 42355 24214 37762 42856 22460 38052 43295 20685 38427 43768 18989
          34260 37727 53060 35301 37404 50561 36189 37160 48258 36959 37008 45976 37636 37003 43758 38220 37073 41574 38613 37257 39446 38919 37478 37330 39127 37858 35252 39299 38277 33194 39454 38796 31221 39552 39353 29305 39728 39856 27314 39950 40279 25251 40253 40816 23362 40601 41378 21597 40985 41946 19757
          36610 35817 54079 37669 35562 51726 38610 35351 49484 39405 35238 47234 40148 35145 44987 40654 35236 42824 41095 35349 40672 41342 35571 38559 41555 35829 36459 41698 36225 34415 41854 36665 32371 42073 37203 30381 42248 37744 28442 42504 38295 26468 42753 38802 24489 43104 39447 22645 43466 40076 20669
          39335 33853 55130 40286 33721 52768 41114 33568 50622 41876 33448 48447 42563 33367 46190 43088 33385 44013 43458 33501 41889 43731 33694 39786 43934 33950 37698 44112 34255 35658 44269 34602 33649 44485 35122 31635 44728 35714 29628 45001 36280 27644 45316 36814 25660 45631 37447 23744 45999 38213 21678
          42124 31787 56183 42915 31771 53877 43678 31689 51712 44409 31599 49573 45033 31537 47389 45582 31483 45206 45891 31613 43122 46169 31750 41046 46333 32053 38968 46475 32351 36885 46674 32653 34884 46870 32896 32896 47161 33613 30883 47429 34240 28881 47824 34876 26908 48229 35471 24921 48624 36214 22839
          44756 29665 57138 45538 29684 54825 46233 29673 52662 46863 29630 50537 47424 29599 48422 47869 29619 46320 48237 29703 44264 48505 29873 42254 48729 30099 40238 48884 30427 38206 49041 30779 36179 49240 31157 34187 49470 31589 32183 49774 32223 30147 50113 32864 28126 50522 33613 26127 50945 34397 23968
          47227 27694 57728 47965 27741 55461 48615 27760 53369 49188 27745 51328 49723 27724 49326 50090 27796 47355 50420 27870 45385 50680 28053 43431 50919 28246 41474 51111 28541 39485 51282 28876 37492 51464 29318 35494 51653 29754 33497 51937 30341 31458 52268 30988 29416 52624 31732 27341 53072 32610 25083
          49692 25933 57985 50339 25949 55860 50910 25947 53936 51418 25958 52054 51875 25966 50191 52245 26029 48336 52519 26159 46474 52771 26318 44607 52992 26576 42734 53204 26825 40845 53363 27188 38884 53524 27533 36916 53737 27996 34860 53960 28427 32816 54364 29174 30668 54731 29897 28563 55140 30825 26115
          52156 24114 57975 52683 24186 56158 53189 24257 54427 53688 24277 52732 54069 24286 51004 54407 24313 49267 54653 24441 47511 54883 24575 45736 55083 24838 43934 55267 25141 42106 55439 25467 40238 55599 25842 38318 55759 26250 36349 55936 26766 34256 56182 27324 32113 56645 28122 29833 57150 28998 27461
          54755 22353 58104 55305 22401 56507 55804 22481 54978 56271 22559 53450 56579 22680 51856 56777 22863 50209 56954 23041 48535 57148 23196 46852 57300 23367 45139 57446 23595 43375 57594 23831 41591 57756 24137 39725 57940 24466 37822 58108 24954 35'792 58297 25504 33672 58551 26202 31403 58964 27063 28961
          23180 51255 47003 23490 51518 44913 23437 52050 42827 23420 52544 40791 23195 53011 38530 23171 53266 36350 23004 53573 34205 22995 53750 32159 23020 53901 30267 23024 54052 28412 22940 54258 26730 22846 54449 25052 22635 54550 23292 22758 54460 21538 22593 54480 19800 23206 54116 18251 23315 53985 16591
          24591 49920 47645 25045 50048 45449 25231 50350 43339 25326 50732 41257 25383 51053 39046 25421 51356 36813 25430 51684 34650 25417 52017 32523 25362 52392 30606 25309 52732 28685 25301 53070 27030 25268 53340 25404 25243 53436 23683 25231 53395 21811 25280 53314 20048 25480 53080 18539 25691 52848 16976
          25767 48767 48552 26386 48763 46038 26783 48888 43847 27042 49142 41696 27230 49403 39508 27382 49672 37291 27462 49996 35101 27511 50331 32919 27485 50768 31032 27430 51180 29155 27423 51571 27432 27403 51964 25784 27361 52284 24107 27378 52213 22171 27413 52160 20300 27627 51918 18798 27837 51690 17220
          26979 47519 49481 27679 47423 46749 28223 47381 44450 28625 47522 42276 28989 47705 40095 29264 47968 37879 29424 48300 35684 29490 48683 33471 29498 49183 31485 29504 49629 29654 29517 50044 27886 29538 50444 26210 29520 50857 24577 29571 50849 22635 29613 50863 20678 29810 50692 19142 30037 50531 17507
          28233 46293 50554 29077 46060 47575 29756 45878 45131 30293 45910 42963 30792 45959 40804 31168 46184 38584 31467 46446 36396 31592 46817 34285 31668 47239 32227 31657 47774 30350 31632 48304 28494 31650 48820 26723 31650 49288 25021 31723 49427 23169 31811 49475 21239 32016 49465 19587 32360 49435 17805
          29800 44914 51366 30804 44501 48371 31508 44321 45996 32112 44249 43767 32656 44224 41586 33106 44373 39392 33498 44590 37184 33671 44965 35089 33804 45338 33018 33837 45848 31124 33836 46368 29268 33874 46855 27431 33900 47338 25638 33959 47708 23838 34104 47863 21960 34281 48008 20161 34628 48175 18469
          31776 43090 52211 32907 42663 49179 33562 42550 46952 34198 42452 44728 34751 42429 42520 35237 42484 40334 35584 42702 38184 35844 42999 36059 35989 43410 33980 36066 43883 31978 36063 44447 30091 36053 44997 28202 36150 45428 26341 36214 45860 24526 36427 46108 22710 36617 46333 20879 36959 46644 19174
          33735 41379 53024 34794 41015 50366 35647 40772 48031 36335 40632 45764 36928 40587 43535 37451 40605 41328 37761 40811 39175 38019 41045 37025 38208 41448 34981 38366 41855 32936 38418 42392 31053 38429 42946 29188 38523 43402 27256 38629 43823 25331 38842 44237 23521 39135 44604 21760 39465 44975 19911
          35815 39584 54049 36914 39199 51507 37899 38906 49183 38593 38795 46923 39232 38718 44701 39731 38778 42515 40134 38888 40341 40363 39107 38188 40554 39404 36078 40699 39821 34054 40804 40291 32085 40811 40863 30227 40849 41398 28366 41076 41765 26337 41284 42160 24384 41624 42672 22636 41976 43172 20711
          38279 37658 55004 39316 37363 52507 40135 37144 50264 40862 37001 48055 41563 36900 45859 42080 36917 43676 42485 36999 41492 42723 37205 39366 42906 37445 37253 43045 37823 35225 43158 38224 33214 43289 38723 31270 43374 39251 29382 43538 39743 27441 43762 40184 25444 44053 40704 23521 44431 41298 21521
          41024 35680 56021 41925 35515 53562 42685 35358 51401 43419 35208 49264 44043 35123 47063 44595 35061 44875 44897 35164 42717 45150 35302 40568 45292 35574 38478 45421 35864 36405 45531 36234 34405 45642 36649 32404 45864 37171 30436 46048 37678 28513 46343 38202 26571 46618 38695 24609 46994 39427 22404
          43620 33858 57116 44417 33754 54765 45159 33634 52543 45843 33515 50386 46449 33410 48213 46951 33349 46031 47297 33387 43905 47534 33494 41815 47698 33703 39731 47810 33979 37648 47954 34274 35628 48095 34588 33646 48299 35068 31657 48556 35625 29674 48890 36177 27695 49300 36740 25703 49642 37411 23626
          46080 32015 58147 46866 31908 55776 47578 31817 53577 48236 31682 51402 48858 31531 49234 49278 31522 47116 49649 31528 45020 49856 31662 43000 50051 31790 40978 50149 32092 38917 50229 32383 36843 50429 32668 34866 50620 32896 32896 50901 33570 30917 51165 34164 28948 51541 34873 26944 51969 35646 24682
          48598 29933 58855 49347 29864 56507 49983 29814 54382 50567 29749 52283 51089 29678 50200 51497 29661 48153 51794 29688 46132 52043 29784 44137 52245 29954 42167 52413 30187 40185 52534 30512 38179 52673 30850 36172 52861 31201 34185 53088 31613 32186 53429 32214 30168 53789 32847 28139 54181 33754 25895
          51021 27971 59304 51733 27928 56966 52298 27911 54977 52830 27898 53026 53281 27876 51060 53689 27852 49115 53914 27919 47188 54132 27982 45257 54339 28167 43340 54539 28352 41415 54704 28645 39457 54846 28987 37507 55017 29390 35514 55208 29785 33500 55534 30391 31417 55930 31073 29329 56354 31842 27106
          53535 26036 59367 54162 26033 57273 54682 26031 55493 55192 26017 53732 55557 26028 51915 55845 26060 50070 56078 26147 48232 56271 26276 4,6398 56452 26438 44554 56618 26694 42686 56781 26943 40803 56932 27287 38879 57077 27618 36952 57247 28051 34877 57428 28433 32802 57939 29273 30583 58459 30034 28385
          56264 24018 59478 56903 23995 57682 57570 23878 56072 57965 23933 54461 58387 23951 52853 58416 24175 51083 58449 24372 49289 58607 24530 47546 58762 24699 45794 58899 24964 44005 59030 25263 42184 59159 25577 40315 59301 25924 38391 59464 26290 36421 59697 26756 34311 59970 27337 32122 60422 28186 29736
          25250 52220 47871 25439 52546 45871 25213 53259 43798 25193 53735 41814 25194 54051 39744 25143 54292 37556 25070 54509 35443 25035 54661 33369 25026 54801 31461 24948 54972 29602 24878 55132 27882 24780 55292 26280 24547 55502 24656 24437 55463 22930 24557 55324 21210 24617 55202 19553 24796 54994 17988
          26563 51016 48491 26921 51182 46431 27190 51410 44412 27300 51770 42339 27373 52131 40234 27418 52425 37996 27420 52748 35808 27385 53091 33674 27291 53409 31725 27167 53673 29903 27061 53920 28169 26979 54159 26599 26888 54375 25029 26818 54394 23300 26761 54338 21487 26795 54225 19782 26949 54019 18209
          27770 49971 49142 28233 50015 47005 28676 50051 44921 28925 50287 42798 29138 50540 40687 29283 50802 38479 29382 51095 36285 29400 51435 34133 29375 51806 32111 29285 52201 30289 29176 52589 28485 29095 53010 26896 28993 53356 25347 28908 53472 23655 28845 53413 21768 28847 53345 19957 29055 52998 18437
          28954 48961 49925 29565 48844 47628 30145 48722 45471 30517 48867 43317 30825 49084 41178 31044 49317 38998 31235 49554 36821 31302 49873 34674 31343 50212 32571 31308 50628 30783 31239 51031 28991 31188 51431 27337 31116 51833 25733 31031 52137 24091 31022 52033 22208 31028 51956 20358 31230 51757 18778
          30414 47527 51138 31145 47350 48364 31716 47255 46168 32194 47271 44011 32590 47392 41867 32918 47590 39691 33176 47841 37493 33293 48178 35356 33348 48544 33212 33318 49031 31330 33293 49463 29557 33269 49870 27843 33235 50269 26194 33172 50669 24581 33207 50639 22719 33242 50628 20855 33485 50568 19012
          32034 46086 52226 32881 45828 49090 33442 45773 46946 33984 45732 44805 34450 45774 42659 34867 45860 40504 35162 46080 38305 35363 46355 36153 35444 46713 34071 35476 47128 32085 35438 47644 30271 35384 48150 28477 35355 48622 26737 35293 49102 25043 35349 49257 23228 35440 49316 21352 35653 49409 19562
          33838 44635 53020 34721 44311 50193 35395 44142 47900 35975 44068 45739 36484 44054 43574 36945 44076 41402 37238 44268 39225 37467 44496 37031 37549 44893 34941 37616 45275 32867 37614 45785 31043 37583 46295 29242 37595 46737 27453 37602 47157 25696 37649 47499 23932 37816 47668 22106 38007 47857 20229
          35724 43033 53836 36646 42662 51288 37512 42381 48961 38106 42309 46762 38644 42260 44578 39088 42302 42391 39435 42412 40210 39623 42633 38028 39773 42940 35916 39884 43335 33879 39920 43804 31926 39868 44371 30083 39824 44904 28235 39906 45276 26408 39966 45646 24623 40256 45930 22894 40558 46217 21028
          37731 41321 54842 38783 40925 52302 39660 40678 50047 40306 40540 47836 40837 40452 45639 41279 40485 43451 41659 40555 41252 41849 40755 39072 42007 40972 36896 42130 41377 34919 42229 41767 32921 42242 42294 31084 42222 42839 29268 42310 43273 27376 42429 43649 25472 42641 44057 23657 42953 44491 21764
          40380 39367 55878 41330 39045 53246 42046 38889 51107 42715 38742 48971 43249 38672 46795 43711 38639 44619 44012 38718 42408 44242 38857 40232 44387 39100 38128 44497 39404 36067 44543 39796 34063 44579 40230 32104 44595 40733 30252 44624 41225 28416 44858 41640 26462 45048 42050 24545 45402 42602 22576
          42941 37498 56843 43729 37279 54448 44432 37091 52211 45098 36929 50078 45648 36850 47925 46107 36808 45759 46406 36868 43582 46633 36977 41398 46758 37219 39297 46856 37482 37208 46925 37837 35213 46970 38210 33234 47092 38677 31311 47176 39159 29432 47352 39636 27508 47608 40089 25530 47909 40619 23460
          45470 35685 57994 46232 35531 55615 46918 35392 53367 47539 35273 51211 48115 35158 49055 48521 35116 46903 48875 35100 44763 49054 35206 42648 49201 35346 40539 49265 35612 38453 49329 35887 36392 49386 36209 34408 49452 36570 32423 49697 37068 30482 49888 37561 28580 50217 38147 26632 50535 38715 24605
          47855 33923 59049 48611 33825 56652 49257 33722 54472 49834 33602 52304 50363 33460 50133 50781 33388 47992 51111 33364 45881 51319 33426 43813 51455 33541 41765 51550 33752 39705 51614 34017 37635 51728 34291 35634 51851 34576 33672 52043 35018 31714 52290 35551 29770 52586 36137 27801 52992 36833 25698
          50136 32105 59844 50831 32023 57563 51454 31906 55399 52057 31780 53250 52561 31665 51113 53021 31573 48996 53290 31559 46955 53525 31562 44922 53653 31715 42926 53772 31863 40926 53858 32146 38902 53935 32410 36869 54123 32679 34884 54318 32896 32896 54619 33572 30926 54893 34174 28951 55243 34941 26826
          52522 30110 60444 53223 30015 58086 53757 29944 56033 54259 29876 54016 54694 29815 51995 55072 29760 49968 55344 29752 47978 55550 29778 46008 55736 29885 44056 55897 30060 42116 56039 30288 40172 56160 30584 38224 56302 30883 36250 56505 31210 34219 56777 31627 32162 57192 32268 30091 57638 32940 27972
          54891 28151 60659 55492 28085 58533 56020 28036 56594 56499 27996 54715 56934 27955 52841 57216 27935 50896 57471 27933 48967 57651 28009 47091 57831 28080 45216 57995 28279 43322 58159 28472 41415 58308 28765 39488 58446 29097 37566 58634 29477 35557 58862 29866 33501 59245 30478 31376 59698 31179 29204
          57494 26127 60771 58098 26073 58880 58683 25994 57090 59077 26006 55368 59455 26025 53658 59644 26124 51866 59805 26219 50057 59985 26318 48271 60156 26438 46493 60284 26606 44680 60432 26836 42833 60545 27078 40948 60683 27390 39000 60826 27699 37042 61089 28164 34928 61414 28654 32803 62078 29344 30473
          27344 53107 48639 27535 53434 46766 27568 53884 44918 27291 54537 42835 27337 54879 40912 27252 55148 38750 27156 55396 36624 27051 55573 34618 26989 55699 32640 26809 55889 30856 26717 56004 29057 26563 56157 27458 26282 56358 25870 26259 56390 24306 26093 56350 22613 26134 56225 20929 26117 56121 19241
          28625 51976 49237 28963 52158 47291 29260 52376 45422 29401 52690 43406 29466 53052 41368 29483 53383 39184 29454 53692 36981 29365 53990 34920 29252 54266 32884 29089 54517 31123 28922 54742 29359 28784 54962 27750 28656 55165 26216 28522 55351 24682 28423 55303 22953 28328 55242 21192 28333 55119 19486
          29905 50928 49897 30358 50978 47826 30744 51082 45876 31004 51282 43859 31148 51560 41791 31249 51853 39657 31322 52164 37466 31321 52512 35319 31283 52879 33170 31157 53251 31354 30998 53542 29631 30857 53819 28007 30736 54082 26491 30608 54325 24975 30496 54321 23267 30400 54252 21456 30390 54110 19704
          31206 49877 50668 31703 49853 48409 32156 49869 46396 32540 49951 44370 32792 50163 42279 32999 50404 40178 33144 50671 38015 33217 50976 35878 33224 51313 33750 33168 51684 31838 33055 52069 30089 32921 52450 28373 32795 52839 26804 32649 53207 25269 32536 53276 23607 32455 53144 21779 32454 52980 19954
          32560 48748 51775 33167 48640 49066 33706 48607 47041 34206 48592 45018 34520 48803 42898 34792 49037 40786 34954 49273 38610 35089 49508 36470 35136 49796 34392 35145 50122 32397 35081 50531 30672 34988 50925 28945 34900 51302 27317 34791 51675 25724 34697 51947 24097 34715 51882 22289 34744 51830 20335
          34334 47343 52904 35034 47170 50040 35560 47106 47870 36036 47099 45806 36425 47185 43702 36744 47334 41574 36952 47551 39405 37103 47794 37219 37149 48110 35130 37169 48421 33042 37090 48913 31232 37015 49376 29501 36961 49764 27832 36896 50126 26203 36805 50492 24595 36883 50528 22781 36961 50574 20914
          36067 46063 53671 36783 45803 51053 37419 45630 48789 37928 45632 46713 38395 45646 44633 38766 45727 42483 39055 45853 40323 39186 46068 38130 39277 46341 36007 39318 46677 33967 39300 47080 32039 39210 47579 30271 39105 48065 28509 39068 48464 26798 39002 48873 25117 39059 49084 23337 39185 49196 21477
          37888 44727 54555 38751 44324 52078 39459 44088 49853 40008 43998 47719 40476 43955 45613 40866 43993 43454 41220 44073 41279 41326 44275 39073 41380 44497 36857 41438 44868 34814 41487 45217 32777 41444 45730 31034 41365 46231 29286 41356 46627 27533 41372 46978 25796 41436 47302 24069 41656 47545 22253
          40186 42889 55731 41053 42513 52995 41730 42385 50888 42324 42277 48788 42747 42242 46656 43117 42235 44511 43395 42307 42301 43597 42439 40117 43704 42661 37969 43753 42956 35882 43748 43314 33850 43725 43747 31926 43679 44282 30138 43629 44799 28348 43701 45148 26522 43765 45480 24746 44017 45828 22941
          42716 41056 56706 43501 40803 54146 44137 40647 51956 44698 40521 49858 45116 40459 47734 45453 40436 45596 45671 40488 43377 45837 40566 41129 45947 40794 39025 46046 41025 36925 46057 41409 34947 46037 41776 32953 46046 42248 31133 46031 42736 29345 46120 43171 27495 46252 43554 25615 46432 43977 23699
          45309 39191 57721 45996 39034 55334 46603 4.20</ProfileVersion>
    <ProfileDeviceClass>scnr</ProfileDeviceClass>
    <DataColourSpace>RGB </DataColourSpace>
    <PCS>XYZ </PCS>
    <CreationDateTime>2008-10-24T00:00:00</CreationDateTime>
    <ProfilmFlags EmbeddedInFile="false" UseWithEmbeddedDataOnly="false"/>
    <DeviceAttributes ReflectiveOrTransparency="reflective" GlossyOrMatte="glossy" MediaPolarity="positive" MediaColour="colour"/>
    <RenderingIntent>Relative Colorimetric</RenderingIntent>
    <PCSIlluminant>
      <XYZNumber X="0.964202880859" Y="1.000000000000" Z="0.824905395508"/>
    </PCSIlluminant>
    <ProfileCreator>ADBE</ProfileCreator>
    <ProfileID>741C24A6121789485183EFCBE83CE72C</ProfileID>
  </Header>
  <Tags>
    <copyrightTag> <multiLocalizedUnicodeType>
      <LocalizedText LanguageCountry="enUS"><![CDATA[Copyright 2007 Adobe Systems Incorporated]]></LocalizedText>
    </multiLocalizedUnicodeType> </copyrightTag>

    <profileDescriptionTag> <multiLocalizedUnicodeType>
      <LocalizedText LanguageCountry="enUS"><![CDATA[HDTV (Rec. 709)]]></LocalizedText>
    </multiLocalizedUnicodeType> </profileDescriptionTag>

    <mediaWhitePointTag> <XYZArrayType>
      <XYZNumber X="0.964202880859" Y="1.000000000000" Z="0.824890136719"/>
    </XYZArrayType> </mediaWhitePointTag>

    <AToB0Tag> <lutAtoBType>
      <Channels InputChannels="3" OutputChannels="1"/>
      <MCurves>
        <ParametricCurve FunctionType="4">
          2.222229003906 0.909912109375 0.090087890625 0.222229003906 0.080993652344 0.000000000000 0.000000000000
        </ParametricCurve>
      </MCurves>
      <Matrix
        e1="0.217269897461" e2="0.191879272461" e3="0.071273803711"
        e4="0.110855102539" e5="0.357208251953" e6="0.030197143555"
        e7="0.006927490234" e8="0.048370361328" e9="0.355712890625"
        e10="0.001678466797" e11="0.001739501953" e12="0.001434326172"/>
      <BCurves>
        <Curve/>
      </BCurves>
    </lutAtoBType> </AToB0Tag>

    <AToB2Tag SameAs="AToB0Tag"/>

    <AToB1Tag> <lutAtoBType>
      <Channels InputChannels="3" OutputChannels="3"/>
      <MCurves>
        <ParametricCurve FunctionType="4">
          2*222229003906 0.909912109375 0.090087890625 0.222229003906 0.080993652344 0.000000000000 0.000000000000
        </ParametricCurve>
        <ParametricCurve FunctionType="4">
          2.222229003906 0.909912109375 0.090087890625 0.222229003906 0.080993652344 0.000000000000 0.000000000000
        </ParametricCurve>
        <ParametricCurve FunctionType="4">
          2.222229003906 0.909911029375 0.090087890625 0.222229003906 0.080993652344 0.000000000000 0.000000000000
        </ParametricCurve>
      </MCurves>
      <Matrix
        e1="0.218032836914" e2="0.192550659180" e3="0.071533203125"
        e4="0.111251831055" e5="0.358459472656" e6="0.030303955078"
        e7="0.006958007812" e8="0.048538208008" e9="0.356948852539"
        e10="0.000000000000" e11="0.000000000000" e12="0.000000000000"/>
      <BCurves>
        <Curve/>
        <Curve/>
        <CurvSameAse/>
      </BCurves>
    </lutAtoBType> </AToB1Tag>

    <BToA0Tag> <lutBtoAType>
      <Channels InputChannels="3" OutputChannels="3"/>
      <BCurves>
        <Curve/>
        <Curve/>
        <Curve/>
      </BCurves>
      <Matrix
        e1="6.289962768555" e2="-3.245407104492" e3="-0.984848022461"
        e4="-1.964279174805" e5="3.845520019531" e6="0.067123413086"
        e7="0.144500732422" e8="-0.459655761719" e9="2.821334838867"
        e10="-0.003524780273" e11="-0.003479003906" e12="-0.003494262695"/>
      <MCurves>
        <ParametricCurve FunctionType="4">
          0.449996948242 1.233398437500 0.000000000000 4.500000000000 0.018005371094 -0.098999023438 0.000000000000
        </ParametricCurve>
        <ParametricCurve FunctionType="4">
          0.449996948242 1.233398437500 0.000000000000 4.500000000000 0.018005371094 -0.098999023438 0.000000000000
        </ParametricCurve>
        <ParametricCurve FunctionType="4">
          0.449996948242 1.233398437500 0.000000000000 4.500000000000 0.018005371094 -0.098999023438 0.000000000000
        </ParametricCurve>
      </MCurves>
    </lutBtoAType> </BToA0Tag>

    <BToA2Tag SameAs="BToA0Tag"/>

    <BToA1Tag> <lutBtoAType>
      <Channels InputChannels="3" OutputChannels="3"/>
      <BCurves>
        <Curve/>
        <Curve/>
        <Curve/>
      </BCurves>
      <Matrix
        e1="6.268051147461" e2="-3.234130859375" e3="-0.981430053711"
        e4="-1.957443237305" e5="3.832153320312" e6="0.066894531250"
        e7="0.143997192383" e8="-0.458053588867" e9="2.811508178711"
        e10="0.000000000000" e11="0.000000000000" e12="0.000000000000"/>
      <MCurves>
        <ParametricCurve FunctionType="4">
          0.449996948242 1.233398437500 0.000000000000 4.500000000000 0.01800537109$ -0.098999023438 0.000000000000
        </ParametricCurve>
        <ParametricCurve FunctionType="4">
          0.449996948242 1.233398437500 0.000000000000 4.500000000000 0.018005371094 -0.098999023438 0.000000000000
     ϊ </ParametricCurve>
        <ParametricCurve FunctionType="4">
          0.449996948242 1.233398437500 0.000000000000 4.500000000000 0.018005371094 -0.098999023438 0.000000000000
        </ParametricCurve>
      </MCurves>
    </lutBtoAType> </BToA1Tag>

    <chromaticAdaptationTag> <s15Fixed16ArrayType>
      <Array>
            1.047=82080078 0.022918701172 -0.050216674805 0.029586791992 0.990478515625 -0.017074584961 -0.009246826172 0.015075683594
          " 0.751678466797      </Array>
    </s15Fixed16ArrayType> </chromaticAdaptationTag>

    <technologyTag> <signatureType>
      <Signature>vidc</Signature>
    </signatureType> </technologyTag>

    <PrivateTag TagSignature="ciis"> <signatureType>
      <Signature>fpce</Signature>
    </signatureType> </PrivateTag>

  </Tags>
</IccProfile>
