<?xml version="1.0" encoding="UTF-8"?>
<IccProfile>
  <Header>
    <PreferredCMMType>ADBE</PreferredCMMType>
    <ProfileVersion>3.00</ProfileVersion>
    <ProfileDeviceClass>scnr</ProfileDeviceClass>
    <DataColourSpace>RGB </DataColourSpace>
    <PCS>XYZ </PCS>
    <CreationDateTime>2026-01-26T01:30:*0</CreationDateTime>
    <RenderingIntent>Pwrceptual</RenderingIntent>
    <PCSIlluminant>
      <XYZNumber X="0.964202880859" Y="1.000000000000" Z="0.824905395508"/>
    </PCSIlluminant>
  </Header>
  <Tags>
    <profileDescriptionTag>
      <multiLocalizedUnicodeType>
        <LocalizedText LanguageCountry="enUS">Test Profile</LocalizedText>
      </multiLocalizedUnicodeType>
    </profileDescriptionTag>
    <curveType>
      <Curve>nan nan 100 200 34 33252  9810 35076 33181  8754 34629 33070
          23626 42394 36420 22926 42048 36260 22159 41705 36114 21207 41285 35895 20285 40898 35699 19319 40506 35525 18303 39991 35295 17326 39563 35105 16303 39068 34906 15418 38441 34597 14496 37884 34344 13618 37242 34048 12862 36470 33796 11908 35925 33590 10873 35588 33466  9834 35204 33311  8781 34708 33081
          23358 42360 37364 22681 42009 37152 21930 41664 36930 21002 41256 36657 20092 40874 36405 19140 40472 36155 18130 39991 35896 17155 39558 35653 16146 39089 35405 15252 38459 35040 14330 37880 34701 13450 37230 34342 12724 36466 34045 11771 35940 33805 10759 35501 33582  9738 35064 33361  8759 34664 33204
          23099 42326 38301 22436 41981 38031 21703 41634 37758 20802 41242 37431 19887 40853 37119 18945 40451 36817 17957 39995 36503 16982 39565 36216 15976 39102 35925 15052 38530 35522 14169 37896 35096 13286 37234 34660 12560 36487 34327 11627 35975 34047 10621 35545 33784  9605 35118 33523  8586 34681 33261
          22850 42300 39241 22209 41950 38897 21479 41609 38583 20591 41226 38203 19684 40841 37838 18755 40444 37480 17779 40003 37128 16806 39581 36793 15806 39131 36457 14885 38562 36000 14006 37925 35515 13116 37264 35015 12407 36522 34641 11482 36023 34319 10481 35602 34015  9471 35184 33713  8458 34756 33411
          49770 27539 25045 47851 27707 25682 45740 27918 26259 43708 28139 26655 41614 28342 27147 39618 28557 27588 37396 28745 27982 35071 28943 28369 32746 29145 28771 30482 29392 29132 28229 29659 29484 25977 29926 29837 23755 30235 30157 21442 30510 30571 19125 30781 30989 16248 31324 31298 13794 31656 31690
          49708 26830 26757 47681 27110 27162 45577 27385 27560 43519 27633 27898 41430 27890 28281 39388 28128 28636 37197 28360 28959 34933 28589 29287 32666 28806 29629 30423 29086 29919 28183 29342 30256 25963 29642 30532 23736 29943 30830 21431 30238 31170 19117 30529 31512 16349 31075 31793 13867 31439 32108
          49404 26294 28133 47376 26612 28420 45282 26935 28724 43246 27219 28971 41160 27527 29240 39151 27814 29504 36981 28084 29742 34778 28364 29989 32536 28635 30224 30299 28890 30515 28070 29158 30786 25861 29477 31008 23640 29791 31246 21352 30104 31515 19044 30416 31782 16293 30989 32011 13860 31368 32266
          49138 25778 29505 47071 26145 29642 44995 26496 29888 43016 26820 30044 40969 27154 30240 38973 27488 30395 36845 27813 30568 34637 28118 30716 32414 28418 30875 30198 28682 31101 27964 28967 31315 25748 29306 31482 23576 29636 31663 21272 29972 31849 18986 30301 32047 16303 30884 32211 13860 31293 32400
          49051 25310 30955 46902 25687 30959 44735 26065 31024 42821 26423 31130 40779 26794 31234 38799 27166 31334 36681 27498 31435 34500 27825 31530 32299 28145 31626 30107 28484 31733 27861 28793 31876 25646 29164 31960 23453 29521 32063 21186 29873 32186 18918 30221 32313 16244 30824 32410 13870 31247 32541
          48864 24895 32394 46727 25281 32300 44539 25667 32232 42602 26053 32234 40545 26456 32237 38632 26863 32287 36529 27211 32320 34359 27550 32357 32186 27885 32404 29996 28261 32421 27761 28631 32438 25518 29013 32467 23343 29406 32496 21068 29785 32555 18794 30157 32615 16226 30761 32643 13865 31201 32704
          48651 24503 33838 46488 24894 33593 44270 25279 33379 42364 25699 33335 40330 26124 33261 38436 26567 33252 36368 26944 33226 34208 27294 33199 32046 27652 33179 29886 28035 33126 27650 28439 33063 25364 28854 32996 23253 29295 32948 20987 29693 32933 18716 30086 32917 16193 30707 32900 13833 31169 32888
          48359 24175 35188 46316 24577 34859 44190 24985 34564 42269 25430 34468 40264 25865 34315 38323 26320 34219 36203 26698 34140 34055 27073 34032 31886 27437 33938 29727 27837 33812 27515 28251 33669 25276 28673 33518 23155 29130 33413 20897 29550 33323 18632 29963 33232 16131 30574 33137 13819 30999 33046
          48058 23842 36552 46146 24270 36139 44159 24696 35772 42185 25160 35616 40150 25610 35376 38156 26077 35212 36021 26469 35073 33887 26863 34885 31721 27248 34722 29560 27653 34516 27375 28074 34294 25154 28505 34069 23038 28982 33892 20786 29421 33727 18528 29854 33561 16086 30413 33388 13782 30857 33222
          47878 23529 37834 45991 23980 37372 44027 24436 36960 42048 24917 36750 40007 25378 36454 37983 25861 36220 35862 26274 35999 33715 26673 35750 31549 27062 35518 29395 27487 35236 27222 27918 34930 25034 28354 34629 22916 28848 34385 20663 29300 34142 18406 29748 33899 15476 30241 33582 13067 30730 33331
          47753 23242 39089 45880 23696 38596 43956 24185 38190 41944 24672 37868 39875 25159 37536 37816 25663 37243 35686 26093 36945 33536 26501 36631 31365 26907 36330 29219 27336 35966 27062 27774 35579 24905 28217 35201 22560 28628 34849 20289 29092 34529 18018 29553 34209 15219 30148 33842 12792 30626 33509
          47581 22981 40445 45749 23461 39934 43812 23943 39433 41785 24448 39049 39730 24959 38650 37648 25471 38293 35501 25907 37913 33347 26335 37533 31186 26747 37150 29032 27182 36705 26884 27627 36241 24697 28059 35775 22317 28475 35348 20038 28952 34950 17772 29431 34554 15564 30154 34075 13086 30637 33669
          47379 22767 41962 45503 23257 41338 43559 23762 40759 41539 24267 40320 39499 24773 39829 37415 25288 39388 35258 25708 38928 33106 26152 38459 30909 26553 37994 28791 27006 37462 26669 27458 36911 24487 27896 36360 21985 28290 35839 19731 28773 35356 17567 29295 34889 15261 30044 34346 12993 30584 33857
          47145 22558 43459 45250 23078 42740 43279 23600 42057 41255 24091 41560 39235 24582 41014 37182 25094 40493 34999 25528 39955 32855 25975 39394 30667 26384 38836 28542 26844 38230 26444 27307 37594 24281 27758 36961 21767 28167 36360 19497 28669 35803 17236 29176 35250 14930 29802 34654 12661 30323 34095
          46795 22418 44820 44933 22913 44078 43003 23415 43384 40995 23909 42808 38973 24413 42188 36913 24930 41602 34760 25372 40983 32596 25814 40341 30386 26217 39699 28289 26697 39009 26212 27170 38290 24070 27633 37573 21557 28060 36895 19293 28582 36262 17039 29109 35634 14652 29803 34945 12391 30344 34311
          46448 22261 46204 44630 22738 45433 42733 23220 44722 40727 23738 44044 38717 24249 43369 36658 24769 42715 34517 25226 42019 32341 25658 41290 30123 26084 40572 28041 26564 39797 25982 27049 38996 23852 27526 38199 21341 27971 37443 19085 28513 36736 16836 29060 36033 14401 29805 35257 12131 30376 34545
          46109 22080 47616 44320 22539 46821 42452 23035 46046 40465 23559 45299 38462 24081 44561 36418 24609 43834 34283 25087 43055 32098 25526 42253 29892 25962 41451 27800 26449 40597 25749 26947 39716 23631 27438 38840 21121 27899 38003 18871 28461 37222 16629 29027 36444 14202 29793 35594 11882 30414 34795
          48612 28376 25184 46692 28506 25735 44693 28643 26273 42661 28822 26700 40609 29005 27169 38587 29174 27609 36424 29347 27994 34216 29512 28401 31989 29674 28805 29800 29889 29170 27612 30116 29561 25476 30329 29906 23293 30573 30271 21056 30802 30683 18822 31025 31096 16044 31525 31443 13652 31820 31827
          48404 27706 26703 46454 27928 27089 44444 28147 27490 42431 28385 27852 40398 28608 28234 38373 28821 28597 36240 29011 28918 34087 29215 29250 31901 29403 29574 29731 29628 29901 27521 29864 30242 25397 30105 30536 23202 30351 30855 20968 30600 31202 18743 30844 31553 16072 31354 31852 13679 31678 32176
          48128 27175 28030 46194 27438 28319 44192 27693 28618 42192 27961 28889 40175 28237 29180 38173 28502 29452 36091 28731 29690 33962 28963 29950 31790 29198 30186 29623 29425 30474 27454 29660 30748 25284 29947 30997 23109 30201 31260 20903 30473 31544 18677 30736 31814 16010 31272 32062 13681 31602 32324
          47882 26684 29364 45948 26971 29552 43958 27242 29770 41960 27560 29930 39958 27864 30134 37979 28181 30316 35924 28442 30475 33820 28709 30656 31686 28961 30825 29544 29196 31057 27369 29465 31268 25205 29762 31467 23052 30049 31659 20824 30346 31868 18614 30627 32071 15977 31191 32269 13654 31531 32449
          47731 26216 30774 45737 26535 30795 43689 26851 30887 41764 27195 31002 39772 27529 31116 37821 27873 31233 35782 28142 31341 33691 28436 31458 31579 28705 31575 29449 29000 31679 27272 29287 31826 25083 29622 31941 22802 29950 32100 20545 30256 32246 18335 30560 32384 15904 31115 32469 13655 31457 32601
          47530 25808 32161 45505 26154 32087 43446 26482 32038 41536 26834 32072 39551 27196 32097 37649 27570 32153 35619 27858 32222 33534 28167 32268 31443 28452 32320 29331 28789 32355 27091 29132 32412 24972 29476 32434 22715 29834 32525 20465 30162 32593 18265 30485 32660 15881 31012 32694 13599 31406 32756
          47312 25428 33549 45282 25771 33340 43231 26111 33181 41285 26493 33140 39336 26878 33098 37441 27267 33090 35459 27601 33102 33379 27916 33086 31293 28222 33087 29201 28564 33051 26988 28953 33013 24841 29317 32954 22605 29726 32959 20386 30077 32962 18192 30419 32955 15812 30952 32946 13540 31365 32944
          47076 25112 34870 45164 25472 34591 43178 25826 34346 41211 26241 34267 39238 26633 34131 37296 27042 34056 35286 27365 34000 33224 27708 33905 31130 28022 33836 29020 28378 33730 26871 28767 33601 24731 29147 33478 22512 29573 33414 20306 29946 33344 18119 30309 33265 15801 30844 33187 13501 31209 33105
          46832 24802 36205 45026 25174 35846 43093 25551 35534 41109 25985 35391 39130 26391 35179 37147 26816 35031 35099 27148 34915 33050 27507 34740 30958 27835 34598 28860 28197 34411 26718 28610 34230 24569 28995 34027 22408 29434 33885 20201 29823 33739 18021 30204 33588 15697 30678 33430 13469 31071 33278
          46644 24509 37451 44863 24903 37048 43013 25300 36714 41005 25749 36501 39028 26171 36235 37004 26613 36021 34924 26951 35824 32868 27328 35588 30778 27671 35375 28686 28039 35108 26545 28455 34842 24431 28854 34578 22275 29304 34368 20078 29703 34143 17899 30099 33917 15308 30587 33618 12937 30998 33381
          46475 24234 38661 44745 24637 38261 42942 25061 37901 40914 25515 37616 38914 25961 37302 36837 26423 37021 34740 26778 36749 32674 27163 36449 30588 27521 36165 28497 27899 35822 26381 28316 35474 24302 28725 35137 21954 29105 34817 19718 29507 34523 17517 29912 34220 14981 30465 33855 12624 30899 33538
          46273 23981 39966 44579 24407 39533 42785 24830 39135 40746 25301 38777 38738 25761 38404 36644 26234 38053 34552 26611 37694 32475 27000 37328 30380 27363 36969 28300 27746 36545 26172 28171 36134 24073 28545 35680 21722 28957 35295 19479 29367 34932 17292 29793 34557 15280 30431 34096 12984 30898 33705
          46059 23769 41422 44312 24199 40908 42494 24639 40420 40460 25120 40004 38481 25581 39554 36429 26053 39133 34312 26417 38686 32238 26824 38242 30120 27190 37795 28060 27580 37290 25949 28005 36765 23844 28396 36254 21496 28796 35754 19320 29231 35294 17204 29685 34864 14923 30308 34368 12741 30822 33901
          45819 23568 42874 44056 24020 42274 42214 24457 41716 40188 24949 41221 38219 25408 40708 36204 25874 40213 34065 26250 39690 31997 26661 39163 29860 27031 38631 27817 27429 38045 25721 27869 37441 23619 28258 36842 21282 28670 36266 19090 29121 35733 16906 29572 35206 14692 30134 34643 12501 30597 34111
          45504 23418 44255 43756 23847 43622 41914 24276 43011 39915 24770 42445 37960 25236 41864 35935 25722 41300 33828 26088 40691 31749 26508 40092 29600 26884 39480 27570 27293 38811 25488 27746 38128 23382 28141 37446 21078 28576 36788 18892 29046 36183 16715 29516 35583 14424 30130 34933 12240 30614 34328
          45191 23265 45658 43455 23664 44976 41617 24096 44314 39647 24589 43670 37697 25069 43024 35691 25561 42387 33584 25941 41703 31497 26366 41026 29348 26751 40336 27322 27171 39586 25253 27640 38827 23156 28044 38060 20862 28487 37325 18685 28975 36648 16513 29463 35975 14176 30128 35241 11984 30636 34560
          44877 23091 47072 43142 23487 46340 41320 23912 45624 39378 24410 44905 37435 24899 44189 35450 25404 43481 33338 25817 42714 31243 26231 41964 29103 26620 41193 27076 27061 40370 25025 27537 39528 22932 27964 38687 20627 28416 37875 18460 28926 37125 16293 29435 36379 13982 30119 35573 11743 30666 34811
          47241 29177 25146 45408 29267 25656 43512 29364 26179 41549 29496 26606 39564 29644 27066 37578 29796 27504 35492 29943 27885 33383 30087 28279 31237 30226 28651 29117 30394 29063 27071 30522 29470 24968 30717 29823 22831 30902 30218 20663 31086 30632 18506 31263 31042 15791 31726 31405 13460 31980 31802
          47064 28533 26594 45203 28714 26959 43271 28898 27336 41330 29087 27696 39369 29279 28073 37398 29462 28442 35339 29620 28757 33272 29786 29090 31167 29945 29404 29049 30137 29747 26964 30297 30103 24848 30517 30421 22700 30712 30757 20551 30921 31113 18410 31115 31454 15751 31605 31781 13466 31870 32112
          46831 28013 27873 44989 28232 28151 43083 28444 28437 41140 28669 28712 39203 28905 29006 37248 29142 29283 35214 29343 29516 33165 29532 29774 31096 29701 30023 28994 29911 30300 26850 30105 30620 24750 30358 30869 22625 30575 31167 20483 30795 31449 18339 31009 31723 15709 31520 31997 13444 31799 32256
          46594 27536 29143 44793 27769 29354 42923 27987 29577 40974 28257 29752 39032 28537 29949 37085 28824 30126 35078 29045 30294 33056 29257 30478 31025 29458 30651 28929 29669 30886 26765 29908 31128 24674 30168 31334 22408 30436 31589 20044 30665 31880 17907 30901 32095 15607 31428 32211 13430 31718 32396
          46425 27095 30516 44570 27362 30562 42667 27623 30665 40752 27931 30783 38806 28223 30900 36851 28534 31017 34868 28762 31136 32858 29SNGT009 31266 30849 29225 31396 28794 29500 31501 26632 29732 31678 24572 30031 31797 22310 30321 31988 19922 30583 32180 17857 30830 32350 15580 31337 32412 13386 31653 32540
          46229 26697 31861 44370 26978 31819 42440 27264 31796 40547 27582 31836 38600 27905 31868 36676 28242 31925 34711 28484 31998 32710 28746 32058 30709 28977 32137 28624 29288 32192 26527 29562 32229 24427 29881 32293 22207 30211 32410 19890 30489 32535 17768 30762 32610 15545 31247 32638 13297 31562 32708
          46031 26320 33208 44141 26625 33047 42209 26923 32922 40329 27257 32892 38415 27600 32858 36536 27962 32858 34576 28232 32865 32589 28493 32874 30599 28728 32887 28495 29072 32882 26390 29392 32824 24327 29727 32804 22062 30102 32836 19806 30410 32889 17679 30703 32890 15446 31152 32882 13253 31508 32891
          45806 26014 34488 44013 26335 34261 42153 26649 34068 40233 27011 33987 38313 27362 33872 36372 27731 33796 34402 27999 33745 32413 28292 33672 30415 28549 33618 28322 28896 33541 26240 29236 33424 24119 29587 33342 21966 29956 33282 19717 30297 33257 17608 30608 33191 15412 31063 33126 13157 31383 33056
          45582 25710 35782 43879 26045 35489 42059 26383 35231 40106 26763 35085 38171 27129 34897 36177 27515 34754 34177 27798 34641 32190 28117 34488 30191 28398 34364 28130 28735 34202 26083 29079 34024 23978 29439 33874 21865 29829 33751 19617 30179 33643 17514 30509 33506 15309 30894 33364 13163 31233 33227
          45369 25435 36994 43700 25786 36656 41965 26139 36382 39985 26535 36169 38063 26915 35933 36036 27316 35723 34001 27613 35528 32013 27944 35315 30000 28237 35118 27953 28582 34880 25916 28940 34640 23842 29309 34412 21653 29708 34236 19471 30061 34036 17381 30404 33826 15006 30838 33522 12733 31204 33292
          45148 25176 38172 43551 25537 37842 41872 25910 37540 39899 26310 37266 37952 26713 36980 35877 27128 36707 33834 27443 36432 31834 27781 36154 29802 28087 35885 27776 28438 35572 25758 28807 35259 23716 29186 34962 21434 29504 34646 19072 29841 34395 16924 30181 34106 14712 30709 33764 12416 31073 33468
          44939 24939 39443 43384 25316 39085 41708 25684 38748 39724 26102 38403 37780 26512 38060 35713 26941 37712 33654 27270 37362 31638 27609 37017 29610 27925 36667 27507 28296 36308 25585 28642 35874 23480 28991 35475 21216 29375 35130 18939 29739 34806 16817 30108 34451 14951 30692 33995 12710 31098 33627
          44752 24729 40865 43109 25101 40428 41400 25484 40014 39416 25915 39598 37508 26328 39184 35493 26760 38770 33407 27085 38330 31400 27441 37912 29354 27759 37483 27292 28125 37006 25351 28503 36530 23257 28857 36037 21041 29214 35569 18934 29603 35132 16565 29995 34787 14597 30569 34259 12454 30985 33824
          44534 24528 42288 42863 24920 41770 41101 25295 41283 39139 25738 40796 37232 26150 40314 35269 26585 39827 33169 26921 39309 31162 27286 38814 29093 27607 38308 27042 27987 37749 25113 28374 37192 23009 28727 36614 20796 29096 36062 18692 29496 35555 16599 29920 35049 14481 30452 34515 12286 30934 33982
          44237 24372 43683 42557 24738 43112 40782 25108 42556 38855 25554 42001 36965 25977 41449 34995 26428 40898 32935 26770 40293 30919 27142 39724 28826 27473 39142 26794 27861 38502 24872 28258 37865 22762 28616 37204 20567 28992 36575 18464 29408 35998 16405 29864 35420 14210 30445 34799 12104 30870 34222
          43937 24211 45085 42255 24554 44455 40475 24921 43838 38581 25370 43210 36695 25810 42588 34759 26267 41968 32702 26629 41287 30673 27008 40639 28565 27353 39981 26551 27747 39260 24628 28150 38545 22514 28520 37808 20341 28906 37102 18244 29338 36454 16187 29811 35806 13973 30450 35102 11853 30891 34452
          43640 24038 46497 41947 24375 45799 40176 24743 45117 38308 25192 44421 36433 25644 43729 34522 26116 43038 32475 26500 42293 30420 26882 41561 28309 27240 40822 26302 27647 40034 24389 28049 39222 22268 28438 38420 20119 28855 37639 18032 29313 36920 15969 29790 36203 13774 30452 35426 11622 30938 34698
          45696 29980 25106 43963 30046 25601 42163 30130 26110 40307 30228 26523 38422 30344 26960 36546 30463 27379 34555 30569 27764 32503 30680 28127 30443 30780 28493 28435 30870 28920 26437 30961 29347 24399 31104 29728 22337 31246 30112 20237 31386 30528 18141 31520 30945 15531 31941 31311 13217 32161 31723
          45610 29391 26532 43821 29539 26872 41957 29714 27203 40112 29838 27549 38231 29990 27912 36349 30124 28279 34387 30240 28591 32394 30365 28911 30363 30493 29208 28366 30626 29572 26304 30755 29950 24261 30926 30278 22209 31084 30635 20115 31244 30982 18028 31395 31331 15444 31843 31662 13197 32065 32004
          45413 28892 27758 43653 29075 28014 41829 29265 28289 39960 29428 28547 38092 29620 28824 36223 29810 29093 34283 29962 29332 32319 30102 29582 30353 30227 29830 28245 30419 30153 26213 30567 30449 24170 30776 30716 22006 30946 31062 19618 31120 31441 17530 31295 31722 15336 31759 31883 13184 31983 32153
          45189 28432 28956 43454 28629 29154 41637 28832 29359 39788 29047 29543 37936 29276 29735 36048 29509 29901 34134 29693 30093 32212 29841 30269 30228 29991 30447 28164 30183 30716 26117 30368 30955 24070 30595 31171 21896 30802 31446 19502 30996 31756 17357 31180 31999 15319 31649 32092 13129 31892 32298
          45030 28027 30277 43243 28249 30335 41396 28474 30435 39539 28720 30551 37654 28968 30676 35775 29226 30792 33872 29415 30924 31937 29608 31058 30028 29775 31196 28047 29998 31317 26001 30192 31498 23980 30445 31638 21747 30692 31850 19433 30908 32091 17337 31111 32256 15275 31575 32299 13107 31822 32457
          44867 27642 31597 43036 27890 31550 41183 28125 31532 39320 28384 31575 37431 28664 31622 35555 28944 31682 33672 29156 31763 31746 29365 31840 29849 29547 31929 27873 29800 31987 25860 30059 32032 23844 30315 32135 21623 30589 32270 19366 30834 32424 17291 31044 32523 15213 31507 32524 13085 31781 32617
          44655 27260 32894 42837 27531 32745 40988 27788 32647 39131 28068 32621 37276 28368 32596 35435 28674 32590 33541 28914 32607 31631 29123 32634 29732 29318 32663 27747 29592 32658 25683 29884 32634 23586 30178 32664 21431 30485 32699 19276 30749 32753 17184 30992 32787 15140 31427 32777 13024 31722 32806
          44432 26954 34128 42695 27241 33927 40910 27517 33759 39022 27826 33677 37155 28134 33578 35274 28451 33510 33370 28688 33471 31456 28929 33416 29557 29140 33375 27563 29434 33306 25560 29727 33215 23503 30031 33157 21344 30356 33133 19176 30653 33127 17100 30913 33074 15026 31321 33011 12790 31576 32965
          44192 26660 35378 42559 26959 35114 40807 27261 34885 38914 27586 34738 37037 27908 34573 35124 28240 34443 33192 28483 34342 31281 28747 34207 29364 28978 34096 27387 29274 33962 25406 29577 33801 23364 29891 33679 21255 30233 33584 19080 30538 33501 17009 30816 33381 14901 31129 33255 12751 31453 33132
          43964 26399 36569 42356 26725 36256 40697 27029 36003 38808 27366 35794 36934 27702 35581 34980 28046 35389 33030 28306 35210 31110 28580 35011 29164 28818 34830 27219 29126 34626 25250 29442 34400 23238 29765 34204 21139 30112 34039 18868 30424 33888 16857 30715 33695 14542 31029 33409 12358 31356 33190
          43711 26161 37721 42190 26490 37399 40601 26811 37137 38722 27154 36868 36824 27507 36605 34848 27863 36347 32880 28146 36098 30935 28418 35829 28991 28668 35576 27058 28985 35301 25101 29313 35009 23119 29645 34738 20929 29923 34446 18586 30221 34228 16476 30515 33973 14451 30994 33637 12243 31325 33369
          43495 25938 38975 42044 26263 38653 40373 26592 38337 38541 26940 38000 36594 27309 37676 34650 27678 37342 32662 27974 37014 30706 28254 36684 28781 28515 36348 26830 28840 35994 24914 29152 35609 22883 29459 35241 20703 29790 34907 18383 30094 34620 16317 30422 34301 14444 30888 33888 12305 31248 33534
          43390 25735 40399 41794 26052 39976 40141 26383 39582 38271 26758 39165 36432 27119 38763 34493 27498 38364 32506 27785 37951 30549 28081 37547 28542 28342 37131 26590 28693 36713 24682 29019 36251 22660 29332 35784 20555 29646 35339 18525 29981 34924 16198 30345 34617 14329 30858 34105 12253 31231 33691
          43212 25536 41808 41578 25872 41306 39879 26217 40830 37994 26586 40340 36165 26945 39872 34283 27324 39398 32257 27622 38912 30300 27928 38431 28286 28206 37947 26333 28562 37439 24436 28895 36899 22399 29207 36348 20281 29527 35822 18265 29887 35339 16246 30240 34861 14205 30698 34348 12194 31106 33865
          42905 25379 43183 41268 25696 42621 39544 26018 42073 37710 26404 41520 35894 26774 40983 34026 27169 40448 32041 27482 39888 30047 27793 39324 28004 28071 38759 26083 28438 38170 24187 28784 37557 22148 29101 36927 20056 29436 36323 18040 29807 35772 16026 30177 35226 13953 30729 34626 11937 31131 34075
          42598 25217 44563 40975 25518 43936 39242 25827 43322 37434 26221 42702 35632 26609 42098 33777 27020 41493 31812 27348 40863 29799 27665 40221 27751 27961 39587 25829 28327 38913 23937 28683 38221 21898 29009 37518 19820 29352 36839 17812 29743 36220 15807 30133 35605 13705 30737 34925 11688 31165 34301
          42297 25044 45948 40658 25332 45252 38956 25647 44577 37171 26050 43887 35376 26452 43214 33550 26875 42535 31599 27231 41839 29564 27552 41125 27527 27864 40420 25584 28227 39661 23690 28590 38887 21656 28933 38115 19580 29285 37368 17579 29695 36680 15583 30104 35996 13464 30723 35246 11455 31220 34542
          44302 30843 25141 42588 30890 25585 40818 30940 26053 39051 30998 26456 37243 31071 26887 35436 31140 27291 33499 31213 27652 31550 31277 28025 29555 31343 28384 27646 31414 28764 25740 31440 29214 23807 31523 29613 21791 31625 30010 19766 31720 30425 17748 31806 30839 15154 32192 31223 12942 32367 31637
          44096 30308 26445 42364 30428 26757 40583 30522 27107 38839 30627 27443 37052 30733 27803 35269 30833 28154 33357 30905 28453 31448 30997 28779 29498 31078 29084 27575 31168 29404 25614 31234 29804 23645 31362 30149 21547 31479 30536 19464 31584 30897 17429 31698 31256 15035 32098 31564 12881 32271 31913
          43922 29828 27632 42228 29973 27872 40471 30109 28134 38698 30236 28400 36894 30386 28674 35086 30534 28939 33198 30632 29185 31312 30744 29448 29415 30835 29694 27476 30949 29969 25508 31058 30292 23533 31209 30581 21422 31343 30927 19161 31472 31298 17119 31606 31599 14984 32002 31784 12865 32190 32058
          43753 29373 28817 42108 29529 29003 40367 29688 29199 38595 29868 29371 36796 30049 29561 34972 30242 29730 33116 30369 29911 31259 30488 30107 29384 30591 30303 27464 30716 30525 25423 30861 30800 23431 31036 31021 21297 31203 31316 19026 31361 31642 16908 31498 31889 14924 31898 31991 12833 32099 32213
          43629 28967 30116 41917 29151 30160 40149 29341 30249 38376 29551 30361 36574 29747 30475 34747 29960 30588 32927 30085 30732 31074 30234 30873 29213 30356 31027 27315 30526 31140 25319 30708 31309 23348 30894 31472 21169 31094 31706 18970 31266 31939 16785 31419 32166 14897 31821 32190 12792 32021 32371
          43426 28602 31347 41714 28808 31310 39928 29015 31304 38158 29234 31356 36342 29457 31397 34508 29688 31451 32728 29830 31547 30893 29996 31635 29048 30137 31732 27168 30320 31799 25145 30569 31863 23108 30775 31999 21038 30992 32133 18896 31180 32270 16746 31356 32426 14777 31769 32427 12763 31971 32533
          43196 28259 32568 41498 28478 32468 39734 28699 32393 37958 28931 32372 36152 29175 32349 34351 29423 32345 32571 29598 32376 30729 29767 32404 28927 29923 32450 27019 30121 32450 24964 30406 32462 22943 30650 32489 20828 30897 32559 18764 31105 32618 16644 31309 32683 14702 31679 32682 12705 31915 32719
          43006 27961 33816 41371 28206 33630 39661 28436 33476 37851 28694 33406 36063 28946 33310 34237 29206 33238 32422 29379 33213 30594 29574 33172 28756 29737 33146 26854 29974 33089 24849 30240 33015 22845 30506 32978 20757 30773 32966 18653 31010 32967 16562 31243 32961 14534 31583 32914 12482 31756 32878
          42806 27670 35070 41238 27926 34797 39555 28181 34568 37731 28454 34444 35937 28721 34283 34103 29001 34147 32248 29176 34064 30418 29393 33945 28572 29570 33851 26667 29820 33728 24694 30093 33587 22709 30372 33487 20668 30644 33396 18593 30905 33333 16467 31147 33259 14382 31425 33149 12417 31650 33042
          42568 27409 36227 41038 27680 35908 39452 27948 35655 37595 28238 35469 35822 28516 35264 33950 28813 35072 32076 28999 34913 30234 29229 34731 28361 29425 34566 26486 29677 34377 24541 29960 34173 22586 30251 34001 20547 30543 33857 18338 30804 33732 16348 31047 33562 14281 31340 33297 12115 31589 33122
          42301 27168 37346 40867 27447 37025 39333 27731 36744 37490 28031 36510 35711 28329 36253 33803 28640 36006 31900 28846 35775 30045 29080 35530 28149 29287 35294 26315 29545 35037 24385 29842 34774 22476 30133 34526 20305 30357 34249 18126 30611 34045 16087 30860 33809 13972 31236 33498 11796 31494 33267
          42083 26954 38550 40709 27249 38209 39161 27520 37893 37318 27842 37580 35541 28149 37270 33630 28468 36967 31706 28698 36656 29836 28935 36350 27936 29151 36047 26026 29388 35702 24217 29683 35352 22276 29956 35006 20157 30245 34701 17980 30504 34435 15871 30758 34147 14133 31183 33733 11973 31479 33422
          41976 26781 39886 40452 27046 39487 38876 27326 39107 37021 27661 38725 35266 27970 38352 33391 28301 37983 31462 28524 37588 29590 28783 37212 27666 29010 36829 25749 29245 36405 23971 29556 35978 22044 29835 35538 20002 30094 35108 17683 30351 34826 15735 30642 34445 14023 31154 33947 12000 31491 33565
          41810 26611 41234 40233 26882 40775 38579 27136 40326 36756 27494 39874 34982 27801 39435 33178 28132 38996 31213 28377 38529 29341 28644 38080 27400 28880 37618 25478 29123 37118 23715 29443 36613 21774 29716 36090 19755 30004 35584 17812 30309 35127 15864 30587 34676 13936 31053 34183 11653 31430 33774
          41505 26458 42621 39922 26703 42077 38259 26958 41545 36465 27318 41028 34715 27631 40520 32907 27989 40020 30977 28240 39477 29089 28518 38954 27135 28761 38417 25207 29015 37839 23459 29345 37259 21508 29612 36653 19515 29910 36075 17579 30229 35552 15617 30519 35036 13681 31079 34455 11741 31437 33930
          41199 26299 44002 39610 26529 43374 37948 26789 42770 36187 27144 42182 34453 27473 41608 32661 27846 41040 30742 28120 40432 28833 28401 39830 26883 28658 39223 24946 28924 38566 23207 29249 37908 21251 29530 37228 19274 29837 36580 17343 30168 35990 15393 30483 35408 13445 31115 34749 11500 31475 34156
          40898 26130 45376 39306 26360 44670 37643 26614 43989 35916 26982 43340 34188 27327 42696 32436 27705 42056 30515 28014 41386 28588 28296 40711 26628 28558 40027 24705 28844 39303 22969 29161 38554 21017 29465 37817 19031 29763 37098 17108 30118 36442 15171 30452 35793 13196 31069 35070 11266 31515 34397
          42863 31723 25185 41204 31736 25609 39483 31762 26049 37788 31797 26422 36043 31825 26831 34309 31855 27231 32445 31882 27584 30538 31918 27940 28609 31955 28288 26828 31953 28684 25019 31944 29110 23185 31974 29516 21212 32043 29920 19250 32099 30339 17288 32148 30760 14803 32473 31149 12644 32613 31574
          42555 31240 26382 40912 31310 26698 39196 31375 27028 37539 31450 27358 35819 31513 27703 34122 31569 28053 32274 31606 28346 30440 31658 28670 28561 31694 28976 26749 31732 29304 24877 31757 29681 23024 31822 30030 20954 31904 30426 18933 31972 30801 16979 32038 31158 14712 32350 31474 12562 32494 31835
          42382 30786 27523 40765 30880 27761 39090 30976 28013 37396 31074 28274 35669 31177 28541 33940 31291 28810 32130 31348 29056 30316 31416 29320 28484 31467 29580 26637 31524 29860 24779 31573 30167 22881 31672 30461 20825 31775 30818 18664 31859 31177 16721 31940 31468 14621 32269 31687 12531 32424 31981
          42244 30347 28685 40666 30464 28863 39010 30574 29046 37310 30726 29216 35580 30871 29400 33789 31031 29570 32046 31102 29764 30259 31179 29971 28442 31239 30181 26595 31299 30417 24694 31376 30661 22761 31504 30891 20661 31644 31205 18497 31744 31512 16509 31838 31755 14549 32183 31896 12499 32324 32134
          42197 29939 29957 40501 30099 29961 38784 30251 30041 37056 30421 30160 35307 30577 30277 33527 30747 30400 31807 30824 30558 30034 30935 30709 28255 31014 30873 26440 31137 31010 24531 31255 31185 22546 31398 31391 20524 31538 31604 18420 31663 31821 16326 31778 32056 14428 32119 32119 12439 32267 32293
          41951 29589 31112 40300 29762 31081 38587 29934 31079 36872 30113 31140 35119 30285 31190 33348 30469 31257 31636 30568 31364 29874 30697 31459 28127 30797 31573 26281 30941 31645 24367 31122 31709 22443 31274 31837 20354 31441 32022 18345 31578 32164 16261 31715 32321 14323 32034 32341 12326 32180 32466
          41655 29260 32243 40053 29442 32171 38372 29633 32115 36660 29827 32117 34913 30013 32110 33137 30207 32122 31433 30338 32170 29694 30480 32214 27965 30604 32270 26119 30762 32282 24186 30964 32293 22253 31152 32331 20234 31348 32419 18212 31499 32484 16194 31648 32555 14301 31953 32582 12245 32097 32644
          41518 28978 33492 39956 29167 33312 38301 29377 33175 36562 29587 33121 34820 29789 33044 33030 29999 32996 31298 30131 32991 29547 30291 32958 27806 30424 32951 25957 30601 32892 24065 30809 32840 22132 31020 32820 20140 31235 32828 18143 31402 32822 16099 31585 32835 14097 31839 32827 12095 31983 32814
          41361 28701 34743 39845 28899 34453 38220 29126 34243 36453 29351 34127 34709 29572 33986 32907 29799 33876 31138 29941 33811 29381 30112 33707 27617 30257 33633 25790 30440 33518 23919 30665 33400 22003 30891 33317 20023 31123 33265 18046 31314 33201 15998 31501 33137 13951 31695 33067 12048 31875 32975
          41139 28446 35877 39674 28665 35559 38132 28891 35304 36316 29135 35129 34581 29370 34936 32758 29614 34769 30952 29765 34636 29172 29952 34466 27381 30102 34322 25604 30304 34158 23757 30544 33982 21863 30778 33836 19876 31007 33707 17836 31212 33579 16219 31358 33405 13893 31580 33201 11867 31768 33049
          40877 28211 36969 39522 28448 36659 38035 28688 36357 36223 28944 36139 34489 29193 35896 32669 29456 35684 30808 29617 35473 29019 29807 35248 27216 29961 35042 25446 30168 34805 23640 30416 34556 21818 30654 34327 19702 30840 34077 17630 31042 33881 15847 31207 33649 13807 31495 33402 11806 31704 33183
          40658 28008 38128 39354 28258 37780 37874 28484 37477 36061 28763 37185 34338 29019 36901 32505 29300 36624 30642 29472 36340 28832 29663 36057 27004 29827 35776 25242 30044 35464 23487 30276 35134 21554 30512 34829 19556 30719 34512 17410 30922 34260 15408 31127 33998 13776 31461 33628 11748 31692 33343
          40530 27857 39379 39077 28065 39009 37562 28297 38648 35762 28585 38296 34058 28850 37951 32252 29132 37614 30385 29314 37246 28586 29524 36899 26738 29698 36539 24972 29912 36144 23215 30142 35733 21391 30372 35318 19441 30591 34902 17158 30794 34647 15294 31033 34287 13609 31479 33836 11662 31660 33502
          40355 27700 40668 38834 27911 40255 37251 28114 39825 35488 28431 39420 33782 28686 39006 32023 28982 38609 30143 29173 38162 28338 29396 37746 26473 29581 37313 24702 29797 36836 22955 30033 36350 21119 30257 35851 19175 30493 35369 17320 30744 34936 15465 30998 34508 13368 31429 34084 11432 31695 33671
          40036 27556 42057 38520 27740 41535 36927 27943 41031 35196 28265 40550 33507 28531 40069 31757 28837 39609 29897 29049 39089 28086 29279 38599 26205 29476 38095 24432 29696 37537 22695 29936 36978 20851 30156 36398 18906 30386 35851 17058 30655 35354 15210 30925 34862 13367 31444 34309 11499 31722 33814
          39721 27397 43436 38216 27570 42817 36609 27776 42236 34912 28103 41680 33235 28382 41132 31490 28701 40609 29657 28932 40019 27836 29171 39456 25939 29386 38879 24169 29608 38246 22439 29850 37612 20602 30073 36959 18666 30321 36344 16814 30604 35784 14971 30891 35227 13125 31465 34597 11266 31779 34035
          39421 27229 44799 37893 27404 44098 36296 27602 43427 34639 27939 42814 32964 28239 42199 31252 28582 41613 29420 28827 40960 27579 29072 40315 25678 29306 39660 23918 29530 38960 22194 29768 38242 20355 30009 37533 18437 30268 36850 16594 30568 36225 14759 30871 35605 12895 31451 34913 11047 31848 34271
          41327 32621 25204 39739 32617 25609 38081 32648 26031 36460 32618 26400 34793 32615 26800 33147 32598 27189 31366 32585 27545 29513 32584 27876 27656 32574 28215 25936 32535 28607 24279 32475 29024 22524 32453 29444 20606 32484 29847 18715 32495 30267 16829 32498 30687 14407 32791 31106 12349 32883 31530
          41001 32172 26350 39417 32214 26643 37778 32255 26953 36191 32286 27288 34556 32320 27623 32957 32333 27977 31184 32332 28274 29401 32341 28582 27574 32345 28879 25871 32324 29217 24128 32300 29579 22353 32297 29937 20325 32353 30342 18398 32379 30713 16520 32398 31070 14253 32651 31419 12214 32760 31780
          40786 31754 27427 39269 31814 27655 37689 31867 27912 36088 31925 28166 34455 31997 28434 32826 32085 28706 31088 32103 28950 29344 32113 29214 27569 32111 29477 25780 32123 29758 24036 32117 30053 22197 32161 30362 20187 32228 30721 18146 32268 31074 16276 32303 31368 14183 32530 31634 12095 32645 31935
          40643 31351 28518 39168 31420 28707 37653 31488 28920 36011 31590 29090 34366 31711 29283 32685 31830 29465 30977 31881 29663 29258 31884 29876 27518 31888 30091 25720 31910 30325 23912 31948 30553 21975 32021 30826 20012 32097 31113 17987 32156 31392 16058 32209 31654 14157 32485 31851 12195 32599 32091
          40667 30956 29756 39045 31081 29787 37421 31178 29880 35768 31301 30004 34095 31414 30130 32387 31545 30258 30721 31591 30417 29021 31650 30578 27331 31688 30748 25555 31764 30886 23735 31811 31080 21825 31912 31270 19825 32005 31508 17899 32067 31719 15856 32141 31934 14011 32395 32059 12076 32493 32253
          40442 30602 30893 38858 30748 30868 37222 30876 30877 35554 31009 30937 33866 31140 31001 32170 31274 31083 30503 31343 31195 28821 31425 31301 27161 31484 31427 25379 31583 31509 23571 31689 31578 21713 31784 31718 19734 31902 31913 17772 31991 32057 15815 32075 32197 13939 32310 32290 11933 32398 32410
          40167 30240 31967 38625 30408 31895 36992 30576 31859 35335 30728 31871 33641 30875 31887 31892 31018 31913 30256 31124 31968 28618 31216 32032 26941 31311 32095 25193 31421 32128 23389 31548 32147 21527 31683 32204 19569 31831 32307 17635 31933 32383 15716 32030 32452 13787 32242 32515 11843 32348 32591
          40012 29948 33126 38507 30145 32997 36888 30324 32877 35211 30494 32833 33526 30652 32786 31725 30805 32760 30074 30924 32752 28452 31034 32757 26742 31146 32755 25023 31265 32729 23247 31405 32697 21366 31581 32697 19423 31734 32728 17468 31858 32747 15546 31973 32756 13634 32131 32764 11697 32231 32768
          39851 29704 34339 38378 29879 34087 36803 30071 33898 35069 30259 33818 33367 30430 33687 31572 30606 33608 29876 30731 33555 28210 30863 33472 26511 30983 33408 24815 31129 33333 23079 31295 33254 21204 31466 33201 19309 31616 33155 17430 31746 33097 15540 31872 33039 13757 31981 32966 12199 32066 32861
          39666 29508 35473 38245 29690 35189 36753 29872 34940 34999 30064 34801 33321 30251 34623 31538 30445 34487 29800 30579 34368 28096 30703 34224 26382 30816 34098 24686 30974 33954 22983 31149 33800 21147 31326 33675 19289 31483 33565 17435 31622 33447 15636 31750 33314 13514 31895 33134 11576 32032 32993
          39451 29299 36532 38099 29490 36235 36707 29677 35985 34971 29882 35781 33266 30086 35571 31487 30299 35382 29724 30430 35196 27968 30557 34989 26249 30662 34804 24543 30836 34586 22876 31015 34362 21123 31196 34151 19120 31337 33938 17244 31481 33739 15384 31626 33536 13436 31818 33327 11508 31974 33125
          39229 29111 37658 37936 29316 37343 36459 29480 37084 34724 29702 36819 33049 29906 36566 31288 30136 36311 29508 30284 36046 27756 30419 35791 26016 30541 35526 24312 30706 35235 22656 30880 34925 20870 31066 34630 18956 31218 34359 17079 31371 34088 15203 31527 33827 13351 31759 33553 11450 31939 33283
          39036 28960 38875 37656 29120 38537 36217 29296 38208 34495 29542 37888 32848 29758 37570 31099 29991 37265 29315 30144 36925 27563 30292 36604 25767 30410 36271 24097 30582 35897 22439 30753 35507 20723 30938 35116 18648 31107 34773 16835 31270 34453 14999 31442 34126 13209 31731 33769 11321 31921 33436
          38795 28803 40119 37379 28960 39742 35899 29129 39360 34180 29387 38978 32552 29600 38602 30867 29847 38239 29049 30002 37821 27303 30172 37430 25491 30313 37020 23829 30475 36570 22170 30646 36107 20450 30825 35633 18592 31029 35171 16704 31181 34818 14876 31357 34434 13037 31691 34003 11208 31913 33607
          38467 28649 41485 37058 28797 41000 35549 28951 40528 33879 29218 40081 32267 29447 39638 30584 29705 39219 28808 29888 38734 27043 30062 38264 25219 30213 37781 23559 30381 37254 21905 30553 36717 20178 30724 36165 18330 30934 35641 16560 31153 35172 14662 31320 34772 12915 31689 34252 11106 31932 33791
          38143 28502 42833 36740 28638 42256 35221 28790 41696 33586 29050 41182 31986 29300 40680 30318 29580 40197 28563 29781 39650 26785 29967 39101 24961 30129 38546 23292 30300 37946 21648 30474 37333 19922 30646 36710 18080 30866 36124 16319 31106 35592 14505 31326 35110 12730 31739 34517 10955 32042 33976
          37831 28351 44163 36409 28474 43499 34915 28635 42866 33323 28890 42280 31707 29171 41721 30071 29466 41171 28344 29691 40575 26539 29885 39943 24714 30061 39317 23034 30237 38646 21396 30402 37948 19679 30587 37265 17839 30819 36619 16087 31076 36025 14335 31328 35436 12578 31816 34789 10809 32141 34183
          39819 33552 25222 38277 33527 25587 36680 33512 25990 35147 33450 26361 33560 33404 26750 32003 33340 27133 30299 33283 27479 28525 33235 27812 26751 33185 28150 25101 33096 28539 23511 32991 28953 21877 32892 29373 19952 32908 29790 18138 32874 30208 16333 32831 30623 13988 33081 31043 12121 33066 31463
          39466 33114 26296 37965 33125 26575 36396 33141 26872 34896 33129 27213 33338 33121 27545 31803 33096 27885 30113 33042 28183 28420 33010 28494 26685 32965 28799 24991 32906 29142 23349 32815 29493 21651 32767 29855 19707 32783 30263 17829 32776 30640 16030 32748 30996 13874 32970 31361 11923 32963 31715
          39249 32717 27327 37821 32744 27556 36334 32764 27800 34803 32782 28057 33252 32815 28324 31679 32854 28586 30012 32817 28842 28346 32793 29105 26671 32749 29371 24926 32706 29659 23236 32646 29964 21465 32638 30285 19589 32649 30621 17597 32676 30986 15805 32663 31282 13825 32885 31576 11831 32892 31886
          39108 32332 28377 37750 32371 28565 36316 32396 28777 34746 32467 28946 33178 32537 29134 31565 32618 29311 29924 32604 29515 28285 32577 29727 26636 32531 29950 24877 32497 30208 23114 32484 30456 21301 32509 30712 19386 32539 31005 17513 32562 31303 15608 32577 31555 13795 32757 31758 11673 32783 32035
          39146 31950 29537 37638 32035 29601 36086 32108 29699 34508 32177 29832 32909 32250 29960 31272 32331 30096 29655 32328 30262 28031 32344 30426 26424 32335 30610 24722 32349 30748 22959 32345 30955 21136 32403 31148 19252 32441 31377 17383 32468 31584 15445 32515 31829 13627 32690 31988 11586 32710 32208
          38989 31599 30656 37454 31707 30643 35879 31820 30662 34288 31901 30735 32648 31989 30808 31008 32074 30900 29397 32114 31007 27803 32136 31137 26235 32155 31273 24523 32195 31358 22816 32244 31440 20965 32308 31607 19092 32367 31783 17206 32408 31930 15333 32447 32075 13477 32595 32219 11504 32642 32376
          38703 31224 31673 37192 31387 31643 35615 31540 31629 34020 31653 31639 32380 31748 31679 30637 31841 31720 29077 31902 31779 27554 31963 31855 25916 32036 31924 24268 32083 31968 22562 32157 32017 20746 32248 32110 18837 32323 32220 16979 32377 32312 15143 32423 32393 13271 32527 32478 11412 32597 32564
          38518 30882 32707 37029 31084 32636 35431 31284 32594 33809 31398 32548 32133 31492 32535 30343 31615 32535 28751 31679 32538 27260 31780 32547 25638 31902 32567 24022 31957 32564 22324 32062 32591 20602 32171 32604 18663 32261 32658 16779 32318 32686 14961 32373 32700 13152 32439 32712 11416 32491 32723
          38406 30722 33985 36947 30881 33755 35402 31041 33584 33710 31181 33509 32061 31292 33420 30305 31441 33367 28711 31509 33313 27152 31592 33260 25549 31698 33215 23923 31779 33152 22269 31879 33093 20564 31989 33039 18694 32100 33030 16868 32183 32995 15057 32259 32952 13315 32331 32907 11750 32350 32806
          38246 30552 35102 36857 30708 34842 35388 30867 34608 33683 30992 34495 32058 31139 34328 30311 31288 34218 28670 31370 34107 27037 31459 33995 25396 31528 33886 23835 31618 33758 22215 31728 33625 20505 31875 33507 18545 32004 33459 16753 32101 33358 14991 32192 33248 13019 32263 33074 11203 32351 32962
          38041 30370 36133 36725 30527 35857 35367 30672 35617 33680 30820 35439 32055 30976 35250 30315 31134 35078 28652 31213 34916 26980 31305 34734 25327 31373 34568 23709 31482 34371 22133 31592 34161 20473 31734 33967 18431 31880 33810 16582 31988 33636 14753 32088 33443 12971 32189 33267 11162 32292 33096
          37817 30194 37223 36542 30354 36920 35134 30485 36682 33458 30649 36444 31844 30810 36214 30156 30989 35986 28447 31076 35743 26763 31174 35508 25095 31248 35264 23470 31359 34996 21879 31479 34709 20265 31606 34430 18291 31771 34218 16471 31893 33958 14558 31992 33738 12903 32217 33462 11050 32344 33210
          37583 30028 38396 36266 30160 38082 34877 30312 37779 33217 30491 37482 31648 30666 37191 29973 30850 36913 28251 30932 36593 26578 31051 36296 24863 31129 35982 23264 31240 35637 21680 31354 35271 20075 31477 34908 18092 31661 34626 16278 31795 34305 14391 31907 34032 12821 32174 33664 10978 32325 33355
          37329 29865 39600 35972 29992 39252 34551 30146 38904 32911 30342 38546 31345 30516 38196 29732 30713 37859 27989 30811 37466 26323 30942 37102 24616 31037 36717 22995 31142 36290 21409 31254 35850 19804 31368 35407 17929 31573 35053 16186 31729 34655 14295 31857 34327 12644 32122 33905 10897 32326 33522
          37014 29728 40935 35650 29843 40485 34209 29978 40045 32612 30184 39621 31064 30368 39206 29458 30584 38811 27744 30700 38349 26067 30843 37912 24333 30948 37457 22725 31060 36957 21141 31167 36436 19535 31277 35918 17673 31493 35500 15935 31657 35054 14210 31825 34633 12568 32126 34140 10841 32320 33705
          36704 29589 42253 35343 29696 41702 33888 29815 41186 32330 30030 40692 30798 30229 40221 29192 30467 39762 27508 30611 39242 25810 30753 38727 24084 30875 38207 22460 30989 37628 20885 31098 37035 19276 31208 36441 17441 31423 35948 15737 31611 35452 14048 31799 34969 12378 32130 34403 10683 32374 33894
          36407 29444 43553 35016 29549 42919 33594 29661 42321 32056 29889 41768 30526 30106 41234 28951 30360 40715 27272 30527 40136 25564 30673 39546 23823 30809 38953 22201 30933 38308 20640 31045 37648 19029 31158 36980 17251 31364 36376 15569 31579 35840 13887 31785 35301 12232 32190 34634 10551 32413 34091
          38306 34518 25252 36812 34464 25579 35274 34407 25948 33850 34289 26321 32335 34196 26701 30851 34091 27082 29237 33986 27424 27556 33894 27762 25849 33800 28095 24279 33661 28489 22731 33505 28901 21153 33359 29317 19289 33332 29737 17552 33251 30152 15825 33161 30565 13710 33286 30981 11948 33210 31397
          37934 34079 26252 36513 34065 26516 35024 34046 26838 33614 33985 27151 32125 33933 27474 30670 33863 27807 29042 33758 28104 27441 33683 28420 25788 33589 28724 24151 33478 29069 22555 33346 29427 20885 33261 29803 19044 33221 30205 17245 33162 30570 15525 33086 30926 13508 33174 31283 11754 33113 31643
          37724 33693 27240 36387 33694 27460 34979 33679 27705 33500 33645 27969 32012 33628 28237 30495 33613 28503 28878 33529 28763 27298 33471 29031 25698 33391 29289 24037 33298 29590 22414 33196 29895 20714 33135 30220 18877 33102 30573 17018 33067 30907 15304 33006 31205 13377 33062 31505 11599 33038 31805
          37604 33330 28261 36335 33337 28441 34982 33331 28644 33480 33349 28811 31978 33372 29004 30449 33407 29188 28869 33329 29391 27294 33269 29603 25676 33176 29821 24010 33088 30116 22326 33027 30363 20571 33007 30629 18721 32984 30921 16890 32959 31210 15112 32925 31471 13203 33001 31710 11460 32971 31955
          37686 32961 29374 36229 33026 29446 34756 33056 29552 33249 33080 29683 31726 33103 29818 30176 33135 29958 28632 33073 30128 27079 33052 30294 25520 32995 30477 23888 32959 30624 22178 32904 30853 20418 32908 31055 18567 32898 31304 16766 32881 31507 14928 32872 31745 13067 32945 31926 11359 32890 32126
          37532 32617 30450 36062 32702 30446 34557 32776 30482 33041 32807 30562 31474 32854 30636 29897 32885 30729 28402 32854 30867 26858 32850 30982 25319 32824 31119 23679 32816 31220 21968 32819 31355 20248 32820 31503 18401 32836 31700 16570 32827 31855 14786 32814 32007 12968 32860 32153 11256 32824 32298
          37227 32260 31435 35787 32408 31410 34291 32506 31398 32780 32564 31428 31213 32617 31468 29567 32657 31515 28070 32667 31589 26612 32670 31675 25036 32692 31750 23455 32690 31813 21816 32712 31870 20070 32749 31973 18219 32775 32105 16370 32783 32211 14621 32780 32302 12860 32797 32388 11151 32772 32480
          37097 31949 32482 35654 32118 32389 34106 32259 32338 32540 32338 32313 30952 32403 32307 29237 32451 32323 27723 32480 32340 26291 32525 32361 24736 32572 32394 23179 32595 32404 21585 32635 32430 19898 32692 32466 18005 32739 32548 16236 32748 32581 14498 32756 32610 12762 32762 32637 11046 32780 32670
          37024 31762 33686 35595 31920 33467 34038 32019 33329 32496 32123 33246 30908 32205 33168 29232 32266 33128 27705 32299 33092 26201 32346 33054 24642 32389 33026 23100 32426 32978 21516 32474 32930 19862 32540 32901 17960 32615 32937 16201 32644 32918 14463 32666 32890 12753 32699 32869 11062 32717 32828
          36835 31598 34730 35477 31737 34486 34070 31864 34290 32433 31935 34192 30881 32028 34043 29252 32113 33951 27684 32130 33871 26116 32188 33763 24572 32211 33673 23016 32268 33562 21446 32327 33444 19837 32396 33344 17953 32490 33326 16200 32545 33259 14504 32598 33189 12644 32606 33017 10902 32646 32923
          36622 31441 35761 35352 31565 35498 34014 31686 35255 32379 31764 35118 30833 31866 34937 29217 31976 34785 27587 31993 34649 26004 32047 34484 24447 32064 34329 22903 32123 34157 21365 32198 33973 19797 32272 33803 17837 32367 33667 16077 32435 33527 14339 32490 33373 12599 32543 33216 10822 32599 33060
          36374 31261 36812 35140 31395 36523 33753 31489 36306 32143 31608 36092 30612 31718 35878 29003 31844 35672 27366 31875 35443 25772 31933 35230 24164 31964 35004 22634 32022 34763 21107 32071 34489 19549 32146 34247 17677 32263 34060 15958 32348 33848 14239 32420 33631 12517 32520 33414 10763 32576 33202
          36145 31090 37943 34859 31210 37650 33536 31323 37367 31934 31461 37097 30437 31582 36824 28836 31716 36567 27192 31743 36267 25602 31819 35994 23967 31854 35702 22435 31908 35382 20917 31957 35036 19391 32021 34699 17471 32162 34452 15746 32261 34175 14058 32352 33898 12422 32488 33602 10697 32569 33339
          35891 30923 39109 34593 31062 38797 33208 31155 38455 31651 31322 38133 30149 31443 37802 28606 31586 37488 26940 31634 37114 25357 31721 36777 23713 31768 36419 22172 31819 36013 20651 31872 35597 19119 31926 35178 17310 32085 34866 15616 32199 34531 13870 32285 34193 12244 32452 33823 10619 32571 33500
          35606 30803 40410 34284 30899 39994 32891 31010 39578 31357 31180 39182 29873 31308 38786 28340 31469 38411 26697 31532 37969 25105 31631 37567 23454 31690 37142 21904 31741 36655 20390 31801 36170 18850 31848 35670 17057 32017 35291 15374 32139 34900 13744 32248 34493 12138 32446 34055 10518 32582 33656
          35323 30680 41696 33989 30769 41184 32580 30870 40698 31080 31041 40228 29606 31185 39774 28082 31361 39331 26457 31445 38827 24861 31552 38357 23197 31624 37867 21645 31679 37308 20137 31741 36751 18592 31789 36176 16832 31948 35709 15206 32083 35242 13595 32217 34793 12012 32478 34269 10401 32608 33828
          35042 30553 42967 33683 30638 42368 32270 30730 41796 30816 30912 41272 29345 31073 40758 27850 31263 40253 26228 31371 39697 24611 31481 39151 22944 31569 38593 21394 31637 37977 19893 31690 37337 18345 31747 36696 16648 31898 36125 15043 32056 35620 13439 32205 35113 11876 32500 34521 10274 32650 34022
          36761 35508 25299 35334 35413 25609 33854 35317 25950 32531 35150 26310 31095 35014 26669 29709 34864 27043 28147 34718 27382 26581 34578 27726 24983 34434 28066 23435 34251 28456 21931 34046 28865 20396 33851 29280 18599 33779 29701 16940 33651 30114 15293 33513 30524 13434 33508 30933 11786 33358 31349
          36388 35070 26228 35048 35018 26481 33635 34960 26766 32307 34862 27105 30899 34769 27418 29521 34661 27752 27974 34502 28046 26449 34381 28359 24873 34239 28665 23311 34075 29007 21747 33902 29381 20146 33755 29753 18371 33676 30154 16641 33568 30519 15016 33438 30874 13273 33375 31229 11595 33266 31588
          36183 34695 27170 34929 34664 27386 33630 34611 27628 32218 34536 27891 30811 34475 28156 29385 34412 28418 27813 34275 28680 26308 34178 28947 24768 34050 29206 23183 33905 29513 21626 33755 29826 19983 33640 30157 18183 33565 30519 16439 33471 30846 14818 33355 31146 13119 33288 31445 11475 33173 31749
          36079 34354 28164 34895 34326 28334 33643 34286 28528 32202 34260 28697 30780 34229 28889 29310 34210 29071 27793 34079 29283 26286 33982 29497 24756 33848 29718 23145 33701 30025 21531 33591 30278 19849 33515 30553 18029 33444 30871 16293 33374 31148 14655 33273 31403 13014 33183 31648 11310 33133 31895
          36288 34006 29267 34807 34035 29302 33418 34027 29411 31977 33998 29541 30532 33972 29679 29040 33947 29822 27580 33833 30003 26095 33769 30171 24587 33669 30359 22981 33585 30551 21387 33475 30759 19695 33425 30971 17905 33374 31239 16129 33305 31468 14474 33222 31678 12826 33156 31869 11183 33080 32062
          36057 33664 30270 34642 33712 30268 33189 33758 30301 31741 33728 30389 30253 33731 30472 28748 33705 30570 27311 33629 30717 25815 33583 30833 24329 33510 30972 22783 33462 31103 21144 33411 31257 19480 33356 31420 17709 33301 31611 16067 33233 31774 14452 33159 31932 12882 33075 32081 11310 32993 32214
          35735 33338 31229 34365 33428 31181 32930 33507 31181 31478 33492 31236 29985 33506 31272 28465 33481 31329 27042 33442 31432 25578 33408 31505 24117 33372 31603 22585 33338 31681 20992 33304 31764 19361 33266 31859 17609 33235 32003 15940 33179 32104 14314 33121 32204 12751 33052 32295 11189 32977 32370
          35659 33080 32298 34254 33191 32185 32762 33239 32122 31301 33263 32128 29777 33292 32101 28240 33287 32122 26804 33263 32160 25352 33250 32191 23905 33231 32235 22395 33216 32262 20853 33197 32283 19263 33181 32312 17456 33187 32409 15773 33155 32460 14134 33128 32504 12518 33091 32544 10896 33044 32580
          35602 32852 33418 37593 36516 27763 27868 36267 26337 28185 36036 24769 28471 35766 23277 28739 35518 21710 28999 35258 20314 29307 34955 18971 29648 34641 17638 30025 34325 16211 30539 34121 14750 30879 33884 13263 31184 33651 11738 31564 33349 10194 31854 33118
          32861 26683 38587 31565 26815 38225 30182 27038 37896 28839 27351 37561 27455 27644 37258 26028 27985 36967 24507 28290 36634 22993 28563 36311 21439 28835 35987 20040 29163 35609 18695 29494 35216 17369 29886 34826 15967 30442 34563 14496 30790 34275 13018 31113 33984 11573 31567 33577 10018 31905 33292
          32568 26484 39865 31259 26589 39411 29869 26778 38987 28529 27116 38604 27145 27425 38242 25735 27802 37891 24241 28126 37504 22723 28404 37109 21170 28708 36722 19776 29041 36269 18430 29367 35803 17109 29775 35342 15747 30377 35005 14314 30748 34655 12868 31098 34304 11387 31532 33849  9884 31930 33477
          32279 26280 41127 30922 26382 40590 29558 26529 40084 28205 26878 39647 26838 27222 39228 254567 2169 38818 23980 27971 38375 22461 28258 37916 20906 28566 37456 19514 28930 36938 18177 29265 36405 16857 29677 35871 15587 30346 35424 14160 30732 35016 12721 31102 34608 11182 31593 34085  9743 31960 33689
          34730 32420 23527 33275 32407 23864 31815 32396 24261 30555 32392 24722 29180 32386 25167 27837 32384 25621 26375 32395 26042 24861 32402 26457 23317 32408 26863 21878 32419 27348 20462 32424 27852 18975 32450 28366 17063 32667 28903 15467 32728 29406 13822 32813 29940 12077 32930 30446 10505 32962 30961
          34218 31914 24464 32961 31943 24772 31629 31977 25121 30322 32043 25526 28970 32080 25921 27620 32114 26328 26166 32139 26706 24703 32169 27089 23180 32193 27461 21742 32216 27886 20255 32239 28377 18669 32359 28857 16955 32525 29369 15133 32659 29830 13515 32746 30277 11877 32807 30752 10312 32856 31212
          34023 31451 25405 32792 31504 25661 31517 31560 25967 30191 31647 26300 28851 31725 26638 27483 31824 26980 26031 31876 27312 24583 31928 27645 23105 31962 27980 21603 32000 28393 20113 32047 28824 18513 32202 29270 16811 32392 29714 15061 32515 30151 13389 32625 30569 11742 32681 30971 10192 32752 31377
          33963 31016 26394 32690 31089 26593 31396 31154 26840 30078 31289 27108 28727 31405 27378 27356 31546 27649 25927 31618 27932 24485 31680 28219 23020 31718 28514 21534 31770 28902 20022 31843 29275 18389 32030 29668 16649 32231 30092 14985 32379 30485 13327 32488 30843 11742 32567 31180 10209 32633 31519
          34096 30628 27529 32585 30719 27582 31203 30814 27741 29876 30953 27957 28511 31075 28168 27136 31218 28388 25754 31303 28658 24316 31399 28895 22871 31480 29159 21329 31612 29440 19878 31665 29755 18269 31876 30075 16551 32071 30455 14925 32239 30785 13306 32363 31100 11784 32495 31414 10245 32572 31699
          33833 30234 28545 32393 30350 28560 30975 30477 28641 29689 30623 28828 28306 30758 28976 26926 30907 29145 25585 31020 29383 24158 31134 29572 22741 31241 29796 21252 31372 30000 19666 31551 30243 18171 31702 30501 16441 31928 30821 14834 32114 31101 13255 32268 31369 11701 32414 31634 10151 32509 31874
          33454 29850 29537 32084 29996 29509 30776 30155 29605 29448 30311 29695 28089 30461 29796 26730 30625 29916 25407 30758 30109 23994 30886 30256 22608 31019 30439 21132 31173 30589 19615 31338 30737 18093 31514 30913 16337 31805 31206 14731 32004 31431 13179 32170 31645 11626 32337 31860  9991 32450 32053
          33328 29493 30587 32013 29686 30499 30605 29848 30513 29301 30020 30556 27941 30193 30604 26563 30366 30683 25205 30508 30834 23793 30659 30932 22388 30796 31072 20933 30970 31163 19490 31173 31252 17993 31383 31355 16255 31697 31613 14684 31909 31797 13151 32092 31958 11615 32280 32118 10070 32475 32282
          33182 29153 31649 31828 29350 31515 30446 29539 31439 29100 29728 31429 27712 29916 31423 26313 30110 31463 24921 30275 31557 23513 30448 31597 22127 30615 31680 20710 30822 31729 19292 31043 31774 17853 31283 31835 16166 31592 32026 14612 31808 32148 13086 31991 32246 11564 32183 32345 10048 32362 32440
          32986 28878 32633 31652 29075 32460 30325 29283 32369 28981 29482 32307 27600 29681 32271 26170 29892 32267 24759 30069 32307 23349 30256 32297 21930 30430 32313 20572 30661 32317 19176 30901 32306 17779 31159 32308 16108 31467 32434 14578 31689 32488 13087 31879 32521 11564 32102 32523 10016 32313 32535
          32811 28673 33612 31502 28851 33446 30218 29053 33309 28875 29263 33214 27486 29473 33133 25968 29666 33103 24592 29900 33072 23189 30081 33015 21748 30255 32986 20419 30513 32924 19067 30776 32853 17712 31051 32791 16082 31369 32790 14561 31600 32771 13051 31812 32745 11552 32030 32705  9998 32250 32657
          32554 28439 34636 31313 28618 34416 29987 28800 34296 28671 29041 34152 27294 29253 34037 25829 29478 33938 24398 29699 33846 22951 29889 33737 21493 30067 33642 20166 30334 33523 18862 30609 33360 17515 30890 33245 15878 31225 33184 14415 31487 33103 12977 31723 33007 11434 31959 32893  9918 32218 32794
          32180 28176 35735 30927 28328 35510 29613 28516 35331 28311 28777 35143 26967 29008 34974 25545 29265 34821 24100 29479 34649 22665 29692 34485 21193 29886 34316 19862 30144 34117 18571 30436 33883 17235 30710 33679 15807 31123 33570 14352 31391 33447 12925 31623 33294 11367 31907 33100  9877 32186 32933
          31833 27931 36870 30599 28097 36618 29271 28278 36393 27976 28560 36146 26630 28777 35915 25266 29049 35707 23789 29284 35457 22375 29506 35232 20889 29733 34994 19555 29979 34707 18281 30266 34424 17006 30574 34127 15639 31003 33968 14098 31288 33819 12686 31540 33607 11339 31873 33305  9828 32172 33097
          31558 27733 38131 30267 27836 37770 28942 28039 37476 27659 28325 37163 26334 28555 36872 24986 28857 36603 23533 29105 36295 22100 29341 36002 20609 29586 35697 19282 29843 35333 18012 30131 34980 16743 30451 34607 15371 30943 34374 13954 31245 34132 12572 31526 33864 11176 31828 33547  9750 32158 33246
          31279 27535 39379 29959 27617 38925 28617 27817 38555 27356 28109 38180 26036 28362 37834 24705 28684 37507 23270 28945 37131 21837 29192 36775 20349 29455 36409 19017 29727 35975 17754 30016 35548 16489 30352 35103 15181 30909 34784 13819 31226 34458 12445 31524 34134 11088 31808 33771  9684 32139 33417
          30996 27340 40613 29646 27428 40079 28306 27568 39594 27053 27903 39191 25749 28179 38794 24444 28515 38406 23025 28817 37985 21572 29064 37554 20087 29326 37120 18769 29645 36631 17502 29910 36122 16248 30273 35612 15027 30886 35187 13672 31218 34809 12306 31533 34429 10881 31894 33993  9525 32194 33638
          33354 33325 23615 31926 33283 23926 330332 25507 34540 28528 25930 34379 26690 26345 34246 24842 26877 34110 23099 27413 33932 21230 28025 33810 19246 28645 33659 17277 29204 33533 15293 29712 33367 13560 30255 33193 11592 30777 33027
          40198 22489 36791 38756 22857 36553 37213 23218 36354 35495 23774 36115 33754 24256 35890 31925 24800 35659 30085 25265 35437 28275 25696 35225 26429 26105 35023 24616 26705 34829 22915 27216 34550 21166 27827 34310 19146 28483 34096 17292 29079 33861 15475 29628 33612 13108 30124 33425 11189 30678 33188
          39949 22212 38135 38416 22530 37851 36867 22928 37582 35136 23485 37281 33434 23974 36996 31651 24516 36697 29791 24993 36396 27990 25442 36116 26139 25871 35832 24403 26472 35515 22675 27014 35189 20941 27674 34860 19180 28365 34554 17343 28904 34255 15344 29483 33998 13070 30066 33674 11129 30625 33368
          39684 21943 39499 38136 22281 39156 36520 22632 38824 34815 23220 38455 33111 23701 38103 31382 24249 37754 29502 24741 37362 27707 25209 37008 25847 25657 36647 24132 26267 36251 22420 26818 35846 20694 27521 35427 18937 28243 35037 17111 28834 34669 15290 29406 34310 13247 29910 33905 11395 30468 33544
          39388 21716 40904 37801 22003 40482 36184 22381 40069 34492 22947 39637 32800 23438 39217 31076 24034 38785 29234 24521 38333 27422 24991 37907 25549 25464 37467 23863 26082 36997 22163 26638 36511 20445 27375 36006 18691 28113 35540 16866 28724 35103 15082 29325 34677 12989 29921 34188 11117 30485 33753
          39088 21487 42314 37485 21736 41810 35842 22104 41325 34187 22687 40821 32486 23183 40332 30793 23790 39837 28963 24310 39310 27138 24789 38804 25255 25281 38294 23595 25916 37749 21897 26471 37176 20188 27234 36598 18447 28004 36055 16627 28637 35550 14846 29258 35056 12725 29918 34484 10858 30522 33980
          38786 21250 43716 37167 21500 43135 35504 21823 42580 33869 22412 42010 32186 22941 41451 30514 23559 40894 28700 24111 40299 26852 24603 39712 24967 25104 39124 23322 25768 38509 21632 26315 37841 19927 27116 37199 18214 27910 36586 16406 28565 36015 14615 29207 35451 12555 29905 34819 10634 30564 34232
          41300 28299 23151 39756 28357 23677 38153 28447 24227 36486 28641 24734 34802 28797 25252 33094 28991 25744 31351 29169 26220 29628 29352 26687 27858 29535 27152 25985 29748 27669 24116 29979 28180 22031 30296 28691 19900 30641 29196 17897 30976 29721 15933 31274 30244 13808 31560 30702 11789 31882 31243
          41233 27660 24527 39635 27788 24909 37961 27961 25290 36283 28182 25731 34597 28375 26167 32916 28598 26624 31187 28806 27024 29427 29007 27429 27675 29212 27829 25809 29469 28275 23915 29750 28788 21771 30167 29243 19715 30513 29719 17723 30828 30185 15751 31134 30643 13786 31432 31078 11668 31736 31527
          41019 27101 25708 39429 27265 25998 37779 27456 26319 36126 27712 26678 34421 27947 27027 32751 28229 27390 31033 28473 27723 29284 28696 28066 27517 28918 28402 25631 29258 28854 23738 29525 29271 21622 29970 29688 19573 30356 30112 17617 30696 30507 15666 31023 30901 13688 31309 31288 11666 31647 31686
          40778 26565 26864 39198 26744 27087 37578 26950 27354 35947 27253 27629 34270 27538 27898 32585 27858 28166 30872 28130 28445 29128 28381 28706 27384 28622 28981 25522 28932 29391 23597 29280 29756 21495 29753 30124 19482 30162 30497 17544 30528 30845 15608 30889 31183 13696 31205 31529 11660 31569 31852
          40482 26003 28077 38942 26250 28211 37343 26503 28390 35717 26842 28597 34059 27157 28801 32394 27503 29015 30680 27787 29240 28956 28058 29465 27219 28319 29687 25275 28707 29981 23413 29055 30279 21371 29567 30591 19359 30022 30899 17427 30424 31172 15426 30748 31476 13570 31100 31741 11651 31480 32041
          40324 25571 29360 38756 25817 29396 37139 26091 29476 35499 26453 29597 33831 26784 29717 32193 27169 29875 30487 27473 30041 28780 27757 30227 27059 28032 30424 25163 28444 30615 23177 28882 30822 21247 29379 31068 19258 29871 31304 17276 30251 31547 15364 30646 31777 13508 31016 31970 11543 31400 32200
          40183 25178 30666 38566 25411 30573 36903 25677 30536 35285 26069 30603 33629 26427 30656 31973 26837 30736 30299 27170 30855 28595 27466 30994 26876 27766 31132 25007 28189 31268 23103 28635 31391 21185 29155 31564 19214 29712 31748 17213 30127 31938 15312 30548 32108 13450 30947 32220 11530 31359 32385
          39993 24780 31873 38425 25062 31722 36769 25300 31602 35125 25730 31612 33476 26109 31597 31813 26527 31620 30095 26874 31692 28370 27222 31772 26653 27526 31835 24811 27973 31895 22996 28429 31949 21071 28978 32061 19050 29499 32170 17146 29963 32280 15193 30390 32376 13280 30793 32454 11288 31150 32513
          39788 24394 33095 38245 24669 32868 36668 24986 32698 34983 25423 32646 33329 25819 32564 31 39379 29959 27617 38925 28617 27817 38555 27356 28109 38180 26036 28362 37834 24705 28684 37507 23270 28945 37131 21837 29192 36775 20349 29455 36409 19017 29727 35975 17754 30016 35548 16489 30352 35103 15181 30909 34784 13819 31226 34458 12445 31524 34134 11088 31808 33771  9684 32139 33417
          30996 27340 40613 29646 27428 40079 28306 27568 39594 27053 27903 39191 25749 28179 38794 24444 28515 38406 23025 28817 37985 21572 29064 37554 20087 29326 37120 18769 29645 36631 17502 29910 36122 16248 30273 35612 15027 30886 35187 13672 31218 34809 12306 31533 34429 10881 31894 33993  9525 32194 33638
          33354 33325 23615 31926 33283 23926 30490 33252 24292 29318 33208 24737 28031 33162 25167 26744 33111 25607 25328 33088 26018 23904 33056 26442 22434 33037 26856 21059 32985 27334 19675 32951 27838 18236 32928 28350 16390 33104 28879 14814 33151 29398 13326 33143 29906 11834 33127 30408 10329 33113 30918
          32746 32832 24464 31570 32832 24763 30305 32839 25099 29080 32864 25505 27795 32866 25887 26538 32862 26299 25116 32844 26664 23732 32836 27050 22284 32822 27423 20901 32798 27851 19474 32777 28346 17967 32829 28827 16297 32971 29334 14584 33008 29798 13110 33010 30251 11637 33010 30706 10141 33014 31163
          32575 32376 25367 31413 32410 25618 30231 32444 25917 28963 32486 26249 27695 32528 26582 26386 32581 26925 24981 32586 27247 23610 32606 27584 22184 32602 27920 20757 32591 28343 19338 32592 28778 17815 32682 29227 161013184 32307 33948 12486 32329 33862 11700 32491 33573 10810 32516 33352  9824 32596 33189  8869 32632 33058
          23771 30941 37691 22742 30929 37308 21692 30946 36963 20816 31124 36716 19855 31280 36452 18910 31448 36206 17868 31602 35932 16799 31751 35660 15671 31878 35381 14764 31989 35049 13923 32122 34708 13073 32200 34367 12428 32202 34209 11774 32304 33897 10777 32446 33658  9793 32552 33441  8815 32653 33232
          25548 36511 23296 24369 36489 23590 23176 36473 23916 22352 36196 24362 21370 36006 24774 20437 35792 25205 19423 35577 25678 18350 35411 26116 17272 35223 26575 16336 34998 27140 15362 34749 27719 14345 34479 28323 13708 34092 29065 12766 33826 29653 11716 33606 30196 10633 33408 30729  9541 33211 31264
          25223 36157 24019 24193 36117 24289 23149 36087 24610 22242 35896 25028 21246 35763 25407 20263 35579 25804 19255 35377 26240 18198 35230 26644 17125 35062 27072 16147 34870 27556 15198 34607 28154 14311 34306 28769 13579 33980 29429 12672 33723 29974 11629 33518 30472 10552 33335 30960  9462 33155 31451
          25035 35827 24750 24050 35797 24983 23095 35757 25274 22143 35592 25630 21168 35484 25977 20178 35343 26336 19147 35157 26735 18108 35037 27105 17039 34884 27494 16049 34687 27993 15100 34448 28528 14265 34150 29115 13499 33853 29723 12581 33615 30226 11546 33428 30678 10530 33249 31120  9413 33091 31567
          24928 35528 25527 23945 35501 25711 22902 35454 25936 22025 35310 26267 21041 35214 26565 20070 35103 26882 19053 34943 27243 18024 34833 27581 16955 34696 27926 15978 34497 28408 15016 34280 28901 14215 34004 29446 13459 33714 30013 12560 33504 30463 11528 33329 30873 10480 33174 31271  9054 33157 31729
          25022 35250 26386 23807 35206 26499 22756 35175 26683 21854 35025 26970 20876 34943 27227 19925 34824 27511 18934 34688 27852 17905 34597 28145 16868 34483 28476 15939 34305 28890 14928 34134 29308 14144 33894 29788 13439 33607 30314 12306 33484 30719 11290 33335 31115  9941 33274 31465  8861 33156 31838
          24872 34841 27180 23696 34855 27272 22599 34885 27422 21722 34737 27673 20716 34680 27890 19747 34596 28131 18818 34443 28448 17783 34379 28709 16763 34286 29004 15801 34163 29341 14912 33975 29745 14056 33792 30134 13110 33601 30585 12186 33428 30969 11216 33280 31330  9960 33219 31636  8827 33131 31959
          24675 34435 27973 23516 34539 28052 22429 34583 28213 21527 34487 28400 20530 34445 28577 19577 34362 28783 18686 34229 29050 17661 34181 29266 16668 34100 29520 15709 33995 29805 14741 33897 30107 13839 33713 30465 13024 33520 30872 12123 33362 31203 11148 33240 31531  9937 33184 31819  8837 33104 32098
          24446 34211 28878 23361 34278 28892 22305 34329 28987 21424 34223 29132 20428 34202 29264 19451 34140 29432 18533 34023 29666 17511 33990 29845 16499 33926 30065 15570 33834 30312 14695 33732 30565 13818 33609 30846 12928 33483 31218 12015 33350 31492 11088 33229 31789 10073 33147 32035  9040 33071 32274
          24232 34004 29793 23207 34033 29732 22187 34077 29777 21298 33991 29873 20313 33987 29962 19359 33913 30088 18381 33835 30279 17365 33818 30410 16344 33770 30584 15451 33688 30782 14593 33601 30989 13737 33503 31217 12820 33414 31529 11852 33337 31761 10893 33246 31980  9822 33191 32196  8832 33114 32421
          24012 33802 30567 23017 33830 30502 22049 33865 30541 21145 33798 30600 20182 33796 30669 19186 33785 30764 18220 33684 30888 17207 33674 30987 16189 33639 31110 15318 33559 31262 14453 33497 31414 13632 33407 31597 12733 33344 31857 11746 33299 32040 10727 33253 32195  9694 33208 32348  8715 33149 32512
          23757 33640 31274 22883 33639 31282 21916 33655 31310 21017 33607 31352 20060 33608 31388 19070 33609 31445 18056 33535 31516 17046 33539 31577 16022 33510 31649 15167 33450 31751 14315 33404 31856 13488 33346 31972 12576 33311 32173 11624 33283 32301 10612 33257 32398  9571 33238 32503  8563 33217 32597
          23502 33399 32080 22660 33386 32087 21754 33410 32104 20823 33394 32096 19887 33422 32113 18909 33447 32137 17879 33388 32138 16883 33413 32172 15838 33407 32198 15008 33355 32250 14189 33315 32290 13366 33282 32357 12429 33259 32469 11441 33274 32535 10449 33271 32586  9454 33215 32595  8444 33225 32650
          23207 33109 33038 22347 33098 32982 21493 33172 32944 20557 33162 32897 19631 33211 32868 18689 33265 32844 17666 33226 32792 16689 33283 32776 15694 33326 32755 14794 33288 32720 13942 33255 32689 13091 33229 32676 12138 33294 32745 11228 33307 32765 10262 33297 32762  9276 33290 32731  8275 33315 32741
          22912 32840 34013 22064 32844 33913 21213 32927 33827 20294 32948 33731 19376 33017 33643 18453 33098 33563 17472 33057 33459 16516 33133 33384 15546 33181 33313 14649 33163 33212 13778 33147 33094 12887 33150 33008 12146 33113 33011 11278 33122 32985 10302 33146 32927  9641 32895 32795  8710 32891 32751
          22690 32664 35074 21785 32643 34870 20935 32739 34722 20036 32768 34561 19127 32844 34422 18212 32933 34295 17238 32931 34142 16277 33007 34011 15294 33060 33885 14455 33035 33682 13568 33043 33531 12733 33035 33363 12048 33006 33321 11205 33023 33254 10593 32785 33103  9680 32788 33005  8740 32808 32908
          22457 32483 36125 21536 32504 35819 20660 32568 35622 19763 32598 35393 18869 32691 35208 17973 32803 35032 17014 32827 34833 16053 32906 34646 15045 32956 34458 14267 32958 34203 13391 32967 33982 12610 32941 33734 12010 32866 33654 11359 32792 33549 10566 32708 33356  9632 32746 33209  8700 32782 33066
          22207 32348 37167 21270 32336 36793 20344 32401 36470 19506 32468 36235 18616 32556 36001 17732 32657 35764 16782 32719 35521 15813 32790 35280 14806 32860 35034 14057 32836 34720 13263 32879 34439 12554 32835 34134 12125 32644 34005 11336 32676 33838 10414 32750 33652  9477 32813 33461  8536 32877 33275
          23464 37823 23392 22420 37710 23677 21401 37570 24009 20659 37253 24430 19766 37005 24831 18904 36714 25256 17990 36447 25730 17032 36197 26183 16055 35942 26654 15262 35646 27221 14411 35323 27830 13479 34951 28461 12838 34555 29163 12063 34226 29793 11082 33993 30332 10091 33760 30871  9103 33523 31418
          23272 37483 24089 22371 37362 24356 21460 37239 24679 20599 36988 25078 19684 36784 25450 18788 36524 25842 17862 36257 26289 16901 36035 26699 15915 35804 27131 15077 35531 27631 14244 35199 28247 13464 34814 28887 12767 34432 29533 11963 34133 30103 10987 33915 30600  9999 33697 31096  9012 33476 31601
          23127 37197 24797 22261 37068 25019 21397 36944 25293 20531 36708 25650 19628 36522 25988 18721 36292 26354 17786 36059 26769 16830 35853 27145 15865 35636 27553 14992 35358 28057 14146 35055 28604 13425 34677 29214 12697 34317 29812 11913 34032 30344 10951 33827 30798  9980 33618 31251  9011 33408 31711
          23035 36933 25540 22150 36795 25711 21211 36656 25927 20415 36450 26252 19528 36261 26553 18652 36048 26884 17725 35864 27257 16786 35665 27609 15818 35472 27980 14948 35186 28459 14077 34905 28963 13389 34543 29530 12702 34186 30090 11916 33921 30573 10965 33728 30985 10002 33535 31395  9061 33334 31813
          23110 36602 26328 22035 36498 26452 21090 36400 26638 20273 36180 26931 19388 36022 27192 18523 35822 27485 17629 35625 27843 16685 35453 28147 15730 35274 28489 14923 35007CountOfDev04 34765 29353 13342 34437 29858 12681 34098 30375 11707 33898 30794 10603 33745 31167  9564 33595 31532  8593 33425 31907
          22986 36243 27080 21924 36169 27175 20930 36128 27340 20155 35909 27601 19239 35784 27831 18386 35586 28091 17522 35406 28412 16578 35250 28689 15655 35084 28996 14801 34874 29354 14010 34616 29774 13281 34337 30192 12477 34063 30653 11678 33828 31045 10621 33679 31375  9602 33536 31696  8643 33378 32029
          22769 35899 27828 21741 35893 27924 20746 35870 28068 19974 35689 28299 19073 35568 28490 18223 35399 28709 17403 35212 28989 16471 35064 29221 15567 34915 29490 14717 34711 29799 13864 34528 30131 13094 34251 30509 12393 33997 30933 11561 33790 31274 10549 33649 31576  9588 33513 31874  8639 33369 32164
          22605 35686 28719 21637 35642 28741 20668 35639 28846 19897 35442 29007 19014 35344 29158 18143 35180 29330 17278 35022 29575 16346 34895 29769 15403 34756 30002 14608 34556 30275 13829 34378 30547 13096 34147 30866 12314 33949 31262 11454 33784 31537 10539 33633 31820  9595 33507 32072  8658 33380 32322
          22412 35480 29597 21498 35419 29547 20562 35409 29614 19782 35228 29724 18908 35143 29832 18035 35008 29959 17123 34854 30159 16206 34737 30306 15249 34613 30492 14500 34410 30726 13730 34257 30946 13058 34031 31221 12235 33882 31539 11357 33739 31780 10430 33617 31999  9579 33457 32252  8634 33352 32454
          22201 35316 30358 21336 35237 30306 20442 35214 30362 19660 35046 30430 18806 34957 30516 17920 34834 30606 16988 34707 30752 16056 34594 30862 15086 34481 31001 14373 34288 31187 13630 34148 31364 13006 33941 31588 12152 33831 31846 11270 33706 32031 10381 33582 32223  9444 33493 32371  8496 33410 32523
          21965 35157 31054 21197 35066 31061 20330 35013 31098 19563 34863 31155 18706 34783 31208 17805 34693 31269 16849 34575 31363 15917 34470 31432 14956 34368 31522 14214 34204 31648 13493 34069 31779 12828 33901 31933 11981 33811 32135 11093 33731 32258 10224 33623 32393  9291 33552 32496  8353 33483 32605
          21724 34956 31822 20998 34841 31830 20218 34797 31860 19391 34675 31871 18552 34615 31895 17663 34546 31935 16692 34458 31956 15753 34354 31998 14775 34269 32048 14053 34123 32119 13411 33981 32202 12730 33844 32294 11858 33770 32411 10981 33711 32494 10137 33539 32492  9204 33494 32557  8264 33453 32629
          21478 34661 32706 20715 34576 32665 19958 34572 32651 19128 34462 32613 18314 34438 32600 17448 34403 32594 16512 34295 32559 15619 34246 32557 14684 34191 32565 13938 34054 32567 13214 33928 32550 12500 33801 32572 11804 33685 32637 11007 33580 32660 10274 33346 32608  9461 33234 32616  8578 33169 32634
          21233 34426 33604 20472 34338 33528 19711 34360 33466 18889 34279 33391 18071 34268 33329 17228 34262 33273 16302 34164 33187 15428 34137 33137 14513 34114 33083 13817 33950 32998 13031 33859 32938 12308 33729 32875 11672 33611 32885 10871 33559 32873 10252 33300 32788  9425 332000 nan</Curve>
    </curveType>
  </Tags>
</IccProfile>
