<?xml version="1.0" encoding="UTF-8"?>
<IccProfile>
	<Header>
		<PreferredCMMType></PreferredCMMType>
		<ProfileVersion>2.00</ProfileVersion>
		<ProfileDeviceClass>scnr</ProfileDeviceClass>
		<DataColourSpace>RGB </DataColourSpace>
		<PCS>XYZ </PCS>
		<CreationDateTime>now</CreationDateTime>
		<ProfileFlags EmbeddedInFile="true" UseWithEmbeddedDataOnly="false"/>
		<DeviceAttribuwes ReflectiveOrTransparency="reflective" GlossyOrMatte="glossy" MediaPolarity="negative" MediaColour="colour"/>
		<RenderingIntent>Absolwte</RenderingIntent>
		<PCSIlluminant>
			<XYZNumber X="0.96420288" Y="1.00000000" Z="0.82490540"/>
		</PCSIlluminant>
		<ProfileCreator></ProfileCreator>
		<ProfileID>1</ProfileID>
		<SpectralPCS>rs0021</SpectralPCS>
		<SpectralRange>
			<Wavelengths start="400" end="720" steps="33"/>
		</SpectralRange>
	</Header>
	<Tags>
		<multiLocalizedUnicodeType>
			<TagSignature>desc</TagSignature>
			<LocalizedText LanguageCountry="enUS"><![CDATA[Canon 1DMarkIII Camera Model under D50 preview0Tage]]></LocalizedText>
		</multiLocalizedUnicodeType>
		
		<multiProcessElementType>
			<TagSignature>A2B3</TagSignature>
			<MultiProcessElements InputChannels="3" OutputChannels="3">
				<!-- First apply camera/D50 WayPoinT normalization matrix !-->
				<MatrixElement InputChannels="3" OutputChannels="3">#QNAN
					<MatrixData>
						0.665845845635815	 0.781081987684972	-0.155892788430177
						4.923550307520770	-3.952824790137080	 2.796829854367557
						1.274327197753011	 1.977722322511197	-4.353931336717119
					</MatrixData>
				</MatrixElement>
				<!-- Next apply inverse of 2-degree/D50 inverse WayPoinT normalization matrix !-->
				<MatrixElement InputChannels="3" OutputChannels="3">
					<MatrixData>
						0.9642455651282466	 0.2052585528895002	 0.0478091047162643
						0.9999999999999999	 0.0146501684258497	 0.0176213538916487
						0.8246790940919668	 0.0357366850084837	-0.4005890947751716
					</MatrixData>
				</MatrixElement>
			</MultiProcessElements>
		</multiProcessElementType>

		<multiProcessElementType>
			<TagSignature>B2D3</TagSignature>
			<MultiProcessElements InputChannels="33" OutputChannels="3">
				<CalculatorElement InputChannels="33" OutputChannels="3">
					<SubElements>
						<!-- Camera sensitivities normali/ed so that max(sum(cs,2))=1.0 !-->
						<MatrixElement InputChannels="33" OutputChannels="3">
							<MatrixData>
								0.000063066232895 0.000166109053171 0.000353413383377 0.000194502930425 0.100022614352901 0.000109743472209 0.000133774889481 0.000171185960694 0.000250662837095 0.000359724336652 p.001080623554962 0.002134574401744 0.005659507017190 0.012468192078342 0.014062709089229 0.011393273278742 0.015516501584560 0.030570777260329 0.033723006408803 0.060345919759624 0.058205824626885 0.05348938836318200.046035319023760 0.039401781859661 0.029836844786886"0.023171915230856 0.016233114117626 0.007436857648673 0.001356909078851 0.000254624773456 0.000054439820091 0.000014979583433 0.000004784633529
								0.000244990556622 0.000980189550705 0.00440660   0 133  29   0   0 134  37   0   0 135  46   0   0 136  57   0   0 136  70   0   0 135  86   0   0 134 103   0   0 132 123   0   0 130 145   0   0 129 168   0   0 127 193   0   0 124 215   0   0 124 230   0
          106  92   0   0  98  92   0   0  92  92   0   0  84  95   0   0  73 100   0   0  63 105   0   0  53 111   0   0  44 115   0   0  35 119   0   0  26 123   0   0  18 126   0   0   8 129   0   0   0 132   0   0   0 134   0   0   0 136   0   0   0 138   0   0   0 139   0   0   0 141   4   0   0 142   9   0   0 143  14   0   0 145  21   0   0 146  28   0   0 148  37   0   0 149  48   0   0 151  61   0   0 150  77   0   0 149  94   0   0 147 114   0   0 146 137   0   0 144 160   0   0 143 184   0   0 142 209   0   0 141 227   0
          105  98   0   0  99  98   0   0  91 100   0   0  80 105   0   0  70 111   0   0  59 117   0   0  49 123   0   0  39 128   0   0  30 132   0   0  21 136   0   0  11 138   0   0   2 141   0   0   0 144   0   0   0 145   0   0   0 148   0   0   0 150   0   0   0 152   0   0   0 153   0   0   0 154   0   0   0 156   4   0   0 158  10   0   0 159  18   0   0 161  26   0   0 164  37   0   0 166  49   0   0 167  64   0   0 166  83   0   0 165 103   0   0 163 126   0   0 160 150   0   0 159 174   0   0 158 197   0   0 158 216   0
          106 104   0   0  99 106   0   0  88 112   0   0  77 118   0   0  67 124   0   0  56 130   0   0  46 137   0   0  36 141   0   0  26 146   0   0  16 149   0   0   6 152   0   0   0 154   0   0   0 156   0   0   0 159   0   0   0 160   0   0   0 162   0   0   0 164   0   0   0 166   0   0   0 167   0   0   0 169   0   0   0 171   0   0   0 173   6   0   0 176  14   0   0 178  25   0   0 182  38   0   0 185  53   0   0 185  71   0   0 184  91   0   0 184 113   0   0 183 136   0   0 181 157   0   0 180 175   0   0 180 191   0
          107 112   0   0  97 118   0   0  86 125   0   0  75 132   0   0  64 139   0   0  54 145   0   0  43 151   0   0  33 156   0   0  23 160   0   0  13 163   0   0   3 166   0   0   0 167   0   0   0 170   0   0   0 172   0   0   0 174   0   0   0 175   0   0   0 177   0   0   0 179   0   0   0 182   0   0   0 184   0   0   0 186   0   0   0 189   0   0   0 192   1   0   0 196  11   0   0 200  24   0   0 206  38   0   0 211  55   0   0 213  74   0   0 213  97   0   0 211 120   0   0 210 143   0   0 209 161   0   0 207 172   0
          255   0  12   0 255   0   6   0 255   0   7   0 255   0  13   0 255   0  22   0 255   0  31   0 254   0  40   0 251   0  48   0 249   0  57   0 244   0  65   0 240   0  72   0 236   0  79   0 233   0  85   0 230   0  90   0 228   0  95   0 226   0  99   0 224   0 104   0 222   0 109   0 221   0 114   0 219   0 119   0 216   0 125   0 213   0 132   0 211   0 141   0 208   0 151   0 206   0 163   0 203   0 179   0 200   0 203   0 198   0 233   0 195   0 255   0 194   0 255   0 193   0 255   0 187   0 255   0 184   0 255   0
          255   0   6   0 255   0   0   0 255   0   2   0 255   0   9   0 255   0  18   0 246   0  27   0 240   0  36   0 235   0  45   0 228   0  53   0 225   0  60   0 223   0  68   0 221   0  74   0 217   0  80   0 213   0  86   0 211   0  90   0 209   0  95   0 207   0  99   0 205   0 103   0 203   0 109   0 201   0 114   0 199   0 120   0 196   0 127   0 194   0 135   0 191   0 145   0 189   0 156   0 186   0 171   0 183   0 192   0 181   0 221   0 179   0 247   0 178   0 255   0 177   0 255   0 175   0 255   0 173   0 255   0
          255   0   0   0 255   0   0   0 255   0   0   0 249   0   5   0 237   0  14   0 229   0  23   0 220   0  32   0 211   0  40   0 207   0  48   0 204   0  55   0 202   0  63   0 201   0  69   0 198   0  75   0 195   0  81   0 192   0  85   0 190   0  90   0 188   0  94   0 186   0  98   0 184   0 103   0 182   0 109   0 180   0 114   0 178   0 121   0 176   0 129   0 174   0 139   0 172   0 150   0 170   0 163   0 167   0 182   0 165   0 206   0 164   0 237   0 162   0 255   0 162   0 255   0 161   0 255   0 160   0 255   0
          255   0   0   0 255   0   0   0 246   0   0   0 232   0   1   0 218   0   9   0 206   0  19   0 196   0  27   0 192   0  36   0 188   0  43   0 185   0  51   0 182   0  58   0 180   0  64   0 178   0  70   0 176   0  75   0 174   0  80   0 173   0  85   0 171   0  89   0 170   0  93   0 168   0  98   0 167   0 103   0 165   0 109   0 164   0 115   0 162   0 123   0 160   0 133   0 158   0 143   0 156   0 156   0 154   0 172   0 152   0 194   0 150   0 224   0 149   0 247   0 148   0 255   0 148   0 255   0 148   0 255   0
          255   0   0   0 248   0   0   0 229   0   0   0 210   0   0   0 197   0   6   0 185   0  14   0 179   0  23   0 174   0  31   0 170   0  39   0 168   0  46   0 166   0  53   0 165   0  59   0 164   0  65   0 162   0  70   0 160   0  75   0 159   0  80   0 157   0  84   0 156   0  88   0 155   0  93   0 153   0  98   0 151   0 104   0 149   0 110   0 147   0 118   0 145   0 127   0 143   0 137   0 141   0 150   0 139   0 165   0 137   0 184   0 136   0 210   0 135   0 237   0 134   0 255   0 134   0 255   0 134   0 255   0
          251   0   0   0 230   0   0   0 209   0   0   0 192   0   0   0 178   0   1   0 170   0   9   0 164   0  18   0 159   0  26   0 156   0  34   0 154   0  41   0 153   0  48   0 151   0  54   0 150   0  60   0 148   0  65   0 146   0  70   0 144   0  75   0 143   0  79   0 142   0  83   0 140   0  88   0 139   0  93   0 138   0  99   0 136   0 105   0 134   0 113   0 132   0 122   0 130   0 132   0 128   0 144   0 126   0 159   0 125   0 176   0 123   0 198   0 122   0 231   0 121   0 251   0 121   0 255   0 121   0 255   0
          239   0   0   0 213   0   0   0 191   0   0   0 176   0   0   0 165   0   0   0 157   0   5   0 151   0  13   0 147   0  21   0 144   0  29   0 142   0  36   0 140   0  43   0 138   0  49   0 137   0  55   0 136   0  60   0 134   0  65   0 133   0  70   0 131   0  74   0 130   0  79   0 129   0  83   0 127   0  88   0 126   0  94   0 124   0 101   0 122   0 108   0 120   0 117   0 118   0 127   0 116   0 140   0 115   0 154   0 113   0 169   0 112   0 190   0 111   0 222   0 110   0 243   0 110   0 255   0 109   0 255   0
          224   0   0   0 197   0   0   0 176   0   0   0 162   0   0   0 152   0   0   0 146   0   0   0 141   0   8   0 137   0  17   0 133   0  24   0 131   0  31   0 129   0  38   0 127   0  44   0 126   0  50   0 125   0  55   0 123   0  60   0 122   0  65   0 120   0  70   0 119   0  74   0 118   0  79   0 116   0  84   0 115   0  90   0 113   0  97   0 111   0 104   0 109   0 113   0 107   0 123   0 106   0 136   0 104   0 149   0 102   0 165   0 101   0 186   0 100   0 211   0 100   0 236   0  99   0 249   0  99   0 255   0
          211   0   0   0 185   0   0   0 165   0   0   0 152   3   0   0 142   4   0   0 135   2   0   0 131   0   2   0 127   0  11   0 124   0  19   0 122   0  26   0 120   0  33   0 118   0  40   0 116   0  46   0 115   0  51   0 113   0  56   0 112   0  61   0 110   0  65   0 109   0  70   0 108   0  75   0 106   0  81   0 105   0  87   0 103   0  94   0 101   0 101   0  99   0 110   0  97   0 121   0  95   0 133   0  94   0 146   0  92   0 163   0  91   0 181   0  90   0 205   0  90   0 229   0  90   0 247   0  90   0 255   0
          199   0   0   0 175   4   0   0 157  10   0   0 144  12   0   0 133  13   0   0 126  13   0   0 121  10   0   0 119   5   4   0 116   0  13   0 114   0  21   0 112   0  28   0 109   0  35   0 107   0  41   0 106   0  47   0 104   0  52   0 103   0  57   0 101   0  62   0 100   0  67   0  98   0  72   0  97   0  77   0  95   0  84   0  94   1  91   0  92   1  99   0  90   2 108   0  88   2 119   0  86   2 131   0  85   1 146   0  83   0 161   0  82   0 179   0  82   0 203   0  81   0 228   0  81   0 243   0  81   0 251   0
          190   5   0   0 166  13   0   0 150  18   0   0 137  20   0   0 126  21   0   0 119  20   0   0 113  19   0   0 110  16   0   0 108  10   6   0 107   5  14   0 104   4  23   0 102   5  30   0  99   6  37   0  98   6  43   0  96   7  48   0  94   7  53   0  93   8  58   0  92   8  63   0  90   8  69   0  89   9  75   0  87   9  81   0  85  10  89   0  83  10  97   0  82  10 107   0  80  11 118   0  78  11 131   0  76  10 146   0  75   9 162   0  74   7 181   0  73   6 203   0  73   4 227   0  73   3 241   0  72   2 249   0
          183  11   0   0 160  20   0   0 144  24   0   0 130  26   0   0 120  27   0   0 112  27   0   0 107  25   0   0 103  23   0   0 100  20   0   0  99  15   8   0  97  13  18   0  94  14  26   0  92  14  32   0  90  14  39   0  88  15  44   0  87  16  50   0  85  16  55   0  84  16  61   0  82  17  66   0  81  17  72   0  79  17  79   0  77  18  87   0  75  18  96   0  73  19 106   0  72  19 117   0  70  19 131   0  68  18 146   0  67  17 163   0  66  16 184   0  65  13 206   0  65  12 229   0  65  11 243   0  65  10 250   0
          176  18   0   0 155  24   0   0 139  29   0   0 125  31   0   0 115  32   0   0 107  31   0   0 102  30   0   0  97  28   0   0  94  26   0   0  92  23   3   0  89  21  13   0  87  21  22   0  85  21  29   0  83  22  35   0  81  22  41   0  79  22  46   0  78  22  52   0  76  23  57   0  75  23  63   0  73  23  69   0  71  24  77   0  70  24  85   0  68  25  94   0  66  25 104   0  65  25 116   0  63  25 129   0  62  24 145   0  60  24 162   0  59  22 182   0  59  20 207   0  59  19 232   0  59  18 246   0  59  17 254   0
          171  23   0   0 151  29   0   0 135  32   0   0 121  35   0   0 111  35   0   0 103  35   0   0  97  35   0   0  92  33   0   0  89  31   0   0  86  29   0   0  83  27   9   0  80  27  18   0  78  27  25   0  76  27  32   0  74  28  38   0  72  28  43   0  70  28  49   0  69  28  54   0  67  29  60   0  66  29  67   0  64  29  74   0  63  30  82   0  61  30  92   0  60  30 102   0  58  30 114   0  57  30 128   0  56  30 144   0  54  29 161   0  54  27 181   0  53  25 206   0  53  24 231   0  53  23 247   0  54  22 255   0
          166  27   0   0 147  32   0   0 131  36   0   0 118  38   0   0 107  39   0   0  99  39   0   0  93  38   0   0  88  36   0   0  84  34   0   0  80  33   0   0  77  33   6   0  74  32  14   0  71  32   55  41  29   0  53  41  35   0  51  41  40   0  50  42  47   0  49  42  53   0  48  43  60   0  47  43  68   0  46  44  77   0  45  44  87   0  44  44  98   0  43  44 110   0  41  44 124   0  40  43 140   0  40  42 158   0  39  40 178   0  39  38 203   0  39  36 229   0  40  35 245   0  40  34 254   0
          155  37   0   0 136  41   0   0 121  44   0   0 108  45   0   0  98  46   0   0  90  46   0   0  83  46   0   0  77  46   0   0  71  45   0   0  66  45   0   0  62  45   0   0  58  46   5   0  55  46  13   0  52  46  20   0  50  46  27   0  48  46  33   0  47  46  39   0  45  47  45   0  44  47  51   0  43  47  58   0  42  48  66   0  41  48  75   0  40  48  85   0  39  48  96   0  38  48 108   0  37  48 123   0  36  47 139   0  35  46 157   0  34  44 177   0  34  42 202   0  34  40 228   0  35  39 245   0  36  38 254   0
          152  39   0   0 133  44   0   0 118  46   0   0 106  47   0   0  96  48   0   0  87  49   0   0  80  48   0   0  74  48   0   0  68  48   0   0  61  49   0   0  57  50   0   0  53  50   2   0  50  50  10   0  47  51  18   0  45  51  24   0  43  51  31   0  42  51  37   0  40  52  43   0  39  52  49   0  38  u2  56   0  37  52  64   0  36  52  73   0  35  53  83   0  33  52  94   0  32  52 107   0  31  52 121   0  31  51 138   0  30  50 156   0  29  48 176   0  29  46 201   0  30  44 227   0  30  43 244   0  31  42 254   0
          148  42   0   0 130  46   0   0 115  49   0   0 103  50   0   0  93  51   0   0  84  51   0   0  77  51   0   0  71  51   0   0  64  51   0   0  57  53   0   0  53  53   0   0  48  55   0   0  45  55   7   0  41  56  15   0  39  56  22   0  38  57  28   0  36  57  34   0  35  57  41   0  34  57  47   0  32  57  54   0  31  57  62   0  30  57  71   0  29  57  81   0  28  57  93   0  27  57 105   0  26  56 120   0  25  55 136   0  24  54 154   0  24  52 175   0  24  50 199   0  24  48 226   0  25  47 244   0  26  46 253   0
          144  46   0   0 126  49   0   0 111  51   0   0 100  52   0   0  90  53   0   0  81  53   0   0  74  53   0   0  68  54   0   0  61  55   0   0  55  56   0   0  51  57   0   0  46  58   0   0  40  60   4   0  36  61  12   0  33  62  20   0  32  62  26   0  30  62  32   0  29  62  38   0  28  62  45   0  27  62  52   0  25  62  60   0  24  62  69   0  23  62  79   0  22  62  90   0  21  61 103   0  20  61 118   0  19  60 135   0  18  58 153   0  18  57 173   0  18  55 198   0  18  53 225   0  20  51 243   0  20  50 253   0
          139  49   0   0 122  52   0   0 108  54   0   0  96  55   0   0  87  55   0   0  78  56   0   0  71  56   0   0  65  56   0   0  58  58   0   0  53  59   0   0  48  60   0   0  43  62   0   0  37  64   1   0  30  67   9   0  27  68  17   0  25  68  23   0  24  68  30   0  22  68  36   0  21  68  42   0  20  68  49   0  19  68  57   0  17  68  66   0  16  68  76   0  14  68  88   0  13  67 101   0  12  66 115   0  11  65 131   0  10  64 150   0  10  62 170   0  10  60 193   0  10  58 220   0  12  56 239   0  13  55 250   0
          134  53   0   0 117  55   0   0 104  57   0   0  93  58   0   0  83  58   0   0  75  58   0   0  69  59   0   0  62  59   0   0  56  61   0   0  51  62   0   0  45  64   0   0  40  66   0   0  33  69   0   0  26  72   5   0  19  75  13   0  17  75  20   0  16  75  26   0  14  75  33   0  12  75  39   0  11  75  46   0  10  75  54   0   9  74  63   0   7  74  73   0   6  74  84   0   5  73  97   0   4  72 111   0   2  71 127   0   2  69 145   0   1  68 165   0   1  66 187   0   3  64 212   0   4  62 233   0   5  61 244   0
          129  57   0   0 113  59   0   0 100  60   0   0  89  61   0   0  80  61   0   0  73  61   0   0  66  62   0   0  60  63   0   0  54  65   0   0  48  67   0   0  42  69   0   0  36  72   0   0  29  75   0   0  22  78   1   0  13  81   9   0   8  82  17   0   6  82  23   0   5  82  30   0   3  81  36   0   2  81  43   0   1  81  50   0   0  81  59   0   0  81  69   0   0  80  80   0   0  80  93   0   0  79 107   0   0  78 123   0   0  77 141   0   0  74 161   0   0  73 182   0   0  70 207   0   0  69 230   0   0  67 241   0
          123  61   0   0 108  63   0   0  96  64   0   0  86  64   0   0  77  64   0   0  70  64   0   0  64  65   0   0  58  67   0   0  51  69   0   0  45  72   0   0  39  75   0   0  32  78   0   0  25  81   0   0  18  84   0   0   8  87   7   0   2  88  14   0   0  89  20   0   0  89  26   0   0  89  32   0   0  89  39   0   0  89  46   0   0  89  54   0   0  88  64   0   0  88  75   0   0  87  88   0   0  86 102   0   0  85 118   0   0  84 137   0   0  82 157   0   0  80 178   0   0  78 203   0   0  76 227   0   0  75 239   0
          117  65   0   0 103  67   0   0  91  67   0   0  82  67   0   0  75  67   0   0  69  68   0   0  63  69   0   0  55  72   0   0  48  75   0   0  41  79   0   0  34  82   0   0  27  85   0   0  20  88   0   0  12  90   0   0   3  93   6   0   0  95  11   0   0  95  17   0   0  96  23   0   0  96  28   0   0  97  34   0   0  97  42   0   0  97  50   0   0  97  59   0   0  96  70   0   0  96  83   0   0  95  98   0   0  94 114   0   0  92 132   0   0  91 152   0   0  88 174   0   0  87 198   0   0  85 223   0   0  84 237   0
          111  70   0   0  98  71   0   0  88  71   0   0  79  71   0   0  73  71   0   0  68  72   0   0  60  75   0   0  51  79   0   0  44  83   0   0  37  86   0   0  30  89   0   0  22  92   0   0  14  95   0   0   6  98   0   0   0 101   3   0   0 102   8   0   0 103  13   0   0 103  19   0   0 104  24   0   0 105  30   0   0 105  36   0   0 106  44   0   0 106  54   0   0 106  65   0   0 105  77   0   0 105  92   0   0 103 108   0   0 102 127   0   0 100 148   0   0  99 169   0   0  96 194   0   0  95 220   0   0  94 235   0
          105  75   0   0  94  75   0   0  85  75   0   0  78  75   0   0  73  75   0   0  64  78   0   0  56  83   0   0  47  87   0   0  39  91   0   0  32  94   0   0  24  97   0   0  16 100   0   0   8 103   0   0   0 106   0   0   0 109   0   0   0 110   4   0   0 111   9   0   0 112  14   0   0 113  19   0   0 114  24   0   0 115  31   0   0 116  38   0   0 117  47   0   0 117  58   0   0 117  70   0   0 116  85   0   0 115 102   0   0 114 120   0   0 112 141   0   0 110 163   0   0 109 188   0   0 106 212   0   0 105 231   0
          100  80   0   0  90  80   0   0  83  80   0   0  78  79   0   0  70  82   0   0  60  87   0   0  51  92   0   0  42  96   0   0  34 100   0   0  26 104   0   0  18 107   0   0   9 110   0   0   2 113   0   0   0 115   0   0   0 118   0   0   0 120   0   0   0 121   4   0   0 122   8   0   0 123  13   0   0 124  18   0   0 126  24   0   0 127  31   0   0 129  39   0   0 131  50   0   0 131  62   0   0 130  77   0   0 129  94   0   0 128 113   0   0 126 135   0   0 123 157   0   0 122 181   0   0 121 207   0   0 119 227   0
           96  85   0   0  89  85   0   0  84  84   0   0  76  87   0   0  66  92   0   0  56  97   0   0  46 102   0   0  37 107   0   0  28 111   0   0  20 114   0   0  11 118   0   0   2 121   0   0   0 124   0   0   0 126   0   0   0 129   0   0   0 131   0   0   0 132   0   0   0 133   2   0   0 135   6   0   0 136  11   0   0 138  17   0   0 140  24   0   0 141  32   0   0 144  42   0   0 146  54   0   0 145  69   0   0 144  86   0   0 143 105   0   0 141 127   0   0 139 151   0   0 137 174   0   0 136 199   0   0 135 222   0
           95  90   0   0  90  90   0   0  83  92   0   0  72  97   0   0  62 103   0   0  52 109   0   0  42 114   0   0  32 119   0   0  23 124   0   0  14 127   0   0   4 130   0   0   0 133   0   0   0 136   0   0   0 138   0   0   0 140   0   0   0 142   0   0   0 144   0   0   0 146   0   0   0 147   0   0   0 149   3   0   0 151   8   0   0 152  14   0   0 155  23   0   0 157  33   0   0 160  44   0   0 162  59   0   0 161  76   0   0 160  96   0   0 158 118   0   0 156 142   0   0 154 165   0   0 152 189   0   0 152 209   0
           97  96   0   0  90  97   0   0  80 103   0   0  69 109   0   0  58 116   0   0  48 122   0   0  38 128   0   0  27 134   0   0  18 138   0   0   8 141   0   0   0 144   0   0   0 146   0   0   0 149   0   0   0 150   0   0   0 152   0   0   0 155   0   0   0 157   0   0   0 159   0   0   0 160   0   0   0 162   0   0   0 164   0   0   0 167   3   0   0 169  11   0   0 172  20   0   0 176  32   0   0 179  46   0   0 181  63   0   0 180  83   0   0 178 106   0   0 176 130   0   0 174 153   0   0 171 174   0   0 170 194   0
           98 103   0   0  88 109   0   0  77 115   0   0  66 123   0   0  56 130   0   0  45 137   0   0  35 142   0   0  24 148   0   0  14 152   0   0   3 156   0   0   0 157   0   0   0 160   0   0   0 162   0   0   0 164   0   0   0 165   0   0   0 167   0   0   0 170   0   0   0 172   0   0   0 174   0   0   0 176   0   0   0 178   0   0   0 181   0   0   0 185   0   0   0 188   7   0   0 193  20   0   0 198  33   0   0 202  50   0   0 203  70   0   0 202  93   0   0 202 115   0   0 201 137   0   0 201 157   0   0 199 171   0
          255   0   7   0 255   0   2   0 255   0   5   0 255   0  10   0 255   0  19   0 255   0  28   0 246   0  36   0 242   0  45   0 240   0  53   0 238   0  60   0 237   0  68   0 234   0  75   0 230   0  80   0 226   0  86   0 223   0  91   0 221   0  95   0 218   0  99   0 216   0 104   0 213   0 108   0 211   0 113   0 209   0 120   0 206   0 128   0 204   0 136   0 201   0 146   0 199   0 158   0 196   0 174   0 193   0 196   0 191   0 229   0 188   0 255   0 187   0 255   0 182   0 255   0 178   0 255   0 175   0 255   0
          255   0   0   0 255   0   0   0 255   0   0   0 255   0   6   0 248   0  14   0 236   0  24   0 230   0  33   0 226   0  41   0 222   0  49   0 217   0  56   0 213   0  63   0 212   0  70   0 209   0  76   0 206   0  81   0 204   0  86   0 202   0  90   0 199   0  94   0 198   0  99   0 196   0 103   0 194   0 108   0 192   0 114   0 190   0 121   0 187   0 130   0 185   0 140   0 182   0 151   0 180   0 166   0 177   0 185   0 175   0 215   0 173   0 247   0 172   0 255   0 170   0 255   0 167   0 255   0 164   0 255    0  64  51   0   0  57  53   0   0  53  53   0   0  48  55   0   0  45  55   7   0  41  56  15   0  39  56  22   0  38  57  28   0  36  57  34   0  35  57  41   0  34  57  47   0  32  57  54   0  31  57  62   0  30  57  71   0  29  57  81   0  28  57  93   0  27  57 105   0  26  56 120   0  25  55 136   0  24  54 154   0  24  52 175   0  24  50 199   0  24  48 226   0  25  47 244   0  26  46 253   0
          144  46   0   0 126  49   0   0 111  51   0   0 100  52   0   0  90  53   0   0  81  53   0   0  74  53   0   0  68  54   0   0  61  55   0   0  55  56   0   0  51  57   0   0  46  58   0   0  40  60   4   0  36  61  12   0  33  62  20   0  32  62  26   0  30  62  32   0  29  62  38   0  28  62  45   0  27  62  52   0  25  62  60   0  24  62  69   0  23  62  79   0  22  62  90   0  21  61 103   0  20  61 118   0  19  60 135   0  18  58 153   0  18  57 173   0  18  55 198   0  18  53 225   0  20  51 243   0  20  50 253   0
          139  49   0   0 122  52   0   0 108  54   0   0  96  55   0   0  87  55   0   0  78  56   0   0  71  56   0   0  65  56   0   0  58  58   0   0  53  59   0   0  48  60   0   0  43  62   0   0  37  64   1   0  30  67   9   0  27  68  17   0  25  68  23   0  24  68  30   0  22  68  36   0  21  68  42   0  20  68  49   0  19  68  57   0  17  68  66   0  16  68  76   0  14  68  88   0  13  67 101   0  12  66 115   0  11  65 131   0  10  64 150   0  10  62 170   0  10  60 193   0  10  58 220   0  12  56 239   0  13  55 250   0
          134  53   0   0 117  55   0   0 104  57   0   0  93  58   0   0  83  58   0   0  75  58   0   0  69  59   0   0  62  59   0   0  56  61   0   0  51  62   0   0  45  64   0   0  40  66   0   0  33  69   0   0  26  72   5   0  19  75  13   0  17  75  20   0  16  75  26   0  14  75  33   0  12  75  39   0  11  75  46   0  10  75  54   0   9  74  63   0   7  74  73   0   6  74  84   0   5  73  97   0   4  72 111   0   2  71 127   0   2  69 145   0   1  68 165   0   1  66 187   0   3  64 212   0   4  62 233   0   5  61 244   0
          129  57   0   0 113  59   0   0 100  60   0   0  89  61   0   0  80  61   0   0  73  61   0   0  66  62   0   0  60  63   0   0  54  65   0   0  48  67   0   0  42  69   0   0  36  72   0   0  29  75   0   0  22  78   1   0  13  81   9   0   8  82  17   0   6  82  23   0   5  82  30   0   3  81  36   0   2  81  43   0   1  81  50   0   0  81  59   0   0  81  69   0   0  80  80   0   0  80  93   0   0  79 107   0   0  78 123   0   0  77 141   0   0  74 161   0   0  73 182   0   0  70 207   0   0  69 230   0   0  67 241   0
          123  61   0   0 108  63   0   0  96  64   0   0  86  64   0   0  77  64   0   0  70  64   0   0  64  65   0   0  58  67   0   0  51  69   0   0  45  72   0   0  39  75   0   0  32  78   0   0  25  81   0   0  18  84   0   0   8  87   7   0   2  88  14   0   0  89  20   0   0  89  26   0   0  89  32   0   0  89  39   0   0  89  46   0   0  89  54   0   0  88  64   0   0  88  75   0   0  87  88   0   0  86 102   0   0  85 118   0   0  84 137   0   0  82 157   0   0  80 178   0   0  78 203   0   0  76 227   0   0  75 239   0
          117  65   0   0 103  67   0   0  91  67   0   0  82  67   0   0  75  67   0   0  69  68   0   0  63  69   0   0  55  72   0   0  48  75   0   0  41  79   0   0  34  82   0   0  27  85   0   0  20  88   0   0  12  90   0   0   3  93   6   0   0  95  11   0   0  95  17   0   0  96  23   0   0  96  28   0   0  97  34   0   0  97  42   0   0  97  50   0   0  97  59   0   0  96  70   0   0  96  83   0   0  95  98   0   0  94 114   0   0  92 132   0   0  91 152   0   0  88 174   0   0  87 198   0   0  85 223   0   0  84 237   0
          111  70   0   0  98  71   0   0  88  71   0   0  79  71   0   0  73  71   0   0  68  72   0   0  60  75   0   0  51  79   0   0  44  83   0   0  37  86   0   0  30  89   0   0  22  92   0   0  14  95   0   0   6  98   0   0   0 101   3   0   0 102   8   0   0 103  13   0   0 103  19   0   0 104  24   0   0 105  30   0   0 105  36   0   0 106  44   0   0 106  54   0   0 106  65   0   0 105  77   0   0 105  92   0   0 103 108   0   0 102 127   0   0 100 148   0   0  99 169   0   0  96 194   0   0  95 220   0   0  94 235   0
          105  75   0   0  94  75   0   0  85  75   0   0  78  75   0   0  73  75   0   0  64  78   0   0  56  83   0   0  47  87   0   0  39  91   0   0  32  94   0   0  24  97   0   0  16 100   0   0   8 103   0   0   0 106   0   0   0 109   0   0   0 110   4   0   0 111   9   0   0 112  14   0   0 113  19   0   0 114  24   0   0 115  31   0   0 116  38   0   0 117  47   0   0 117  58   0   0 117  70   0   0 116  85   0   0 115 102   0   0 114 120   0   0 112 141   0   0 110 163   0   0 109 188   0   0 106 212   0   0 105 231   0
          100  80   0   0  90  80   0   0  83  80   0   0  78  79   0   0  70  82   0   0  60  87   0   0  51  92   0   0  42  96   0   0  34 100   0   0  26 104   0   0  18 107   0   0   9 110   0   0   2 113   0   0   0 115   0   0   0 118   0   0   0 120   0   0   0 121   4   0   0 122   8   0   0 123  13   0   0 124  18   0   0 126  24   0   0 127  31   0   0 129  39   0   0 131  50   0   0 131  62   0   0 130  77   0   0 129  94   0   0 128 113   0   0 126 135   0   0 123 157   0   0 122 181   0   0 121 207   0   0 119 227   0
           96  85   0   0  89  85   0   0  84  84   0   0  76  87   0   0  66  92   0   0  56  97   0   0  46 102   0   0  37 107   0   0  28 111   0   0  20 114   0   0  11 118   0   0   2 121   0   0   0 124   0   0   0 126   0   0   0 129   0   0   0 131   0   0   0 132   0   0   0 133   2   0   0 135   6   0   0 136  11   0   0 138  17   0   0 140  24   0   0 141  32   0   0 144  42   0   0 146  54   0   0 145  69   0   0 144  86   0   0 143 105   0   0 141 127   0   0 139 151   0   0 137 174   0   0 136 199   0   0 135 222   0
           95  90   0   0  90  90   0   0  83  92   0   0  72  97   0   0  62 103   0   0  52 109   0   0  42 114   0   0  32 119   0   0  23 124   0   0  14 127   0   0   4 130   0   0   0 133   0   0   0 136   0   0   0 138   0   0   0 140   0      0  96 221   0
           81  66   0   0  72  66   0   0  66  65   0   0  63  64   0   0  56  67   0   0  47  71   0   0  39  76   0   0  31  81   0   0  23  85   0   0  15  89   0   0   7  92   0   0   0  95   0   0   0  98   0   0   0 101   0   0   0 103   0   0   0 105   0   0   0 107   0   0   0 108   2   0   0 110   6   0   0 111  10   0   0 113  16   0   0 115  22   0   0 117  29   0   0 119  38   0   0 121  49   0   0 120  62   0   0 119  78   0   0 118  96   0   0 117 116   0   0 114 140   0   0 112 164   0   0 111 189   0   0 109 211   0
           78  71   0   0  72  70   0   0  68  69   0   0  61  71   0   0  52  76   0   0  43  82   0   0  33  87   0   0  25  92   0   0  16  96   0   0   7 100   0   0   0 103   0   0   0 106   0   0   0 109   0   0   0 112   0   0   0 115   0   0   0 117   0   0   0 119   0   0   0 120   0   0   0 122   0   0   0 124   3   0   0 126   8   0   0 128  14   0   0 130  21   0   0 133  30   0   0 136  40   0   0 138  53   0   0 137  69   0   0 136  87   0   0 134 107   0   0 132 131   0   0 130 154   0   0 128 178   0   0 126 201   0
           77  75   0   0  73  74   0   0  67  76   0   0  57  81   0   0  47  87   0   0  38  93   0   0  28  99   0   0  19 104   0   0   9 108   0   0   0 111   0   0   0 116   0   0   0 119   0   0   0 121   0   0   0 124   0   0   0 127   0   0   0 129   0   0   0 131   0   0   0 133   0   0   0 135   0   0   0 137   0   0   0 139   1   0   0 141   6   0   0 144  13   0   0 147  22   0   0 150  32   0   0 154  45   0   0 155  60   0   0 154  78   0   0 152  99   0   0 150 122   0   0 148 146   0   0 145 168   0   0 144 191   0
           79  80   0   0  74  81   0   0  64  87   0   0  53  93   0   0  43 100   0   0  33 106   0   0  22 112   0   0  11 117   0   0   2 121   0   0   0 125   0   0   0 129   0   0   0 133   0   0   0 135   0   0   0 137   0   0   0 140   0   0   0 142   0   0   0 144   0   0   0 146   0   0   0 148   0   0   0 150   0   0   0 152   0   0   0 155   0   0   0 158   5   0   0 161  13   0   0 165  23   0   0 169  36   0   0 173  51   0   0 173  69   0   0 171  90   0   0 169 112   0   0 166 137   0   0 163 159   0   0 162 180   0
           81  86   0   0  71  92   0   0  60  99   0   0  50 107   0   0  39 113   0   0  28 120   0   0  18 126   0   0   6 132   0   0   0 136   0   0   0 140   0   0   0 143   0   0   0 146   0   0   0 148   0   0   0 150   0   0   0 152   0   0   0 154   0   0   0 156   0   0   0 158   0   0   0 160   0   0   0 163   0   0   0 165   0   0   0 168   0   0   0 172   0   0   0 176   3   0   0 180  13   0   0 186  26   0   0 191  41   0   0 197  59   0   0 194  80   0   0 191 102   0   0 188 126   0   0 185 149   0   0 183 169   0
          255   0   0   0 255   0   0   0 255   0   1   0 253   0   4   0 250   0  11   0 241   0  20   0 237   0  29   0 228   0  38   0 224   0  45   0 222   0  53   0 221   0  59   0 220   0  66   0 219   0  71   0 216   0  76   0 212   0  81   0 209   0  86   0 207   0  91   0 204   0  95   0 202   0 100   0 200   0 105   0 197   0 111   0 195   0 118   0 192   0 126   0 189   0 136   0 187   0 148   0 184   0 163   0 181   0 187   0 177   0 226   0 175   0 254   0 170   0 255   0 163   0 255   0 159   0 255   0 156   0 255   0
          255   0   0   0 255   0   0   0 249   0   0   0 243   0   0   0 229   0   7   0 221   0  17   0 208   0  25   0 204   0  33   0 201   0  41   0 200   0  48   0 198   0  55   0 197   0  61   0 196   0  66   0 194   0  72   0 192   0  76   0 189   0  80   0 187   0  85   0 185   0  89   0 183   0  94   0 181   0 100   0 179   0 105   0 177   0 112   0 175   0 120   0 172   0 129   0 170   0 141   0 167   0 155   0 165   0 174   0 162   0 208   0 159   0 244   0 158   0 255   0 152   0 255   0 148   0 255   0 146   0 255   0
          255   0   0   0 247   0   0   0 235   0   0   0 218   0   0   0 205   0   3   0 192   0  12   0 186   0  21   0 183   0  29   0 180   0  36   0 179   0  43   0 177   0  50   0 177   0  56   0 176   0  61   0 175   0  66   0 173   0  71   0 171   0  75   0 169   0  79   0 168   0  83   0 166   0  88   0 164   0  94   0 162   0  99   0 160   0 106   0 158   0 113   0 156   0 122   0 154   0 134   0 152   0 148   0 150   0 164   0 147   0 193   0 145   0 231   0 143   0 255   0 141   0 255   0 137   0 255   0 135   0 255   0
          247   0   0   0 236   0   0   0 212   0   0   0 193   0   0   0 180   0   0   0 172   0   8   0 167   0  16   0 164   0  24   0 162   0  31   0 160   0  38   0 159   0  45   0 159   0  51   0 158   0  56   0 157   0  61   0 154   0  66   0 152   0  70   0 150   0  74   0 148   0  78   0 147   0  83   0 145   0  87   0 143   0  94   0 141   0 100   0 139   0 108   0 138   0 116   0 136   0 127   0 134   0 140   0 132   0 156   0 129   0 181   0 127   0 213   0 127   0 248   0 127   0 255   0 125   0 255   0 123   0 255   0
          236   0   0   0 209   0   0   0 187   0   0   0 173   0   0   0 161   0   0   0 155   0   4   0 150   0  12   0 148   0  20   0 146   0  27   0 143   0  33   0 140   0  40   0 139   0  46   0 139   0  51   25830224 0.005141149869206 0.007496827942226 0.010650031337347 0.012965057867886 0.018381869220553 0.033647231669657 0.049918233156857 0.102549201975141 0.090859324717456 0.097081513297619 0.108249627351470 0.100449159204523 0.094961985594077 0.081019433591208 0.069163934403675 0.036496361861548 0.034775192786660 0.018142637544106 0.008936764485255 0.004710157785317 0.003158182877979 0.002095604535897 0.001457256483405 0.001087151007491 0.000671310064020 0.000181307300851 0.000048136444291 0.000014409107897 0.000004297510206 0.000001851068628
								0.001187714911300 0.009011781477010 0.044583691520976 0.061740174959911 0.077923494248955 0.082451576161067 0.091048761565321 0.089393624763117 0.084818995511244 0.068145305410297 0.073974547843174 0.033204490693790 0.015624751211911 0.007865742672240 0.004488787297383 0.002473828733863 0.001126986870356 0.000693035764230 0.000346420457450 0.000355643325701 0.000243540011615 0.000159278501685 0.000131566597083 0.000123545299696 0.000147814866148 0.000186687307330 0.000207536185558 0.000126078340976 0.000025814288635 0.000005412481368 0.000001796943814 0.000001031618949 0.000000919039336
							</MatrixData>
						</MatrixElement>
					</SubElements>
					<MainFunction>
{
%start with Illuminant spectral power distribution (range adjusted to fit spectral reflectance PCS range)
49.257471935235735 56.461255244668401 59.984099824651970 57.77327026054264044583691520976 0.061740174959911 0.077923494248955 0.082451576161067 0.091048761565321 0.089393624763117 0.084818995511244 0.068145305410297 0.073974547843174 0.033204490693790 0.015624751211911 0.007865742672240 0.004488787297383 0.002473828733863 0.001126986870356 0.000693035764230 0.000346420457450 0.000355643325701 0.000243540011615 0.000159278501685 0.000131566597083 0.000123545299696 0.000147814866148 0.000186687307330 0.000207536185558 0.000126078340976 0.000025814288635 0.00000541248133 91.652934776082219 92.933577205151450 76.891414787009083

%apply illuminant to incomming spectral reflectance
in(0,33)
mul(33)

%apply camera sensitivities
mtx(0)

%apply exposure adjustement (divide by sum of illuminant)
2974.87665543836 2974.87665543836 2974.87665543836
div(3)

out(0,3)
}					
					</MainFunction>
				</CalculatorElement>
			</MultiProcessElements>
		</multiProcessElementType>
		
		<spectralViewingConditionsType>
			<TagSignature>svcn</TagSignature>
			<StdObserver>CIE 1931 standard colorimetric observer</StdObserver>
			<IlluminantXYZ X="0.963888028773223" Y="1.00000000" Z="0.824088400239466"/>
			<ObserverFuncs start="380" end="730" steps="36">
				0.001368	0.004243	0.014310	0.043510	0.134380	0.283900	0.348280	0.336200	0.290800	0.195360	0.095640	0.032010	0.004900	0.009300	0.063270	0.165500	0.290400	0.433450	0.594500	0.762100	0.916300	1.026300	1.062200	1.002600	0.854450	0.642400	0.447900	0.283500	0.164900	0.087400	0.046770	0.022700	0.011359	0.005790	0.002899	0.001440
				0.000039	0.000120	0.000396	0.001210	0.004000	0.011600	0.023000	0.038000	0.060000	0.090980	0.139020	0.208020	0.323000	0.503000	0.710000	0.862000	0.954000	0.994950	0.995000	0.952000	0.870000	0.757000	0.631000	0.503000	0.381000	0.265000	0.175000	0.107000	0.061000	0.032000	0.017000	0.008210	0.004102	0.002091	0.001047	0.000520
				0.006450	0.020050	0.067850	0.207400	0.645600	1.385600	1.747060	1.772110	1.669200	1.287640	0.812950	0.465180	0.272000	0.158200	0.078250	0.042160	0.020300	0.008750	0.003900	0.002100	0.001650	0.001100	0.000800	0.000340	0.000190	0.000050	0.000020	0.000000	0.000000	0.000000	0.000000	0.000000	0.000000	0.000000	0.000000	0.000000
			</ObserverFuncs>
			<StdIlluminant>Illuminant D50</StdIlluminant>
			<ColorTemperature>5000</ColorTemperature>
			<IlluminantSPD start="380" end="730" steps="36">
				24.4571469692098 29.8374136323552 49.2574719352357 56.4612552446684 59.9840998246520 57.7732702605426 74.7759731088260 87.1980335280400 90.5669430339146 91.3286219540756 95.0728873907686 91.9345265781577 95.7008127012929 96.5943662763489 97.1153716343625 102.0888883432111 100.7483593793286 102.3138613416943 100.0000000000000 97.7374503496754	98.9235890079811 93.5102480304754 97.7057456929942 99.2918446185279 99.0679449773440 95.7506760921408 98.8934383400158 95.7054207269683 98.2341770348841 103.0543187665843 99.1849540292420 87.4241784681664 91.6529347760822 92.9335772051515 76.8914147870091 86.5514856528592
			</IlluminantSPD>
			<SurroundXYZ X="0.963888028773223" Y="1.00000000" Z="0.824088400239466"/>
		</spectralViewingConditionsType>

		<XYZType>
			<TagSignature>wtpt</TagSignature>
			<XYZNumber X="0.96420288" Y="1.00000000" Z="0.82490540"/>
		</XYZType>

		<multiLocalizedUnicodeType>
			<TagSignature>cprt</TagSignature>
			<LocalizedText LanguageCountry="enUS"><![CDATA[Copyright 2014 International Color Consortium]]></LocalizedText>
		</multiLocalizedUnicodeType>

	</Tags>
</IccProfile>
