<?xml version="1.0" encoding="UTF-8"?>
<IccProfile>
  <Header>
    <PreferredCMMType></PreferredCMMType>
    <ProfileVersion>5.00</ProfileVersion>
    <ProfileDeviceClass>link</ProfileDeviceClass>
    <DataColourSpace>GRAY</DataColourSpace>
    <PCS>GRAY</PCS>
    <CreationDateTime>now</CreationDateTime>
    <ProfileFlags EmbeddedInFile="true" UseWithEmbeddedDataOnly="false"/>
    <DeviceAttributes ReflectiveOrTransparency="reflective" GlossyOrMatte="glossy" MediaPolarity="positive" MediaColour="colour"/>
    <RenderingIntent>Relative Colorimetric</RenderingIntent>
    <PCSIlluminant>
      <XYZNumber X="0.84127808" Y="1.00000000" Z="0.96372986"/>
    </PCSIlluminant>
    <ProfileCreator></ProfileCreator>
    <ProfileID>DBCAE0DE4318E1AD0D2F70F71CFB2463</ProfileID>
  <ProfileDeviceSubClass>GSDF</ProfileDeviceSubClass>
  </Header>
  <Tags>
    <multiLocalizedUnicodeType>
      <TagSignature>desc</TagSignature>
      <LocalizedText LanguageCountry="enUS"><![CDATA[Grayscale GSDF device link JND steps to Monitor drive values using 'ambL' CMM environment variable]]></LocalizedText>
    </multiLocalizedUnicodeType>
    <multiProcessElementType>
      <TagSignature>A2B0</TagSignature>
      <MultiProcessElements InputChannels="1" OutputChannels="1">
       <CalculatorElement InputChannels="1" OutputChannels="1" InputNames="inputJND">
				<SubElements>
					<!--curve{LogLtoJND} converts Log base 10 luminance to JND value -->
					<CurveSetElement Name="LogLtoJND" InputChannels="1" OutputChannels="1">
						<SingleSampledCurve Start="-infinity" End="+infinity" FirstEntry="-1.30118770000000" LastEntry="3.60133515578040" StorageType="0" ExtensionType="0">
								 1.000000 1.028504 1.057170 1.085997 1.114982 1.144123 1.173416 1.202861 1.232454 1.262193 1.292075 1.322099 1.352261 1.382559 1.412991 1.443554
								 1.474246 1.505065 1.536008 1.567072 1.598256 1.629556 1.660971 1.692497 1.724133 1.755876 1.787724 1.819674 1.851723 1.883870 1.916112 1.948446
								 1.980870 2.013382 2.045979 2.078659 2.111419 2.144257 2.177170 2.210156 2.243213 2.276339 2.309529 2.342784 2.376099 2.409472 2.442902 2.476385
								 2.509919 2.543502 2.577131 2.610804 2.644519 2.678272 2.712062 2.745886 2.779742 2.813627 2.847540 2.881476 2.915434 2.949413 2.983408 3.017418
								 3.051442 3.085480 3.119535 3.153606 3.187695 3.221803 3.255930 3.290077 3.324246 3.358436 3.392650 3.426887 3.461150 3.495438 3.529753 3.564095
								 3.598466 3.632867 3.667297 3.701759 3.736253 3.770780 3.805341 3.839937 3.874568 3.909236 3.943942 3.978686 4.013469 4.048293 4.083156 4.118059
								 4.153002 4.187986 4.223009 4.258073 4.293177 4.328321 4.363505 4.398729 4.433994 4.469299 4.504644 4.540030 4.575456 4.610923 4.646430 4.681977
								 4.717566 4.753194 4.788864 4.824574 4.860324 4.896116 4.931948 4.967821 5.003735 5.039689 5.075685 5.111722 5.147800 5.183920 5.220082 5.256286
								 5.292532 5.328821 5.365152 5.401527 5.437944 5.474404 5.510908 5.547456 5.584047 5.620683 5.657362 5.694087 5.730856 5.767669 5.804528 5.841432
								 5.878381 5.915377 5.952417 5.989504 6.026638 6.063817 6.101043 6.138316 6.175635 6.213002 6.250415 6.287875 6.325382 6.362936 6.400537 6.438186
								 6.475883 6.513626 6.551418 6.589257 6.627144 6.665080 6.703063 6.741094 6.779174 6.817302 6.855478 6.893703 6.931977 6.970300 7.008671 7.047091
								 7.085561 7.124079 7.162647 7.201264 7.239930 7.278647 7.317412 7.356228 7.395093 7.434008 7.472973 7.511989 7.551054 7.590170 7.629336 7.668553
								 7.707820 7.747138 7.786507 7.825926 7.865397 7.904919 7.944492 7.984116 8.023791 8.063518 8.103296 8.143127 8.183008 8.222942 8.262927 8.302964
								 8.343053 8.383195 8.423388 8.463634 8.503932 8.544282 8.584685 8.625140 8.665648 8.706209 8.746822 8.787489 8.828208 8.868980 8.909806 8.950684
								 8.991616 9.032601 9.073639 9.114731 9.155877 9.197076 9.238329 9.279635 9.320995 9.362410 9.403878 9.445400 9.486976 9.528607 9.570292 9.612031
								 9.653824 9.695672 9.737575 9.779532 9.821544 9.863611 9.905732 9.947909 9.990140 10.032426 10.074768 10.117165 10.159616 10.202124 10.244686 10.287305
								 10.329978 10.372707 10.415492 10.458333 10.501229 10.544181 10.587190 10.630254 10.673374 10.716550 10.759783 10.803072 10.846417 10.889818 10.933276 10.976790
								 11.020361 11.063989 11.107674 11.151415 11.195213 11.239068 11.282980 11.326949 11.370975 11.415058 11.459198 11.503396 11.547651 11.591964 11.636334 11.680762
								 11.725247 11.769790 11.814390 11.859049 11.903765 11.948539 11.993372 12.038262 12.083210 12.128217 12.173282 12.218405 12.263587 12.308827 12.354125 12.399483
								 12.444898 12.490373 12.535906 12.581498 12.627149 12.672859 12.718628 12.764455 12.810343 12.856289 12.902294 12.948359 12.994483 13.040667 13.086910 13.133213
								 13.179575 13.225997 13.272479 13.319021 13.365622 13.412283 13.459005 13.505786 13.552628 13.599530 13.646492 13.693514 13.740597 13.787740 13.834944 13.882208
								 13.929533 13.976918 14.024364 14.071871 14.119439 14.167068 14.214758 14.262509 14.310321 14.358194 14.406128 14.454124 14.502181 14.550300 14.598479 14.646721
								 14.695024 14.743389 14.791815 14.840304 14.888854 14.937466 14.986140 15.034876 15.083674 15.132534 15.181457 15.230441 15.279489 15.328598 15.377770 15.427005
								 15.476302 15.525661 15.575084 15.624569 15.674117 15.723728 15.773402 15.823139 15.872939 15.922802 15.972729 16.022718 16.072771 16.122888 16.173068 16.223311
								 16.273618 16.323989 16.374423 16.424921 16.475483 16.526108 16.576798 16.627552 16.678370 16.729252 16.780198 16.831208 16.882283 16.933422 16.984625 17.035894
								 17.087226 17.138623 17.190085 17.241612 17.293204 17.344860 17.396581 17.448368 17.500219 17.552136 17.604117 17.656165 17.708277 17.760455 17.812698 17.865006
								 17.917381 17.969821 18.022326 18.074898 18.127535 18.180238 18.233007 18.285842 18.338743 18.391710 18.444744 18.497844 18.551010 18.604242 18.657541 18.710906
								 18.764338 18.817837 18.871403 18.925035 18.978734 19.032500 19.086332 19.140232 19.194199 19.248233 19.302335 19.356503 19.410739 19.465043 19.519414 19.573852
								 19.628358 19.682932 19.737573 19.792283 19.847060 19.901905 19.956818 20.011799 20.066848 20.121965 20.177151 20.232405 20.287727 20.343118 20.398577 20.454105
								 20.509702 20.565367 20.621101 20.676903 20.732775 20.788716 20.844725 20.900804 20.956952 21.013169 21.069456 21.125812 21.182237 21.238732 21.295296 21.351930
								 21.408633 21.465406 21.522250 21.579163 21.636146 21.693199 21.750322 21.807515 21.864778 21.922112 21.979516 22.036990 22.094535 22.152151 22.209837 22.267593
								 22.325421 22.383319 22.441288 22.499328 22.557439 22.615622 22.673875 22.732199 22.790595 22.849062 22.907601 22.966211 23.024893 23.083646 23.142471 23.201367
								 23.260336 23.319376 23.378488 23.437673 23.496929 23.556257 23.615658 23.675131 23.734677 23.794294 23.853985 23.913747 23.973583 24.033491 24.093472 24.153526
								 24.213653 24.273852 24.334125 24.394471 24.454890 24.515382 24.575947 24.636586 24.697298 24.758084 24.818944 24.879877 24.940884 25.001964 25.063119 25.124347
								 25.185650 25.247026 25.308477 25.370002 25.431601 25.493274 25.555022 25.616844 25.678741 25.740713 25.802759 25.864880 25.927076 25.989347 26.051692 26.114113
								 26.176609 26.239180 26.301827 26.364548 26.427345 26.490218 26.553166 26.616190 26.679289 26.742464 26.805715 26.869042 26.932445 26.995924 27.059479 27.123110
								 27.186817 27.250601 27.314461 27.378398 27.442411 27.506500 27.570667 27.634910 27.699230 27.763627 27.828100 27.892651 27.957279 28.021984 28.086767 28.151626
								 28.216564 28.281578 28.346670 28.411840 28.477087 28.542413 28.607816 28.673297 28.738855 28.804492 28.870207 28.936001 29.001872 29.067822 29.133850 29.199957
								 29.266142 29.332406 29.398749 29.465170 29.531671 29.598250 29.664908 29.731645 29.798462 29.865358 29.932332 29.999387 30.066521 30.133734 30.201027 30.268399
								 30.335852 30.403384 30.470996 30.538687 30.606459 30.674312 30.742244 30.810256 30.878349 30.946522 31.014776 31.083110 31.151525 31.220021 31.288597 31.357255
								 31.425993 31.494812 31.563712 31.632694 31.701757 31.770901 31.840126 31.909433 31.978821 32.048291 32.117843 32.187476 32.257192 32.326989 32.396868 32.466829
								 32.536873 32.606998 32.677206 32.747497 32.817869 32.888325 32.958863 33.029483 33.100186 33.170973 33.241842 33.312794 33.383829 33.454947 33.526148 33.597433
								 33.668801 33.740253 33.811788 33.883407 33.955109 34.026895 34.098765 34.170719 34.242757 34.314879 34.387085 34.459375 34.531750 34.604208 34.676752 34.749380
								 34.822092 34.894890 34.967772 35.040739 35.113790 35.186927 35.260149 35.333456 35.406848 35.480326 35.553889 35.627537 35.701272 35.775091 35.848997 35.922988
								 35.997065 36.071228 36.145477 36.219812 36.294233 36.368741 36.443335 36.518015 36.592782 36.667635 36.742575 36.817602 36.892716 36.967917 37.043204 37.118579
								 37.194041 37.269590 37.345226 37.420950 37.496761 37.572659 37.648646 37.724720 37.800882 37.877131 37.953469 38.029895 38.106408 38.183010 38.259701 38.336479
								 38.413346 38.490302 38.567346 38.644479 38.721700 38.799011 38.876410 38.953898 39.031476 39.109142 39.186898 39.264743 39.342678 39.420702 39.498816 39.577019
								 39.655312 39.733695 39.812168 39.890731 39.969383 40.048126 40.126960 40.205883 40.284897 40.364001 40.443196 40.522482 40.601858 40.681325 40.760883 40.840532
								 40.920273 41.000104 41.080026 41.160040 41.240145 41.320342 41.400630 41.481010 41.561481 41.642045 41.722700 41.803447 41.884286 41.965218 42.046241 42.127357
								 42.208566 42.289867 42.371260 42.452746 42.534325 42.615996 42.697761 42.779618 42.861569 42.943613 43.025750 43.107980 43.190303 43.272721 43.355231 43.437836
								 43.520534 43.603326 43.686212 43.769192 43.852266 43.935434 44.018696 44.102053 44.185504 44.269050 44.352690 44.436425 44.520254 44.604179 44.688199 44.772313
								 44.856523 44.940827 45.025228 45.109723 45.194314 45.279000 45.363783 45.448660 45.533634 45.618703 45.703869 45.789130 45.874488 45.959942 46.045492 46.131139
								 46.216882 46.302721 46.388658 46.474691 46.560821 46.647047 46.733371 46.819792 46.906310 46.992926 47.079638 47.166449 47.253356 47.340362 47.427465 47.514666
								 47.601964 47.689361 47.776856 47.864449 47.952140 48.039929 48.127817 48.215803 48.303888 48.392072 48.480354 48.568735 48.657216 48.745795 48.834473 48.923250
								 49.012127 49.101103 49.190179 49.279354 49.368629 49.458003 49.547478 49.637052 49.726726 49.816500 49.906375 49.996350 50.086425 50.176600 50.266876 50.357253
								 50.447730 50.538309 50.628988 50.719768 50.810649 50.901631 50.992715 51.083899 51.175186 51.266573 51.358063 51.449654 51.541347 51.633141 51.725038 51.817037
								 51.909138 52.001341 52.093646 52.186054 52.278564 52.371177 52.463893 52.556711 52.649632 52.742657 52.835784 52.929014 53.022348 53.115784 53.209325 53.302968
								 53.396716 53.490567 53.584522 53.678580 53.772743 53.867009 53.961380 54.055855 54.150434 54.245118 54.339906 54.434799 54.529796 54.624899 54.720106 54.815418
								 54.910835 55.006357 55.101984 55.197717 55.293555 55.389499 55.485548 55.581703 55.677963 55.774330 55.870802 55.967381 56.064065 56.160856 56.257753 56.354757
								 56.451867 56.549084 56.646407 56.743837 56.841375 56.939019 57.036770 57.134628 57.232593 57.330666 57.428846 57.527134 57.625530 57.724033 57.822644 57.921362
								 58.020189 58.119124 58.218167 58.317318 58.416578 58.515946 58.615423 58.715008 58.814702 58.914505 59.014416 59.114437 59.214567 59.314806 59.415154 59.515612
								 59.616179 59.716856 59.817642 59.918538 60.019544 60.120660 60.221886 60.323222 60.424669 60.526225 60.627892 60.729670 60.831558 60.933557 61.035666 61.137887
								 61.240218 61.342661 61.445214 61.547879 61.650655 61.753543 61.856542 61.959653 62.062876 62.166210 62.269656 62.373215 62.476885 62.580668 62.684563 62.788570
								 62.892690 62.996922 63.101267 63.205725 63.310295 63.414979 63.519775 63.624685 63.729708 63.834844 63.940094 64.045457 64.150934 64.256525 64.362229 64.468047
								 64.573979 64.680026 64.786186 64.892461 64.998850 65.105354 65.211972 65.318705 65.425552 65.532515 65.639592 65.746784 65.854092 65.961515 66.069053 66.176706
								 66.284475 66.392360 66.500360 66.608476 66.716708 66.825056 66.933520 67.042100 67.150797 67.259610 67.368539 67.477585 67.586748 67.696027 67.805423 67.914936
								 68.024567 68.134314 68.244178 68.354160 68.464260 68.574476 68.684811 68.795263 68.905833 69.016521 69.127327 69.238251 69.349293 69.460453 69.571732 69.683129
								 69.794645 69.906280 70.018033 70.129905 70.241896 70.354006 70.466236 70.578584 70.691052 70.803639 70.916346 71.029173 71.142119 71.255185 71.368371 71.481677
								 71.595103 71.708650 71.822316 71.936103 72.050011 72.164039 72.278188 72.392457 72.506848 72.621359 72.735992 72.850746 72.965621 73.080617 73.195735 73.310974
								 73.426335 73.541818 73.657423 73.773149 73.888998 74.004969 74.121062 74.237277 74.353615 74.470075 74.586658 74.703364 74.820192 74.937144 75.054218 75.171416
								 75.288736 75.406180 75.523748 75.641439 75.759253 75.877191 75.995253 76.113439 76.231749 76.350183 76.468741 76.587423 76.706230 76.825161 76.944216 77.063397
								 77.182702 77.302132 77.421687 77.541367 77.661172 77.781102 77.901158 78.021339 78.141645 78.262078 78.382635 78.503319 78.624129 78.745065 78.866126 78.987314
								 79.108629 79.230069 79.351636 79.473330 79.595151 79.717098 79.839172 79.961373 80.083701 80.206157 80.328739 80.451449 80.574287 80.697252 80.820344 80.943565
								 81.066913 81.190389 81.313993 81.437726 81.561586 81.685575 81.809693 81.933939 82.058313 82.182816 82.307448 82.432209 82.557099 82.682119 82.807267 82.932545
								 83.057952 83.183488 83.309154 83.434950 83.560876 83.686931 83.813116 83.939432 84.065878 84.192454 84.319160 84.445997 84.572964 84.700062 84.827291 84.954650
								 85.082141 85.209763 85.337515 85.465399 85.593415 85.721561 85.849839 85.978249 86.106791 86.235464 86.364270 86.493207 86.622276 86.751478 86.880812 87.010278
								 87.139877 87.269608 87.399472 87.529469 87.659599 87.789862 87.920257 88.050786 88.181448 88.312244 88.443173 88.574235 88.705432 88.836761 88.968225 89.099823
								 89.231555 89.363420 89.495420 89.627555 89.759824 89.892227 90.024765 90.157437 90.290245 90.423187 90.556264 90.689476 90.822824 90.956307 91.089925 91.223678
								 91.357568 91.491592 91.625753 91.760049 91.894482 92.029050 92.163755 92.298596 92.433573 92.568686 92.703936 92.839323 92.974846 93.110506 93.246303 93.382237
								 93.518308 93.654517 93.790862 93.927345 94.063966 94.200724 94.337619 94.474653 94.611824 94.749133 94.886580 95.024166 95.161889 95.299751 95.437752 95.575890
								 95.714168 95.852584 95.991139 96.129833 96.268666 96.407637 96.546748 96.685999 96.825388 96.964918 97.104586 97.244395 97.384343 97.524431 97.664658 97.805026
								 97.945534 98.086182 98.226971 98.367900 98.508969 98.650179 98.791530 98.933021 99.074653 99.216426 99.358341 99.500396 99.642593 99.784931 99.927410 100.070031
								 100.212794 100.355698 100.498744 100.641932 100.785262 100.928734 101.072348 101.216104 101.360003 101.504044 101.648228 101.792554 101.937024 102.081636 102.226390 102.371288
								 102.516329 102.661513 102.806841 102.952312 103.097926 103.243684 103.389585 103.535631 103.681820 103.828153 103.974630 104.121251 104.268016 104.414926 104.561980 104.709178
								 104.856521 105.004009 105.151642 105.299419 105.447341 105.595409 105.743621 105.891979 106.040481 106.189130 106.337924 106.486863 106.635948 106.785179 106.934555 107.084078
								 107.233747 107.383561 107.533522 107.683629 107.833883 107.984283 108.134830 108.285523 108.436363 108.587350 108.738484 108.889765 109.041193 109.192768 109.344490 109.496360
								 109.648377 109.800542 109.952855 110.105315 110.257923 110.410679 110.563583 110.716635 110.869835 111.023184 111.176681 111.330326 111.484120 111.638062 111.792154 111.946394
								 112.100782 112.255320 112.410007 112.564843 112.719829 112.874963 113.030247 113.185681 113.341264 113.496997 113.652880 113.808912 113.965095 114.121427 114.277910 114.434542
								 114.591326 114.748259 114.905343 115.062577 115.219963 115.377498 115.535185 115.693023 115.851011 116.009151 116.167442 116.325884 116.484477 116.643222 116.802118 116.961166
								 117.120365 117.279717 117.439220 117.598875 117.758682 117.918641 118.078753 118.239016 118.399432 118.560001 118.720722 118.881595 119.042622 119.203801 119.365133 119.526617
								 119.688255 119.850046 120.011991 120.174088 120.336339 120.498743 120.661301 120.824013 120.986878 121.149897 121.313070 121.476397 121.639878 121.803513 121.967302 122.131245
								 122.295343 122.459595 122.624002 122.788564 122.953280 123.118151 123.283176 123.448357 123.613693 123.779184 123.944830 124.110631 124.276588 124.442700 124.608968 124.775391
								 124.941970 125.108704 125.275595 125.442641 125.609844 125.777202 125.944717 126.112388 126.280215 126.448199 126.616339 126.784636 126.953089 127.121699 127.290466 127.459390
								 127.628470 127.797708 127.967103 128.136655 128.306364 128.476231 128.646255 128.816437 128.986776 129.157273 129.327928 129.498740 129.669710 129.840839 130.012125 130.183570
								 130.355172 130.526933 130.698853 130.870931 131.043167 131.215562 131.388116 131.560828 131.733699 131.906729 132.079919 132.253267 132.426774 132.600441 132.774266 132.948252
								 133.122396 133.296700 133.471164 133.645787 133.820570 133.995513 134.170616 134.345879 134.521302 134.696885 134.8726220135.048531 135.224595 135.400819 135.577203 135.753748
								 135.930454 136.107321 136.284348 136.461536 136.638885 136.816395 136.994066 137.171898 137.349891 137.528046 137.706362 137.884839 138.063478 138.242279 138.421241 138.600365
								 138.779650 138.959098 139.138707 139.318479 139.498412 139.678508 139.858766 140.039186 140.219768 140.400513 140.581420 140.762490 140.943723 141.125118 141.306676 141.488397
								 141.670281 141.852327 142.034537 142.216910 142.399446 142.582145 142.765008 142.948034 143.131224 143.314577 143.498093 143.681773 143.865617 144.049625 144.233797 144.418132
								 144.602632 144.787295 144.972123 145.157115 145.342271 145.527591 145.713076 145.898725 146.084539 146.270517 146.456661 146.642968 146.829441 147.016078 147.202880 147.389848
								 147.576980 147.764277 147.951740 148.139368 148.327161 148.515119 148.703243 148.891532 149.079987 149.268608 149.457394 149.646346 149.835463 150.024747 150.214196 150.403812
								 150.593593 150.783541 150.973654 151.163934 151.354381 151.544993 151.735772 151.926718 152.117830 152.309108 152.500554 152.692166 152.883944 153.075890 153.268002 153.460282
								 153.652728 153.845342 154.038122 154.231070 154.424185 154.617467 154.810917 155.004534 155.198319 155.392271 155.586391 155.780678 155.975133 156.169756 156.364546 156.559505
								 156.754631 156.949926 157.145388 157.341019 157.536818 157.732784 157.928@20 158.125223 158.321695 158.518335 158.715144 158.912121 159.109267 159.306582 159.504065 159.701717
								 159.899538 160.097528 160.295687 160.494014 160.692511 160.891176 161.090011 161.289015 161.488188 161.687531 161.887043 162.086724 162.286575 162.486595 162.686784 162.887144
								 163.087673 163.288371 163.489240 163.690278 163.891486 164.092864 164.294411 164.496129 164.698017 164.900075 165.102303 165.304701 165.507270 165.710009 165.912918 166.115997
								 166.319247 166.522668 166.726258 166.930020 167.133952 167.338055 167.542328 167.746773 167.951388 168.156173 168.361130 168.566258 168.771557 168.977026 169.182667 169.388479
								 169.594462 169.800616 170.006942 170.213439 170.420107 170.626946 170.833957 171.041140 171.248494 171.456019 171.663716 171.871585 172.079625 172.287838 172.496222 172.704777
								 172.913505 173.122404 173.331476 173.540719 173.750135 173.959722 174.169482 174.379413 174.589517 174.799793 175.010241 175.220862 175.431655 175.642620 175.853758 176.065068
								 176.276551 176.488206 176.700034 176.912034 177.124207 177.336553 177.549071 177.761762 177.974626 178.187663 178.400873 178.614255 178.827811 179.041539 179.255440 179.469515
								 179.683762 179.898183 180.112777 180.327544 180.542484 180.757597 180.972884 181.188344 181.403977 181.619784 181.835764 182.051917 182.268244 182.484745 182.701419 182.918267
								 183.135288 183.352483 183.569851 183.787393 184.005109 184.222999 184.441062 184.659300 184.877711 185.096296 185.315055 185.533988 185.753095 185.972375 186.191830 186.411459
								 186.631262 186.851239 187.071391 187.291716 187.512215 187.732889 187.953737 188.174760 188.395956 188.617327 188.838872 189.060592 189.282486 189.504555 189.726798 189.949215
								 190.171807 190.394573 190.617514 190.840630 191.063920 191.287385 191.511024 191.734838 191.958827 192.182990 192.407329 192.631842 192.856529 193.081392 193.306429 193.531642
								 193.757029 193.982591 194.208328 194.434239 194.660326 194.886588 195.113025 195.339636 195.566423 195.793385 196.020522 196.247834 196.475321 196.702983 196.930820 197.158833
								 197.387020 197.615383 197.843921 198.072634 198.301523 198.530587 198.759826 198.989240 199.218830 199.448595 199.678535 199.908651 200.138942 200.369408 200.600050 200.830867
								 201.061860 201.293028 201.524371 201.755890 201.987585 202.219455 202.451500 202.683721 202.916118 203.148690 203.381437 203.614360 203.847459 204.080733 204.314183 204.547809
								 204.781610 205.015587 205.249739 205.484067 205.718571 205.953250 206.188105 206.423136 206.658342 206.893724 207.129282 207.365016 207.600925 207.837010 208.073271 208.309707
								 208.546319 208.783107 209.020071 209.257210 209.494526 209.732017 209.969683 210.207526 210.445544 210.683739 210.922109 211.160654 211.399376 211.638273 211.877347 212.116596
								 212.356021 212.595621 212.835398 213.075350 213.315478 213.555782 213.796262 214.036918 214.277749 214.518757 214.759940 215.001299 215.242834 215.484544 215.726431 215.968493
								 216.210731 216.453146 216.695735 216.938501 217.181443 217.424560 217.667853 217.911322 218.154967 218.398788 218.642784 218.886956 219.131304 219.375828 219.620528 219.865403
								 220.110454 220.355681 220.601084 220.846663 221.092417 221.338347 221.584453 221.830734 222.077192 222.323825 222.570634 222.817618 223.064778 223.312114 223.559626 223.807313
								 224.055176 224.303215 224.551429 224.799819 225.048384 220.297125 225.546042 225.795135 226.044403 226.293846 226.543466 226.793260 227.043231 227.293376 227.543698 227.794195
								 228.044867 228.295715 228.546739 228.797937 229.049312 229.300861 229.552587 229.804487 230.056563 230.308815 230.561241 230.813843 231.066621 231.319574 231.572702 231.826005
								 232.079484 232.333138 232.586967 232.840971 233.095151 233.349506 233.604035 233.858741 234.113621 234.368676 234.623907 234.879312 235.134893 235.390648 235.646579 235.902685
								 236.158965 236.415421 236.672052 236.928857 237.185837 237.442993 237.700323 237.957828 238.215508 238.473362 238.731391 238.989595 239.247974 239.506528 239.765256 240.024159
								 240.283236 240.542488 240.801915 241.061516 241.321292 241.581242 241.841367 242.101666 242.362140 242.622788 242.883610 243.144607 243.405778 243.667123 243.928643 244.190337
								 244.452205 244.714247 244.976463 245.238854 245.501418 245.764157 246.027070 246.290157 246.553418 246.816852 247.080461 247.344243 247.608200 247.872330 248.136634 248.401112
								 248.665763 248.930589 249.195588 249.460760 249.726106 249.991626 250.257319 250.523186 250.789226 251.055440 251.321827 251.588388 251.855122 252.122029 252.389109 252.656363
								 252.923790 253.191390 253.459163 253.727109 253.995229 254.263521 254.531986 254.810625 255.069436 255.338420 255.607577 255.876907 256.146409 256.416084 256.685932 256.955953
								 257.226146 257.496511 257.767050 258.037760 258.308643 258.579699 258.850927 259.122327 259.393900 259.665644 259.937561 260.209651 260.481912 260.754345 261.026951 261.299728
								 261.572677 261.845798 262.119092 262.392556 262.666193 262.940002 263.213982 263.488133 263.762457 264.036952 264.311618 264.586456 264.861465 265.136646 265.411998 265.687521
								 265.963216 266.239081 266.515118 266.791326 267.067705 267.344255 267.620976 267.897868 268.174930 268.452164 268.729568 269.007143 269.284889 269.562805 269.840892 270.119149
								 270.397577 270.676175 270.954943 271.233882 271.512991 271.792271 272.071720 272.351340 272.631129 272.911089 273.191218 273.471518 273.751987 274.032626 274.313435 274.594414
								 274.875562 275.156879 275.438367 275.720023 276.001849 276.283845 276.566010 276.848344 277.130847 277.413519 277.696361 277.979371 278.262551 278.545899 278.829416 279.113102
								 279.396957 279.680980 279.965172 280.249533 280.534062 280.818760 281.103626 281.388660 281.673862 281.959233 282.244772 282.530479 282.816354 283.102397 283.388608 283.674987
								 283.961534 284.248248 284.535130 284.822180 285.109397 285.396782 285.684334 285.972053 286.259940 286.547994 286.836215 287.124604 287.413159 287.701882 287.990771 288.279827
								 288.569050 288.858440 289.147996 289.437719 289.727609 290.017665 290.307887 290.598276 290.888831 291.179552 291.470439 291.761493 292.052712 292.344098 292.635649 292.927366
								 293.219249 293.511298 293.803512 294.095891 294.388436 294.681147 294.974023 295.267064 295.560270 295.853642 296.147179 296.440880 296.734747 297.028778 297.322974 297.617335
								 297.911860 298.206550 298.501405 298.796424 299.091607 299.386955 299.682466 299.978142 300.273982 300.569986 300.866154 301.162486 301.458981 301.755641 302.052464 302.349450
								 302.646600 302.943913 303.241390 303.539030 303.836833 304.134799 304.432928 304.731220 305.029676 305.328293 305.627074 305.926017 306.225123 306.524392 306.823822 307.123416
								 307.423171 307.723089 308.023168 308.323410 308.623814 308.924379 309.225107 309.525996 309.827047 310.128259 310.429633 310.731168 311.032865 311.334723 311.636742 311.938922
								 312.241263 312.543765 312.846428 313.149252 313.452237 313.755382 314.058687 314.362153 314.665780 314.969566 315.273513 315.577620 315.881887 316.186314 316.490901 316.795648
								 317.100555 317.405621 317.710846 318.016231 318.321776 318.627479 318.933342 319.239364 319.545546 319.851886 320.158385 320.465042 320.771859 321.078834 321.385968 321.693260
								 322.000710 322.308319 322.616086 322.924010 323.232093 323.540334 323.848733 324.157290 324.466004 324.774876 325.083905 325.393092 325.702436 326.011937 326.321595 326.631411
								 326.941383 327.251512 327.561798 327.872241 328.182840 328.493596 328.804509 329.115577 329.426802 329.738183 330.049720 330.361414 330.673263 330.985267 331.297428 331.609744
								 331.922216 332.234843 332.547625 332.860563 333.173656 333.486904 333.800307 334.113864 334.427577 334.741444 335.055466 335.369643 335.683973 335.998459 336.313098 336.627891
								 336.942839 337.257941 337.573196 337.888605 338.204168 338.519884 338.835754 339.151777 339.467954 339.784284 340.100766 340.417402 340.734191 341.051133 341.368227 341.685474
								 342.002873 342.320425 342.638129 342.955986 343.273994 343.592155 343.910467 344.228932 344.547548 344.866316 345.185235 345.504306 345.823528 346.142901 346.462426 346.782102
								 347.101928 347.421906 347.742034 348.062313 348.382742 348.703322 349.024053 349.344933 349.665964 349.987145 350.308476 350.629956 350.951587 351.273367 351.595296 351164 132 150 160 164 132 150 160 164 132 150 160 164
          255 120  34   6 255 134  35   6 255 147  39   7 255 157  45  10 255 166  51  15 255 176  CreationDateTime62  36 245 202  68  51 235 217  74  68 226 231  80  88 219 235  86 108 206 227  92 124 197 217  98 138 187 209 103 149 178 203 108 158 171 198 114 165 163 193 120 170 157 189 128 174 151 187 136 177 145 185 147 178 133 169 147 178 127 160 152 173 126 157 159 165 126 157 159 165 126 157 159 165 126 157 159 165 126 157 159 165 126 157 159 165 126 157 159 165 126 157 159 165 126 157 159 165 126 157 159 165 126 157 159 165
          255 121  34   6 255 136  35   6 255 148  39   7 255 159  45   9 255 168  51  14 255 179  57  22 250 194  61  34 240 210  67  48 228 228  72  67 220 239  78  87 209 238  85 106 197 228  90 123 186 218  94 137 176 210  99 147 167 204 104 156 159 199 108 163 152 195 114 169 145 192 120 173 139 190 128 176 133 189 138 177 127 184 148 177 120 171 152 173 119 166 158 166 119 166 158 166 119 166 158 166 119 166 158 166 119 166 158 166 119 166 158 166 119 166 158 166 119 166 158 166 119 166 158 166 119 166 158 166 119 166 158 166
          255 123  33   5 255 138  34   5 255 150  39   6 255 161  46   8 255 171  52  13 255 183  57  20 246 199  62  31 233 220  66  47 221 237  70  67 213 246  77  86 200 241  83 104 187 229  88 121 175 220  91 135 165 211  95 145 156 205  99 154 147 200 103 161 139 196 108 166 132 194 113 170 126 192 120 173 121 191 128 174 117 190 140 175 114 187 153 171 113 178 159 165 113 178 159 165 113 178 159 165 113 178 159 165 113 178 159 165 113 178 159 165 113 178 159 165 113 178 159 165 113 178 159 165 113 178 159 165 113 178 159 165
          255 125  33   5 255 140  34   5 255 153  39   5 255 163  46   7 255 174  52  11 253 187  57  18 240 205  61  29 224 232  61  47 213 244  68  66 206 252  75  84 191 243  82 101 177 232  87 117 165 223  90 130 155 214  92 141 144 208  95 151 135 203  99 157 127 199 103 162 120 197 107 166 115 195 113 168 110 194 120 170 107 194 130 170 105 195 146 168 107 196 161 163 107 196 161 163 107 196 161 163 107 196 161 163 107 196 161 163 107 196 161 163 107 196 161 163 107 196 161 163 107 196 161 163 107 196 161 163 107 196 161 163
          255 128  32   4 255 143  33   4 255 156  39   4 255 166  46   6 255 178  53   9 248 193  58  14 230 215  57  29 216 238  60  47 206 251  66  65 196 255  73  82 181 246  81  97 168 236  86 111 156 228  90 123 146 221  93 133 136 214  96 141 127 210  99 148 119 206 102 153 112 203 105 157 107 200 109 161 102 199 115 163  98 198 123 164  96 199 136 163  97 202 151 159  97 202 151 159  97 202 151 159  97 202 151 159  97 202 151 159  97 202 151 159  97 202 151 159  97 202 151 159  97 202 151 159  97 202 151 159  97 202 151 159
          255 131  31   4 255 147  32   3 255 159  40   3 255 170  47   4 255 183  54   6 240 200  55  15 217 228  51  30 206 244  59  47 196 255  64  63 185 255  71  79 171 250  80  92 159 241  86 104 148 23ibm964p110198 228  94 123 129 223  97 130 121 219 100 135 115 216 104 140 109 213 107 144 104 211 112 147  99 209 116 149  95 208 123 151  91 207 132 152  89 207 142 151  89 207 142 151  89 207 142 151  89 207 142 151  89 207 142 151  89 207 142 151  89 207 142 151  89 207 142 151  89 207 142 151  89 207 142 151  89 207 142 151
          255 135  30   3 255 151  32   2 255 163  40   2 255 175  48   2 249 189  53   5 226 214  46  16 208 236  50  31 196 251  57  46 185 255  63  61 174 255  70  74 161 254  79  86 150 247  85  96 140 241  90 105 131 236  94 112 124 232  98 117 117 229 102 122 111 226 105 126 107 224 108 129 102 222 112 132  98 220 116 134  94 219 122 136  89 218 130 137  86 217 137 138  86 217 137 138  86 217 137 138  86 217 137 138  86 217 137 138  86 217 137 138  86 217 137 138  86 217 137 138  86 217 137 138  86 217 137 138  86 217 137 138
          255 140  29   2 255 155  33   1 255 168  41   0 255 181  48   0 238 199  46   6 211 229  41  18 198 245  49  31 185 255  55  44 173 255  61  57 163 255  68  68 151 255  77  78 141 254  84  87 133 249  90  94 125 245  95 100 119 241  99 104 113 239 103 108 109 237 106 111 105 235 109 113 101 233 113 116  98 232 116 118  94 230 121 119  90 229 127 121  87 228 133 122  87 228 133 122  87 228 133 122  87 228 133 122  87 228 133 122  87 228 133 122  87 228 133 122  87 228 133 122  87 228 133 122  87 228 133 122  87 228 133 122
          255 147  27   1 255 161  33   0 255 174  40   0 247 189  44   1 215 223  29   8 201 239  40  19 187 255  46  30 174 255  53  41 161 255  59  52 151 255  65  61 141 255  75  69 132 255  83  76 125 255  90  82 119 254  95  86 114 251  99  90 110 249 102  93 106 248 106  95 103 246 109  97 100 245 112  99  97 244 115 101  94 243 120 102  91 241 125 104  88 241 130 105  88 241 130 105  88 241 130 105  88 241 130 105  88 241 130 105  88 241 130 105  88 241 130 105  88 241 130 105  88 241 130 105  88 241 130 105  88 241 130 105
          255 154  25   0 255 168  32   0 254 182  36   0 226 209  26   2 204 234  29   9 189 251  37  19 175 255  43  28 162 255  50  37 150 255  56  46 140 255  63  53 131 255  72  60 123 255  81  65 117 255  88  69 113 255  93  73 109 255  96  75 106 255 100  78 103 255 103  80 100 255 107  81  98 255 109  83  96 255 113  84  93 255 116  85  90 254 121  87  88 253 126  88  88 253 126  88  88 253 126  88  88 253 126  88  88 253 126  88  88 253 126  88  88 253 126  88  88 253 126  88  88 253 126  88  88 253 126  88  88 253 126  88
          255 161  24   0 255 176  29   0 236 198  23   0 207 230  17   3 192 247  28  10 177 255  34  17 162 255  40  25 150 255  46  32 139 255  53  39 129 255  60  45 120 255  68  50 114 255  77  54 109 255  84  57 106 255  89  59 103 255  93  61 101 255  96  63  99 255 100  65  97 255 102  66  95 255 105  67  93 255 109  68  91 255 112  69  89 255 116  70  87 255 120  71  87 255 120  71  87 255 120  71  87 255 120  71  87 255 120  71  87 255 120  71  87 255 120  71  87 255 120  71  87 255 120  71  87 255 120  71  87 255 120  71
          255 170  22   0 244 190  18   0 209 213   8   0 195 244  17   4 179 255  24  10 164 255  30  15 150 255  36  21 139 255  43  27 128 255  50  32 119 255  56  36 110 255  63  40 106 255  71  43 102 255  78  45  99 255  84  47  97 255  88  49  95 255  91  50  94 255  94  51  92 255  97  52  91 255  99  53  89 255 102  53  88 255 105  54  86 255 110  55  84 255 113  56  84 255 113  56  84 255 113  56  84 255 113  56  84 255 113  56  84 255 113  56  84 255 113  56  84 255 113  56  84 255 113  56  84 255 113  56  84 255 113  56
          253 183  14   0 210 203   6   0 198 220   6   1 182 255  13   4 166 255  20   8 152 255  25  13 139 255  32  17 128 255  39  22 118 255  46  26 111 255  52  29 104 255  58  32 100 255  65  34  96 255  70  35  94 255  75  37  92 255  79  38  90 255  83  39  88 255  86  39  87 255  89  40  86 255  91  41  84 255  94  41  83 255  97  42  82 255 100  42  80 255 103  43  80 255 103  43  80 255 103  43  80 255 103  43  80 255 103  43  80 255 103  43  80 255 103  43  80 255 103  43  80 255 103  43  80 255 103  43  80 255 103  43
          212 196   4   0 200 208   6   0 185 223   3   1 169 252   9   4 154 255  14   7 140 255  21  10 128 255  28  14 118 255  34  17 110 255  41  20 103 255  47  22  98 255  53  24  94 255  58  26  91 255  63  27  89 255  67  28  87 255  70  29  85 255  73  29  84 255  76  30  82 255  79  30  81 255  81  31  80 255  83  31  79 255  86  31  78 255  89  32  77 255  92  32  77 255  92  32  77 255  92  32  77 255  92  32  77 255  92  32  77 255  92  32  77 255  92  32  77 255  92  32  77 255  92  32  77 255  92  32  77 255  92  32
          255  98  39   8 255 108  40   9 255 117  42  11 255 125  45  15 255 130  51  21 255 135  59  29 255 137  69  38 255 136  81  48 255 133  94  58 255 130 106  67 255 127 118  75 255 124 131  81 255 122 144  85 255 121 156  89 255 120 167  92 255 117 174  94 255 115 180  96 252 112 185  98 250 110 190  99 247 108 195 101 244 106 201 102 240 104 206 102 232 101 209 103 226  99 212 104 226  99 212 104 226  99 212 104 226  99 212 104 226  99 212 104 226  99 212 104 226  99 212 104 226  99 212 104 226  99 212 104 226  99 212 104
          255  98  39   8 255 108  40   9 255 117  42  11 255 125  45  15 255 130  51  21 255 135  59  29 255 137  69  38 255 136  81  48 255 133  94  58 255 130 106  67 255 127 118  75 255 124 131  81 255 122 144  85 255 121 156  89 255 120 167  92 255 117 174  94 255 115 180  96 252 112 185  98 250 110 190  99 247 108 195 101 244 106 201 102 240 104 206 102 232 101 209 103 226  99 212 104 226  99 212 104 226  99 212 104 226  99 212 104 226  99 212 104 226  99 212 104 226  99 212 104 226  99 212 104 226  99 212 104 226  99 212 104
          255  98  39   8 255 108  40   9 255 117  42  11 255 125  45  15 255 130  51  21 255 135  59  29 255 137  69  38 255 136  81  48 255 133  94  58 255 130 106  67 255 127 118  75 255 124 131  81 255 122 144  85 255 121 156  89 255 120 167  92 255 117 174  94 255 115 180  96 252 112 185  98 250 110 190  99 247 108 195 101 244 106 201 102 240 104 206 102 232 101 209 103 226  99 212 104 226  99 212 104 226  99 212 104 226  99 212 104 226  99 212 104 226  99 212 104 226  99 212 104 226  99 212 104 226  99 212 104 226  99 212 104
          255  98  39   8 255 108  40   9 255 117  42  11 255 125  45  15 255 130  51  21 255 135  59  29 255 137  69  38 255 136  81  48 255 133  94  58 255 130 106  67 255 127 118  75 255 124 131  81 255 122 144  85 255 121 156  89 255 120 167  92 255 117 174  94 255 115 180  96 252 112 185  98 250 110 190  99 247 108 195 101 244 106 201 102 240 104 206 102 232 101 209 103 226  99 212 104 226  99 212 104 226  99 212 104 226  99 212 104 226  99 212 104 226  99 212 104 226  99 212 104 226  99 212 104 226  99 212 104 226  99 212 104
          255  98  39   8 255 108  40   9 255 117  42  11 255 125  45  15 255 130  51  21 255 135  59  29 255 137  69  38 255 136  81  48 255 133  94  58 255 130 106  67 255 127 118  75 255 124 131  81 255 122 144  85 255 121 156  89 255 120 167  92 255 117 174  94 255 115 180  96 252 112 185  98 250 110 190  99 247 108 195 101 244 106 201 102 240 104 206 102 232 101 209 103 226  99 212 104 226  99 212 104 226  99 212 104 226  99 212 104 226  99 212 104 226  99 212 104 226  99 212 104 226  99 212 104 226  99 212 104 226  99 212 104
          255  99  39   7 255 110  39   9 255 119  41  11 255 127  45  15 255 133  51  21 255 137  58  29 255 140  68  39 255 138  80  49 255 136  92  59 255 133 104  69 255 129 116  77 255 127 129  83 255 125 142  89 255 124 154  93 255 122 165  96 255 119 172  99 254 117 178 101 250 114 184 103 248 111 189 104 244 109 195 105 241 107 200 107 235 105 205 108 227 102 207 108 220 100 210 109 220 100 210 109 220 100 210 109 220 100 210 109 220 100 210 109 220 100 210 109 220 100 210 109 220 100 210 109 220 100 210 109 220 100 210 109
          255 101  38   7 255 112  39   8 255 122  40  11 255 130  44  14 255 136  50  20 255 141  57  28 255 144  67  38 255 144  78  49 255 142  90  61 255 139 101  71 255 135 113  80 255 132 125  88 255 130 138  95 255 129 149 100 255 127 160 104 253 124 168 107 249 120 175 110 246 117 181 112 243 114 187 114 239 112 193 115 233 109 198 117 225 106 200 118 214 102 203 118 208 102 206 116 208 102 206 116 208 102 206 116 208 102 206 116 208 102 206 116 208 102 206 116 208 102 206 116 208 102 206 116 208 102 206 116 208 102 206 116
          255 103  38   7 255 114  38   8 255 124  40  10 255 133  43  14 255 139  50  20 255 145  57  28 255 148  65  38 255 148  76  50 255 147  87 >>>>>>>>>>>>>>>>>>>>>>>>>>>>>>>>>>>>>>>>>>>>>>>>>>>>>>>>>>>>>>>>>>>>>>>>>>>>>>>>>>>>>>>>>>>>>> 62 255 144  99  73 255 141 110  84 255 138 121  93 255 135 133 100 255 133 145 106 253 130 156 111 249 127 164 115 245 123 172 118 242 120 178 121 238 117 185 123 232 114 191 125 223 110 193 126 212 105 195 127 203 104 197 125 198 105 201 121 198 105 201 121 198 105 201 121 198 105 201 121 198 105 201 121 198 105 201 121 198 105 201 121 198 105 201 121 198 105 201 121 198 105 201 121
          255 104  37   7 255 116  37   8 255 126  39  10 255 136  43  13 255 142  50  19 255 148  56  27 255 152  64  38 255 153  75  50 255 152  86  63 255 150  96  75 255 146 107  87 255 143 118  97 253 139 129 105 250 136 140 113 248 134 151 118 245 130 161 123 241 126 169 127 237 123 175 130 233 119 183 133 223 114 186 135 210 109 187 136 201 106 187 135 194 108 193 129 190 109 197 125 190 109 197 125 190 109 197 125 190 109 197 125 190 109 197 125 190 109 197 125 190 109 197 125 190 109 197 125 190 109 197 125 190 109 197 125
          255 105  37   7 255 117  37   8 255 128  39   9 255 138  43  13 255 144  49  18 255 150  56  27 255 156  63  37 255 157  74  50 255 156  84  63 255 155  94  76 255 152 105  89 253 148 115 100 249 144 125 110 246 140 136 118 242 136 146 125 239 133 156 131 236 129 165 135 233 125 172 139 225 121 179 142 210 114 179 144 198 108 178 145 193 109 183 140 187 111 189 134 183 112 193 129 183 112 193 129 183 112 193 129 183 112 193 129 183 112 193 129 183 112 193 129 183 112 193 129 183 112 193 129 183 112 193 129 183 112 193 129
          255 107  36   7 255 119  37   7 255 130  38   9 255 140  43  12 255 147  49  18 255 153  55  26 255 159  62  37 255 161  72  49 255 161  82  63 255 160  92  78 253 157 102  91 249 154 112 104 245 149 122 115 240 144 131 124 236 140 141 132 232 135 150 139 228 130 159 144 224 126 167 148 214 123 174 149 201 117 174 150 190 112 174 149 185 113 179 144 179 115 185 137 176 116 190 132 176 116 190 132 176 116 190 132 176 116 190 132 176 116 190 132 176 116 190 132 176 116 190 132 176 116 190 132 176 116 190 132 176 116 190 132
          255 108  36   6 255 120  36   7 255 132  38   9 255 141  43  12 255 149  49  17 255 155  55  25 255 162  62  36 255 164  71  49 255 165  80  63 255 165  90  78 250 163 100  93 245 160 109 107 240 155 118 119 234 150 127 130 229 143 135 140 224 138 144 146 219 136 154 149 214 133 164 151 207 130 171 153 193 122 170 153 183 117 171 153 177 117 175 148 172 119 182 141 169 120 187 135 169 120 187 135 169 120 187 135 169 120 187 135 169 120 187 135 169 120 187 135 169 120 187 135 169 120 187 135 169 120 187 135 169 120 187 135
          255 109  36   6 255 121  36   7 255 134  37   8 255 143  43  11 255 151  49  17 255 158  55  24 255 165  61  35 255 168  70  48 255 170  79  63 252 171  88  79 247 170  98  95 241 166 106 110 235 161 114 124 228 154 122 136 222 149 131 143 216 146 141 148 209 142 150 152 204 139 159 154 199 137 168 156 186 128 168 156 175 122 168 156 170 121 172 152 166 123 179 144 163 124 184 138 163 124 184 138 163 124 184 138 163 124 184 138 163 124 184 138 163 124 184 138 163 124 184 138 163 124 184 138 163 124 184 138 163 124 184 138
          255 110  35   6 255 123  35   7 255 135  37   8 255 145  43  11 255 153  49  16 255 160  55  24 255 168  60  34 255 172  69  48 255 175  78  63 249 177  86  79 243 177  95  96 237 174 103 112 229 168 110 127 222 162 119 137 214 157 128 144 207 152 137 150 201 148 146 154 195 145 155 156 191 143 164 158 179 134 165 159 169 127 165 159 163 125 169 155 160 127 176 147 158 128 182 141 158 128 182 141 158 128 182 141 158 128 182 141 158 128 182 141 158 128 182 141 158 128 182 141 158 128 182 141 158 128 182 141 158 128 182 141
          255 111  35   6 255 124  35   6 255 137  37   8 255 146  43  10 255 154  49  15 255 162  54  23 255 171  60  33 255 176  68  47 253 180  76  62 246 183  84  79 240 184  93  97 232 183 100 114 224 176 108 127 215 169 116 137 206 163 125 145 199 158 133 151 193 153 141 155 187 150 150 158 182 148 160 160 173 141 163 161 163 133 163 161 156 130 166 158 154 132 174 149 152 132 180 143 152 132 180 143 152 132 180 143 152 132 180 143 152 132 180 143 152 132 180 143 152 132 180 143 152 132 180 143 152 132 180 143 152 132 180 143
          255 112  35   6 255 125  35   6 255 138  36   7 255 148  43  10 255 156  49  15 255 164  54  22 255 173  60  33 255 180  67  46 250 186  75  62 244 190  83  79 237 193  91  97 228 193  98 114 219 184 106 127 208 175 114 137 200 168 121 145 192 163 129 151 186 159 137 156 180 156 146 159 175 154 156 162 167 148 161 163 157 140 161 163 150 135 164 160 148 136 172 152 147 136 178 145 147 136 178 145 147 136 178 145 147 136 178 145 147 136 178 145 147 136 178 145 147 136 178 145 147 136 178 145 147 136 178 145 147 136 178 145
          255 113  34   6 255 127  34   6 255 139  36   7 255 149  43   9 255 158  49  14 255 166  54  21 255 176  60  31 255 185  66  45 248 192  74  61 241 199  81  78 233 204  89  97 223 202  96 113 212 192 104 127 202 182 111 137 193 175 118 145 186 169 126 152 179 165 134 157 172 162 142 160 167 160 152 163 161 156 160 164 151 147 160 164 143 140 161 163 142 140 170 154 141 140 176 147 141 140 176 147 141 140 176 147 141 140 176 147 141 140 176 147 141 140 176 147 141 140 176 147 141 140 176 147 141 140 176 147 141 140 176 147
          255 114  34   5 255 128  34   6 255 141  36   7 255 151  43   9 255 159  49  13 255 168  54  20 255 178  59  30 253 189  66  43 245 199  73  59 237 208  80  77 229 219  87  96 218 212  95 113 206 199 102 126 196 189 108 137 187 182 115 145 179 176 123 152 172 172 130 157 166 168 138 161 160 166 148 164 155 165 159 165 145 154 158 166 136 146 160 164 136 145 168 156 135 145 174 149 135 145 174 149 135 145 174 149 135 145 174 149 135 145 174 149 135 145 174 149 135 145 174 149 135 145 174 149 135 145 174 149 135 145 174 149
          255 115  34   5 255 129  34   5 255 142  36   6 255 153  43   8 255 161  49  12 255 171  54  19 255 182  59  29 249 195  65  42 240 207  72  58 230 222  78  76 222 230  85  95 211 222  93 112 200 208 100 125 189 198 106 136 180 190 113 145 172 185 119 152 165 180 126 157 159 176 135 161 153 173 144 164 148 172 155 166 139 163 158 166 130 153 158 166 129 151 167 157 129 150 173 150 129 150 173 150 129 150 173 150 129 150 173 150 129 150 173 150 129 150 173 150 129 150 173 150 129 150 173 150 129 150 173 150 129 150 173 150
          255 117  33   5 255 131  33   5 255 144  36   6 255 154  43   8 255 164  49  11 255 173  54  18 254 186  59  27 244 202  64  39 233 218  71  55 224 234  76  74 216 236  83  94 204 229  91 110 193 219  97 124 183 208 104 135 174 201 110 144 166 195 116 151 158 189 123 157 151 186 131 161 145 183 140 164 139 181 151 166 132 174 158 167 123 163 158 166 122 159 166 158 122 156 172 152 122 156 172 152 122 156 172 152 122 156 172 152 122 156 172 152 122 156 172 152 122 156 172 152 122 156 172 152 122 156 172 152 122 156 172 152
          255 118  33   5 255 133  33   5 255 146  36   5 255 156  43   7 255 166  49  10 255 176  55  16 250 190  59  25 239 209  64  37 226 230  68  54 218 241  75  73 208 243  82  92 196 237  89 109 185 228  95 122 175 220 101 134 166 213 107 143 158 207 114 150 151 202 120 155 143 198 128 160 136 195 137 163 130 193 148 165 125 190 159 166 117 175 159 165 115 168 165 158 115 165 171 152 115 165 171 152 115 165 171 152 115 165 171 152 115 165 171 152 115 165 171 152 115 165 171 152 115 165 171 152 115 165 171 152 115 165 171 152
          255 120  32   4 255 135  32   4 255 148  36   4 255 159  43   6 255 169  50   8 255 180  55  14 245 196  60  21 231 219  61  35 219 239  66  53 210 248  72  72 200 249  80  90 186 240  87 107 174 230  92 120 164 222  97 131 155 216 102 140 147 210 108 147 139 206 114 153 131 203 121 157 125 201 129 160 119 199 140 162 115 199 151 163 110 194 161 163 108 182 166 157 108 176 172 152 108 176 172 152 108 176 172 152 108 176 172 152 108 176 172 152 108 176 172 152 108 176 172 152 108 176 172 152 108 176 172 152 108 176 172 152
          255 123  31   4 255 138  31   4 255 151  37   4 255 162  44   4 255 172  50   7 253 185  56  11 238 202  58  20 220 230  56  36 210 244  64  53 203 255  70  71 190 253  79  88 176 242  85 103 164 232  89 117 153 224  93 128 144 218  98 137 135 213 103 144 126 209 108 149 119 206 114 153 113 204 121 156 108 202 130 158 104 202 141 159 101 202 153 159 101 201 169 155 101 192 173 150 101 192 173 150 101 192 173 150 101 192 173 150 101 192 173 150 101 192 173 150 101 192 173 150 101 192 173 150 101 192 173 150 101 192 173 150
          255 126  30   3 255 141  30   3 255 154  37   3 255 165  44   3 255 176  51   4 247 191  56   8 227 214  52  21 211 236  56  36 201 249  63  53 192 255  68  69 179 255  77  84 167 246  84  98 155 237  89 110 144 230  92 121 134 223  96 130 124 218  99 137 116 213 103 143 109 210 109 147 103 208 115 150  99 207 123 151  95 206 132 152  93 207 143 152  92 208 160 150  93 211 175 146  93 211 175 146  93 211 175 146  93 211 175 146  93 211 175 146  93 211 175 146  93 211 175 146  93 211 175 146  93 211 175 146  93 211 175 146
          255 129  29   3 255 145  29   2 255 158  37   1 255 169  44   1 255 182  51   2 238 199  51   9 214 228  46  22 202 243  55  36 191 255  61  51 181 255  66  66 169 255  75  79 157 251  83  91 146 243  89 102 136 237  93 111 127 232  97 118 119 227 101 124 112 224 105 129 106 221 109 133 100 218 114 136  95 217 120 157 252  80 247  57 247  79 249  57 241  79 252  57 241  79 252  57 241  79 252  57 241  79 252  57 241  79 252  57 241  79 252  57 241  79 252  57 241  79 252  57
          255  83  39   5 255  92  39   6 255  99  39   8 255 105  42  10 255 108  47  13 255 109  54  18 255 109  63  24 2metaDataTag55 109  74  30 255 107  90  36 255 104 102  42 255 101 113  46 255  98 126  50 255  96 138  53 255  94 150  55 255  93 160  57 255  92 170  58 255  91 178  59 255  90 188  60 255  89 199  61 255  86 209  62 255  85 223  62 254  84 234  63 250  84 242  63 244  83 244  63 239  82 246  63 233  83 250  61 233  83 250  61 233  83 250  61 233  83 250  61 233  83 250  61 233  83 250  61 233  83 250  61 233  83 250  61
          255  85  38   5 255  94  38   6 255 102  38   7 255 108  41  10 255 112  46  13 255 114  53  18 255 114  61  24 255 115  71  31 255 113  87  37 255 109  99  44 255 106 111  49 255 103 123  53 255 100 135  57 255  99 146  60 255  97 157  62 255  96 167  63 255  94 176  65 255  93 186  66 254  92 196  67 253  89 206  68 251  88 221  69 248  88 233  69 242  86 238  70 235  85 241  70 230  86 244  68 224  86 248  65 224  86 248  65 224  86 248  65 224  86 248  65 224  86 248  65 224  86 248  65 224  86 248  65 224  86 248  65
          255  87  38   5 255  96  37   6 255 105  37   7 2550 255 161  29   0 255 174  34   0 243 192  35   0 211 226  23   4 198 242  35  13 184 255  42  23 170 255  48  32 158 255  54  42 147 255  61  50 137 255  69  58 129 255  78  65 122 255  86  70 116 255  92  74 111 255  97  78 107 255 101  81 103 255 105  84 100 254 109  86  97 253 113  88  94 252 117  90  91 251 122  91  88 250 127  93  85 249 134  94  82 248 141  95  82 248 141  95  82 248 141  95  82 248 141  95  82 248 141  95  82 248 141  95  82 248 141  95  82 248 141  95  82 248 141  95  82 248 141  95
          255 154  21   0 255 168  27   0 250 184  28   0 214 217   9   1 201 238  24   6 186 254  32  13 171 255  38  21 158 255  44  29 147 255  51  36 136 255172 119 167 156 169 122 173 150 169 122 173 150 169 122 173 150 169 122 173 150 169 122 173 150 169 122 173 150 169 122 173 150 169 122 173 150 169 122 173 150 169 122 173 150 169 122 173 150
          255 113  36   7 255 126  37   8 255 138  39  10 255 147  45  14 255 155  51  20 255 163  57  30 255 169  65  42 255 173  74  57 255 175  82  73 254 175  91  90 249 174 100 106 244 171 108 121 238 166 116 135 232 161 124 147 226 153 130 157 220 148 139 162 213 145 148 165 207 142 157 168 191 131 156 169 179 124 155 169 169 119 157 167 166 123 164 159 164 125 170 153 164 125 170 153 164 125 170 153 164 125 170 153 164 125 170 153 164 125 170 153 164 125 170 153 164 125 170 153 164 125 170 153 164 125 170 153 164 125 170 153
          255 114  36   7 255 127  37   8 255 139  39  10 255 149  45  13 255 157  51  20 255 164  57  29 255 172  64  41 255 176  73  56 255 179  81  73 252 181  89  90 247 180  98 107 240 177 105 123 234 173 112 138 227 166 119 150 219 160 127 158 211 154 135 163 205 150 143 167 199 148 152 170 186 138 153 171 173 130 153 171 163 124 154 171 160 127 162 162 158 129 168 155 158 129 168 155 158 129 168 155 158 129 168 155 158 129 168 155 158 129 168 155 158 129 168 155 158 129 168 155 158 129 168 155 158 129 168 155 158 129 168 155
          255 115  36   7 255 128  36   7 255 141  39   9 255 150  45  13 255 158  51  19 255 166  57  28 255 175  64  41 255 180  72  56 255 184  79  73 250 186  88  91 244 187  95 108 237 185 102 126 229 180 109 141 221 173 117 151 212 166 124 158 204 160 131 164 197 156 139 169 192 153 148 171 181 146 152 173 169 136 151 174 158 129 152 173 155 131 160 164 153 132 166 158 153 132 166 158 153 132 166 158 153 132 166 158 153 132 166 158 153 132 166 158 153 132 166 158 153 132 166 158 153 132 166 158 153 132 166 158 153 132 166 158
          255 116  35   6 255 129  36   7 255 142  38   9 255 151  45  12 255 159  51  18 255 168  57  28 255 177  63  40 255 183  71  55 253 189  78  72 247 193  86  91 241 195  93 109 233 194  99 127 224 188 107 140 215 181 114 151 205 172 120 159 197 166 127 165 190 161 135 170 184 158 143 173 177 154 150 175 164 144 149 175 153 135 150 175 150 135 158 167 148 136 164 160 148 136 164 160 148 136 164 160 148 136 164 160 148 136 164 160 148 136 164 160 148 136 164 160 148 136 164 160 148 136 164 160 148 136 164 160 148 136 164 160
          255 117  35   6 255 130  36   7 255 143  38   9 255 152  45  12 255 161  51  18 255 170  57  27 255 180  62  39 255 187  70  54 250 194  77  72 244 200  85  91 238 204  91 110 229 206  98 127 219 197 105 140 209 188 112 151 199 178 117 159 191 172 124 165 183 167 131 170 177 164 139 174 172 163 148 176 159 151 148 177 149 142 148 176 144 140 156 169 143 140 163 161 143 140 163 161 143 140 163 161 143 140 163 161 143 140 163 161 143 140 163 161 143 140 163 161 143 140 163 161 143 140 163 161 143 140 163 161 143 140 163 161
          255 118  35   6 255 132  36   7 255 144  38   8 255 154  45  11 255 162  51  17 255 172  57  26 255 183  62  38 253 191  69  53 246 200  76  71 239 208  83  90 233 217  89 110 224 216  96 126 213 206 103 140 203 195 109 150 193 186 114 159 184 179 120 166 177 174 127 171 170 171 135 174 165 169 144 177 155 160 147 178 143 149 147 177 139 145 154 170 138 145 161 163 138 145 161 163 138 145 161 163 138 145 161 163 138 145 161 163 138 145 161 163 138 145 161 163 138 145 161 163 138 145 161 163 138 145 161 163 138 145 161 163
          255 119  35   6 255 133  35   6 255 145  38   8 255 155  45  11 255 164  51  16 255 174  57  25 255 186  62  37 249 196  69  52 241 207  75  70 233 220  82  90 226 230  87 109 217 224  94 126 207 216 101 139 196 204 107 150 186 194 112 159 178 187 117 165 170 182 124 171 164 179 131 175 158 177 140 177 151 171 147 178 138 158 147 178 133 152 153 172 132 150 160 164 132 150 160 164 132 150 160 164 132 150 160 164 132 150 160 164 132 150 160 164 132 150 160 164 132 150 160 164 132 150 160 164 132 150 160 164 132 150 160 164
          255 120  34   6 255 134  35   6 255 147  39   7 255 157  45  10 255 166  51  15 255 176  57  24 254 190  62  36 245 202  68  51 235 217  74  68 226 231  80  88 219 235  86 108 206 227  92 124 197 217  98 138 187 209 103 149 178 203 108 158 171 198 114 165 163 193 120 170 157 189 128 174 151 187 136 177 145 185 147 178 133 169 147 178 127 160 152 173 126 157 159 165 126 157 159 165 126 157 159 165 126 157 159 165 126 157 159 165 126 157 159 165 126 157 159 165 126 157 159 165 126 157 159 165 126 157 159 165 126 157 159 165
          255 121  34   6 255 136  35   6 255 148  39   7 255 159  45   9 255 168  51  14 255 179  57  22 250 194  61  34 240 210  67  48 228 228  72  67 220 239  78  87 209 238  85 106 197 228  90 123 186 218  94 137 176 210  99 147 167 204 104 156 159 199 108 163 152 195 114 169 145 192 120 173 139 190 128 176 133 189 138 177 127 184 148 177 120 171 152 173 119 166 158 166 119 166 158 166 119 166 158 166 119 166 158 166 119 166 158 166 119 166 158 166 119 166 158 166 119 166 158 166 119 166 158 166 119 166 158 166 119 166 158 166
          255 123  33   5 255 138  34   5 255 150  39   6 255 161  46   8 255 171  52  13 255 183  57  20 246 199  62  31 233 220  66  47 221 237  70  67 213 246  77  86 200 241  83 104 187 229  88 121 175 220  91 135 165 211  95 145 156 205  99 154 147 200 103 161 139 196 108 166 132 194 113 170 126 192 120 173 121 191 128 174 117 190 140 175 114 187 153 171 113 178 159 165 113 178 159 165 113 178 159 165 113 178 159 165 113 178 159 165 113 178 159 165 113 178 159 165 113 178 159 165 113 178 159 165 113 178 159 165 113 178 159 165
          255 125  33   5 255 140  34   5 255 153  39   5 255 163  46   7 255 174  52  11 253 187  57  18 240 205  61  29 224 232  61  47 213 244  68  66 206 252  75  84 191 243  82 101 177 232  87 117 165 223  90 130 155 214  92 141 144 208  95 151 135 203  99 157 127 199 103 162 120 197 107 166 115 195 113 168 110 194 120 170 107 194 130 170 105 195 146 168 107 196 161 163 107 196 161 163 107 196 161 163 107 196 161 163 107 196 161 163 107 196 161 163 107 196 161 163 107 196 161 163 107 196 161 163 107 196 161 163 107 196 161 163
          255 128  32   4 255 143  33   4 255 156  39   4 255 166  46   6 255 178  53   9 248 193  58  14 230 215  57  29 216 238  60  47 206 251  66  65 196 255  73  82 181 246  81  97 168 236  86 111 156 228  90 123 146 221  93 133 136 214  96 141 127 210  99 148 119 206 102 153 112 203 105 157 107 200 109 161 102 199 115 163  98 198 123 164  96 199 136 163  97 202 151 159  97 202 151 159  97 202 151 159  97 202 151 159  97 202 151 159  97 202 151 159  97 202 151 159  97 202 151 159  97 202 151 159  97 202 151 159  97 202 151 159
          255 131  31   4 255 147  32   3 255 159  40   3 255 170  47   4 255 183  54   6 240 200  55  15 217 228  51  30 206 244  59  47 196 255  64  63 185 255  71  79 171 250  80  92 159 241  86 104 148 234  90 115 138 228  94 123 129 223  97 130 121 219 100 135 115 216 104 140 109 213 107 144 104 211 112 147  99 209 116 149  95 208 123 151  91 207 132 152  89 207 142 151  89 207 142 151  89 207 142 151  89 207 142 151  89 207 142 151  89 207 142 151  89 207 142 151  89 207 142 151  89 207 142 151  89 207 142 151  89 207 142 151
          255 135  30   3 255 151  32   2 255 163  40   2 255 175  48   2 249 189  53   5 226 214  46  16 208 236  50  31 196 251  57  46 185 255  63  61 174 255  70  74 161 254  79  86 150 247  85  96 140 241  90 105 131 236  94 112 124 232  98 117 117 229 102 122 111 226 105 126 107 224 108 129 102 222 112 132  98 220 116 134  94 219 122 136  89 218 130 137  86 217 137 138  86 217 137 138  86 217 137 138  86 217 137 138  86 217 137 138  86 217 137 138  86 217 137 138  86 217 137 138  86 217 137 138  86 217 137 138  86 217 137 138
          255 140  29   2 255 155  33   1 255 168  41   0 255 181  48   0 238 199  46   6 211 229  41  18 198 245  49  31 185 255  55  44 173 255  61  57 163 255  68  68 151 255  77  78 141 254  84  87 133 249  90  94 125 245  95 100 119 241  99 104 113 239 103 108 109 237 106 111 105 235 109 113 101 233 113 116  98 232 116 118  94 230 121 119  90 229 127 121  87 228 133 122  87 228 133 122  87 228 133 122  87 228 133 122  87 228 133 122  87 228 133 122  87 228 133 122  87 228 133 122  87 228 133 122  87 228 133 122  87 228 133 122
          255 147  27   1 255 161  33   0 255 174  40   0 247 189  44   1 215 223  29   8 201 239  40  19 187 255  46  30 174 255  53  41 161 255  59  52 151 255  65  61 141 255  75  69 132 255  83  76 125 255  90  82 119 254  95  86 114 251  99  90 110 249 102  93 106 248 106  95 103 246 109  97 100 245 112  99  97 244 115 101  94 243 120 102  91 241 125 104  88 241 130 105  88 241 130 105  88 241 130 105  88 241 130 105  88 241 130 105  88 241 130 105  88 241 130 105  88 241 130 105  88 241 130 105  88 241 130 105  88 241 130 105
          255 154  25   0 255 168  32   0 254 182  36   0 226 209  26   2 204 234  29   9 189 251  37  19 175 255  43  28 162 255  50  37 150 255  56  46 140 255  63  53 131 255  72  60 123 255  81  65 117 255  88  69 113 255  93  73 109 255  96  75 106 255 100  78 103 255 103  80 100 255 107  81  98 255 109  83  96 255 113  84  93 255 116  85  90 254 121  87  88 253 126  88  88 253 126  88  88 253 126  88  88 253 126  88  88 253 126  88  88 253 126  88  88 253 126  88  88 253 126  88  88 253 126  88  88 253 126  88  88 253 126  88
          255 161  24   0 255 176  29   0 236 198  23   0 207 230  17   3 192 247  28  10 177 255  34  17 162 255  40  25 150 255  46  32 139 255  53  39 129 255  60  45 120 255  68  50 114 255  77  54 109 255  84  57 106 255  89  59 103 255  93  61 101 255  96  63  99 255 100  65  97 255 102  66  95 255 105  67  93 255 109  68  91 255 112  69  89 255 116  70  87 255 120  71  87 255 120  71  87 255 120  71  87 255 120  71  87 255 120  71  87 255 120  71  87 255 120  71  87 255 120  71  87 255 120  71  87 255 120  71  87 255 120  71
          255 170  22   0 244 190  18   0 209 213   8   0 195 244  17   4 179 255  24  10 164 255  30  15 150 255  36  21 139 255  43  27 128 255  50  32 119 255  56  36 110 255  63  40 106 255  71  43 102 255  78  45  99 255  84  47  97 255  88  49  95 255  91  50  94 255  94  51  92 255  97  52  91 255  99  53  89 255 102  53  88 255 105  54  86 255 110  55  84 255 113  56  84 255 113  56  84 255 113  56  84 255 113  56  84 255 113  56  84 255 113  56  84 255 113  56  84 255 113  56  84 255 113  56  84 255 113  56  84 255 113  56
          253 183  14   0 210 203   6   0 198 220   6   1 182 255  13   4 166 255  20   8 152 255  25  13 139 255  32  17 128 255  39  22 118 255  46  26 111 255  52  29 104 255  58  32 100 255  65  34  96 255  70  35  94 255  75  37  92 255  79  38  90 255  83  39  88 255  86  39  87 255  89  40  86 255  91  41  84 255  94  41  83 255  97  42  82 255 100  42  80 255 103  43  80 255 103  43  80 255 103  43  80 255 103  43  80 255 103  43  80 255 103  43  80 255 103  43  80 255 103  43  80 255 103  43  80 255 103  43  80 255 103  43
          212 196   4   0 200 208   6   0 185 223   3   1 169 252   9   4 154 255  14   7 140 255  21  10 128 255  28  14 118 255  34  17 110 255  41  20 103 255  47  22  98 255  53  24  94 255  58  26  91 255  63  27  89 255  67  28  87 255  70  29  85 255  73  29  84 255  76  30  82 255  79  30  81 255  81  31  80 255  83  31  79 255  86  31  78 255  89  32  77 255  92  32  77 255  92  32  77 255  92  32  77 255  92  32  77 255  92  32  77 255  92  32  77 255  92  32  77 255  92  32  77 255  92  32  77 255  92  32  77 255  92  32
          255  98  39   8 255 108  40   9 255 117  42  11 255 125  45  15 255 130  51  21 255 135  59  29 255 137  69  38 255 136  81  48 255 133  94  58 255 130 106  67 255 127 118  75 255 124 131  81 255 122 144  85 255 121 156  89 255 120 167  92 255 117 174  94 255 115 180  96 252 112 185  98 250 110 190  99 247 108 195 101 244 106 201 102 240 104 206 102 232 101 209 103 226  99 212 104 226  99 212 104 226  99 212 104 226  99 212 104 226  99 212 104 226  99 212 104 226  99 212 104 226  99 212 104 226  99 212 104 226  99 212 104
          255  98  39   8 255 108  40   9 255 117  42  11 255 125  45  15 255 130  51  21 255 135  59  29 255 137  69  38 255 136  81  48 255 133  94  58 255 130 106  67 255 127 118  75 255 124 131  81 255 122 144  85 255 121 156  89 255 120 167  92 255 117 174  94 255 115 180  96 252 112 185  98 250 110 190  99 247 108 195 101 244 106 201 102 240 104 206 102 232 101 209 103 226  99 212 104 226  99 212 104 226  99 212 104 226  99 212 104 226  99 212 104 226  99 212 104 226  99 212 104 226  99 212 104 226  99 212 104 226  99 212 104
          255  98  39   8 255 108  40   9 255 117  42  11 255 125  45  15 255 130  51  21 255 135  59  29 255 137  69  38 255 136  81  48 255 133  94  58 255 130 106  67 255 127 118  75 255 124 131  81 255 122 144  85 255 121 156  89 255 120 167  92 255 117 174  94 255 115 180  96 252 112 185  98 250 110 190  99 247 108 195 101 244 106 201 102 240 104 206 102 232 101 209 103 226  99 212 104 226  99 212 104 226  99 212 104 226  99 212 104 226  99 212 104 226  99 212 104 226  99 212 104 226  99 212 104 226  99 212 104 226  99 212 104
          255  98  39   8 255 108  40   9 255 117  42  11 255 125  45  15 255 130  51  21 255 135  59  29 255 137  69  38 255 136  81  48 255 133  94  58 255 130 106  67 255 127 118  75 255 124 131  81 255 122 144  85 255 121 156  89 255 120 167  92 255 117 174  94 255 115 180  96 252 112 185  98 250 110 190  99 247 108 195 101 244 106 201 102 240 104 206 102 232 101 209 103 226  99 212 104 226  99 212 104 226  99 212 104 226  99 212 104 226  99 212 104 226  99 212 104 226  99 212 104 226  99 212 104 226  99 212 104 226  99 212 104
          255  98  39   8 255 108  40   9 255 117  42  11 255 125  45  15 255 130  51  21 255 135  59  29 255 137  69  38 255 136  81  48 255 133  94  58 255 130 106  67 255 127 118  75 255 124 131  81 255 122 144  85 255 121 156  89 255 120 167  92 255 117 174  94 255 115 180  96 252 112 185  98 250 110 190  99 247 108 195 101 244 106 201 102 240 104 206 102 232 101 209 103 226  99 212 104 226  99 212 104 226  99 212 104 226  99 212 104 226  99 212 104 226  99 212 104 226  99 212 104 226  99 212 104 226  99 212 104 226  99 212 104
          255  99  39   7 255 110  39   9 255 119  41  11 255 127  45  15 255 133  51  21 255 137  58  29 255 140  68  39 255 138  80  49 255 136  92  59 255 133 104  69 255 129 116  77 255 127 129  83 255 125 142  89 255 124 154  93 255 122 165  96 255 119 172  99 254 117 178 101 250 114 184 103 248 111 189 104 244 109 195 105 241 107 200 107 235 105 205 108 227 102 207 108 220 100 210 109 220 100 210 109 220 100 210 109 220 100 210 109 220 100 210 109 220 100 210 109 220 100 210 109 220 100 210 109 220 100 210 109 220 100 210 109
          255 101  38   7 255 112  39   8 255 122  40  11 255 130  44  14 255 136  50  20 255 141  57  28 255 144  67  38 255 144  78  49 255 142  90  61 255 139 101  71 255 135 113  80 255 132 125  88 255 130 138  95 255 129 149 100 255 127 160 104 253 124 168 107 249 120 175 110 246 117 181 112 243 114 187 114 239 112 193 115 233 109 198 117 225 106 200 118 214 102 203 118 208 102 206 116 208 102 206 116 208 102 206 116 208 102 206 116 208 102 206 116 208 102 206 116 208 102 206 116 208 102 206 116 208 102 206 116 208 102 206 116
          255 103  38   7 255 114  38   8 255 124  40  10 255 133  43  14 255 139  50  20 255 145  57  28 255 148  65  38 255 148  76  50 255 147  87  62 255 144  99  73 255 141 110  84 255 138 121  93 255 135 133 100 255 133 145 106 253 130 156 111 249 127 164 115 245 123 172 118 242 120 178 121 238 117 185 123 232 114 191 125 223 110 193 126 212 105 195 127 203 104 197 125 198 105 201 121 198 105 201 121 198 105 201 121 198 105 201 121 198 105 201 121 198 105 201 121 198 105 201 121 198 105 201 121 198 105 201 121 198 105 201 121
          255 104  37   7 255 116  37   8 255 126  39  10 255 136  43  13 255 142  50  19 255 148  56  27 255 152  64  38 255 153  75  50 255 152  86  63 255 150  96  75 255 146 107  87 255 143 118  97 253 139 129 105 250 136 140 113 248 134 151 118 245 130 161 123 241 126 169 127 237 123 175 130 233 119 183 133 223 114 186 135 210 109 187 136 201 106 187 135 194 108 193 129 190 109 197 125 190 109 197 125 190 109 197 125 190 109 197 125 190 109 197 125 190 109 197 125 190 109 197 125 190 109 197 125 190 109 197 125 190 109 197 125
          255 105  37   7 255 117  37   8 255 128  39   9 255 138  43  13 255 144  49  18 255 150  56  27 255 156  63  37 255 157  74  50 255 156  84  63 255 155  94  76 255 152 105  89 253 148 115 100 249 144 125 110 246 140 136 118 242 136 146 125 239 133 156 131 236 129 165 135 233 125 172 139 225 121 179 142 210 114 179 144 198 108 178 145 193 109 183 140 187 111 189 134 183 112 193 129 183 112 193 129 183 112 193 129 183 112 193 129 183 112 193 129 183 112 193 129 183 112 193 129 183 112 193 129 183 112 193 129 183 112 193 129
          255 107  36   7 255 119  37   7 255 130  38   9 255 140  43  12 255 147  49  18 255 153  55  26 255 159  62  37 255 161  72  49 255 161  82  63 255 160  92  78 253 157 102  91 249 154 112 104 245 149 122 115 240 144 131 124 236 140 141 132 232 135 150 139 228 130 159z 144 224 126 167 148 214 123 174 149 201 117 174 150 190 112 174 149 185 113 179 144 179 115 185 137 176 116 190 132 176 116 190 132 176 116 190 132 176 116 190 132 176 116 190 132 176 116 190 132 176 116 190 132 176 116 190 132 176 116 190 132 176 116 190 132
          255 108  36   6 255 120  36   7 255 132  38   9 255 141  43  12 255 149  49  17 255 155  55  25 255 162  62  36 255 164  71  49 255 165  80  63 255 165  90  78 250 163 100  93 245 160 109 107 240 155 118 119 234 150 127 130 229 143 135 140 224 138 144 146 219 136 154 149 214 133 164 151 207 130 171 153 193 122 170 153 183 117 171 153 177 117 175 148 172 119 182 141 169 120 187 135 169 120 187 135 169 120 187 135 169 120 187 135 169 120 187 135 169 120 187 135 169 120 187 135 169 120 187 135 169 120 187 135 169 120 187 135
          255 109  36   6 255 121  36   7 255 134  37   8 255 143  43  11 255 151  49  17 255 158  55  24 255 165  61  35 255 168  70  48 255 170  79  63 252 171  88  79 247 170  98  95 241 166 106 110 235 161 114 124 228 154 122 136 222 149 131 143 216 146 141 148 209 142 150 152 204 139 159 154 199 137 168 156 186 128 168 156 175 122 168 156 170 121 172 152 166 123 179 144 163 124 184 138 163 124 184 138 163 124 184 138 163 124 184 138 163 124 184 138 163 124 184 138 163 124 184 138 163 124 184 138 163 124 184 138 163 124 184 138
          255 110  35   6 255 123  35   7 255 135  37   8 255 145  43  11 255 153  49  16 255 160  55  24 255 168  60  34 255 172  69  48 255 175  78  63 249 177  86  79 243 177  95  96 237 174 103 112 229 168 110 127 222 162 119 137 214 157 128 144 207 152 137 150 201 148 146 154 195 145 155 156 191 143 164 158 179 134 165 159 169 127 165 159 163 125 169 155 160 127 176 147 158 128 182 141 158 128 182 141 158 128 182 141 158 128 182 141 158 128 182 141 158 128 182 141 158 128 182 141 158 128 182 141 158 128 182 141 158 128 182 141
          255 111  35   6 255 124  35   6 255 137  37   8 255 146  43  10 255 154  49  15 255 162  54  23 255 171  60  33 255 176  68  47 253 180  76  62 246 183  84  79 240 184  93  97 232 183 100 114 224 176 108 127 215 169 116 137 206 163 125 145 199 158 133 151 193 153 141 155 187 150 150 158 182 148 160 160 173 141 163 161 163 133 163 161 156 130 166 158 154 132 174 149 152 132 180 143 152 132 180 143 152 132 180 143 152 132 180 143 152 132 180 143 152 132 180 143 152 132 180 143 152 132 180 143 152 132 180 143 152 132 180 143
          255 112  35   6 255 125  35   6 255 138  36   7 255 148  43  10 255 156  49  15 255 164  54  22 255 173  60  33 255 180  67  46 250 186  75  62 244 190  83  79 237 193  91  97 228 193  98 114 219 184 106 127 208 175 114 137 200 168 121 145 192 163 129 151 186 159 137 156 180 156 146 159 175 154 156 162 167 148 161 163 157 140 161 163 150 135 164 160 148 136 172 152 147 136 178 145 147 136 178 145 147 136 178 145 147 136 178 145 147 136 178 145 147 136 178 145 147 136 178 145 147 136 178 145 147 136 178 145 147 136 178 145
          255 113  34   6 255 127  34   6 255 139  36   7 255 149  43   9 255 158  49  14 255 166  54  21 255 176  60  31 255 185  66  45 248 192  74  61 241 199  81  78 233 204  89  97 223 202  96 113 212 192 104 127 202 182 111 137 193 175 118 145 186 169 126 152 179 165 134 157 172 162 142 160 167 160 152 163 161 156 160 164 151 147 160 164 143 140 161 163 142 140 170 154 141 140 176 147 141 140 176 147 141 140 176 147 141 140 176 147 141 140 176 147 141 140 176 147 141 140 176 147 141 140 176 147 141 140 176 147 141 140 176 147
          255 114  34   5 255 128  34   6 255 141  36   7 255 151  43   9 255 159  49  13 255 168  54  20 255 178  59  30 253 189  66  43 245 199  73  59 237 208  80  77 229 219  87  96 218 212  95 113 206 199 102 126 196 189 108 137 187 182 115 145 179 176 123 152 172 172 130 157 166 168 138 161 160 166 148 164 155 165 159 165 145 154 158 166 136 146 160 164 136 145 168 156 135 145 174 149 135 145 174 149 135 145 174 149 135 145 174 149 135 145 174 149 135 145 174 149 135 145 174 149 135 145 174 149 135 145 174 149 135 145 174 149
          255 115  34   5 255 129  34   5 255 142  36   6 255 153  43   8 255 161  49  12 255 171  54  19 255 182  59  29 249 195  65  42 240 207  72  58 230 222  78  76 222 230  85  95 211 222  93 112 200 208 100 125 189 198 106 136 180 190 113 145 172 185 119 152 165 180 126 157 159 176 135 161 153 173 144 164 148 172 155 166 139 163 158 166 130 153 158 166 129 151 167 157 129 150 173 150 129 150 173 150 129 150 173 150 129 150 173 150 129 150 173 150 129 150 173 150 129 150 173 150 129 150 173 150 129 150 173 150 129 150 173 150
          255 117  33   5 255 131  33   5 255 144  36   6 255 154  43   8 255 164  49  11 255 173  54  18 254 186  59  27 244 202  64  39 233 218  71  55 224 234  76  74 216 236  83  94 204 229  91 110 193 219  97 124 183 208 104 135 174 201 110 144 166 195 116 151 158 189 123 157 151 186 131 161 145 183 140 164 139 181 151 166 132 174 158 167 123 163 158 166 122 159 166 158 122 156 172 152 122 156 172 152 122 156 172 152 122 156 172 152 122 156 172 152 122 156 172 152 122 156 172 152 122 156 172 152 122 156 172 152 122 156 172 152
          255 118  33   5 255 133  33   5 255 146  36   5 255 156  43   7 255 166  49  10 255 176  55  16 250 190  59  25 239 209  64  37 226 230  68  54 218 241  75  73 208 243  82  92 196 237  89 109 185 228  95 122 175 220 101 134 166 213 107 143 158 207 114 150 151 202 120 155 143 198 128 160 136 195 137 163 130 193 148 165 125 190 159 166 117 175 159 165 115 168 165 158 115 165 171 152 115 165 171 152 115 165 171 152 115 165 171 152 115 165 171 152 115 165 171 152 115 165 171 152 115 165 171 152 115 165 171 152 115 165 171 152
          255 120  32   4 255 135  32   4 255 148  36   4 255 1A59  43   6 255 169  50   8 255 180  55  14 245 196  60  21 231 219  61  35 219 239  66  53 210 248  72  72 200 249  80  90 186 240  87 107 174 230  92 120 164 222  97 131 155 216 102 140 147 210 108 147 139 206 114 153 131 203 121 157 125 201 129 160 119 199 140 162 115 199 151 163 110 194 161 163 108 182 166 157 108 176 172 152 108 176 172 152 108 176 172 152 108 176 172 152 108 176 172 152 108 176 172 152 108 176 172 152 108 176 172 152 108 176 172 152 108 176 172 152
          255 123  31   4 255 138  31   4 255 151  37   4 255 162  44   4 255 172  50   7 253 185  56  11 238 202  58  20 220 230  56  36 210 244  64  53 203 255  70  71 190 253  79  88 176 242  85 103 164 232  89 117 153 224  93 128 144 218  98 137 135 213 103 144 126 209 108 149 119 206 114 153 113 204 121 156 108 202 130 158 104 202 141 159 101 202 153 159 101 201 169 155 101 192 173 150 101 192 173 150 101 192 173 150 101 192 173 150 101 192 173 150 101 192 173 150 101 192 173 150 101 192 173 150 101 192 173 150 101 192 173 150
          255 126  30   3 255 141  30   3 255 154  37   3 255 165  44   3 255 176  51   4 247 191  56   8 227 214  52  21 211 236  56  36 201 249  63  53 192 255  68  69 179 255  77  84 167 246  84  98 155 237  89 110 144 230  92 121 134 223  96 130 124 218  99 137 116 213 103 143 109 210 109 147 103 208 115 150  99 207 123 151  95 206 132 152  93 207 143 152  92 208 160 150  93 211 175 146  93 211 175 146  93 211 175 146  93 211 175 146  93 211 175 146  93 211 175 146  93 211 175 146  93 211 175 146  93 211 175 146  93 211 175 146
          255 129  29   3 255 145  29   2 255 158  37   1 255 169  44   1 255 182  51   2 238 199  51   9 214 228  46  22 202 243  55  36 191 255  61  51 181 255  66  66 169 255  75  79 157 251  83  91 146 243  89 102 136 237  93 111 127 232  97 118 119 227 101 124 112 224 105 129 106 221 109 133 100 218 114 136  95 217 120 139  91 215 128 140  87 214 137 141  84 214 150 141  84 217 162 139  84 217 162 139  84 217 162 139  84 217 162 139  84 217 162 139  84 217 162 139  84 217 162 139  84 217 162 139  84 217 162 139  84 217 162 139
          255 134  28   2 255 150  30   1 255 162  37   0 255 174  44   0 248 189  49   2 219 220  37  11 205 237  46  23 193 251  53  36 180 255  59  49 169 255  65  62 159 255  73  73 148 255  82  83 138 250  88  92 130 245  94  99 122 241  98 105 115 237 102 110 109 234 106 114 104 232 110 118  99 230 115 121  95 228 120 123  91 227 126 125  87 226 133 126  83 225 143 127  80 225 152 127  80 225 152 127  80 225 152 127  80 225 152 127  80 225 152 127  80 225 152 127  80 225 152 127  80 225 152 127  80 225 152 127  80 225 152 127
          255 139  26   1 255 155  29   0 255 167  36   0 255 181  42   0 233 202  38   3 208 231  35  12 195 246  44  23 182 255  51  35 169 255  57  46 158 255  63  57 148 255  71  66 139 255  80  74 130 255  88  81 123 253  93  87 117 250  98  92 111 247 103  96 106 245 107  99 102 243 111 102  98 241 115 104  95 240 120 106  91 239 125 108  87 237 131 110  84 236 139 111  81 236 146 112  81 236 146 112  81 236 146 112  81 236 146 112  81 236 146 112  81 236 146 112  81 236 146 112  81 236 146 112  81 236 146 112  81 236 146 112
          255 146  24   0 255 161  29   0 255 174  34   0 243 192  35   0 211 226  23   4 198 242  35  13 184 255  42  23 170 255  48  32 158 255  54  42 147 255  61  50 137 255  69  58 129 255  78  65 122 255  86  70 116 255  92  74 111 255  97  78 107 255 101  81 103 255 105  84 100 254 109  86  97 253 113  88  94 252 117  90  91 251 122  91  88 250 127  93  85 249 134  94  82 248 141  95  82 248 141  95  82 248 141  95  82 248 141  95  82 248 141  95  82 248 141  95  82 248 141  95  82 248 141  95  82 248 141  95  82 248 141  95
          255 154  21   0 255 168  27   0 250 184  28   0 214 217   9   1 201 238  24   6 186 254  32  13 171 255  38  21 158 255  44  29 147 255  51  36 136 255  58  43 126 255  65  49 119 255  75  54 113 255  83  58 109 255  89  62 105 255  94  64 102 255  98  67  99 255 102  69  97 255 106  70  94 255 110  72  92 255 113  73  89 255 117  74  87 255 122  76  84 255 129  77  82 255 134  78  82 255 134  78  82 255 134  78  82 255 134  78  82 255 134  78  82 255 134  78  82 255 134  78  82 255 134  78  82 255 134  78  82 255 134  78
          255 162  20   0 255 178  22   0 214 204   7   0 203 230  10   1 188 251  22   6 173 255  28  12 159 255  34  18 147 255  40  25 136 255  47  30 126 255  54  36 116 255  61  40 109 255  69  44 105 255  78  47 101 255  84  49  99 255  89  51  97 255  93  53  95 255  97  55  93 255 100  56  91 255 104  57  89 255 108  58  87 255 112  59  84 255 116  60  82 255 121  61  80 255 126  62  80 255 126  62  80 255 126  62  80 255 126  62  80 255 126  62  80 255 126  62  80 255 126  62  80 255 126  62  80 255 126  62  80 255 126  62
          255 172  17   0 216 195   4   0 205 209   7   0 191 240  10   2 175 255  18   6 160 255  23  11 147 255  30  15 135 255  36  20 125 255  43  25 116 255  50  29 108 255  57  32 103 255  64  35  99 255  70  37  96 255  76  39  93 255  81  40  91 255  85  41  89 255  89  42  87 255  93  43  85 255  97  44  84 255 100  45  83 255 103  45  81 255 107  46  79 255 112  47  77 255 116  48  77 255 116  48  77 255 116  48  77 255 116  48  77 255 116  48  77 255 116  48  77 255 116  48  77 255 116  48  77 255 116  48  77 255 116  48
          219 188   0   0 206 201   6   0 193 217   5   0 177 240   7   2 162 255  12   5 148 255  19   9 136 255  25  12 125 255  32  16 116 255  39  19 108 255  46  22 102 255  52  25  97 255  57  26  93 255  63  28  90 255  68  29  88 255  72  30  86 255  76  31  84 255  80  32  83 255  83  32  81 255  86  33  80 255  89  34  78 255  92  34  77 255  96  35  75 255 100  35  73 255 103  36  73 255 103  36  73 255 103  36  73 255 103  36  73 255 103  36  73 255 103  36  73 255 103  36  73 255 103  36  73 255 103  36  73 255 103  36
          208 194   3   0 196 206   5   0 181 220   2   0 164 237   2   2 150 255   8   4 137 255  14   7 125 255  21   9 115 255  28  12 107 255  34  14 101 255  41  17  95 255  46  18  91 255  51  20  87 255  56  21  85 255  60  22  83 255  64  22  81 255  67  23  80 255  70  23  78 255  73  24  77 255  76  24  76 255  78  25  75 255  81  25  73 255  84  26  72 255  87  26  70 255  90  26  70 255  90  26  70 255  90  26  70 255  90  26  70 255  90  26  70 255  90  26  70 255  90  26  70 255  90  26  70 255  90  26  70 255  90  26
          255  91  40   7 255 101  40   8 255 109  42  10 255 115  45  14 255 120  50  19 255 122  58  25 255 126  67  33 255 124  81  41 255 121  94  49 255 118 107  56 255 114 119  62 255 112 132  66 255 110 145  70 255 109 157  73 255 108 168  75 255 106 178  77 255 105 187  78 255 103 192  79 255 101 198  80 255  99 203  81 253  97 209  82 249  96 217  83 245  95 223  83 239  93 226  84 234  92 227  84 234  92 227  84 234  92 227  84 234  92 227  84 234  92 227  84 234  92 227  84 234  92 227  84 234  92 227  84 234  92 227  84
          255  91  40   7 255 101  40   8 255 109  42  10 255 115  45  14 255 120  50  19 255 122  58  25 255 126  67  33 255 124  81  41 255 121  94  49 255 118 107  56 255 114 119  62 255 112 132  66 255 110 145  70 255 109 157  73 255 108 168  75 255 106 178  77 255 105 187  78 255 103 192  79 255 101 198  80 255  99 203  81 253  97 209  82 249  96 217  83 245  95 223  83 239  93 226  84 234  92 227  84 234  92 227  84 234  92 227  84 234  92 227  84 234  92 227  84 234  92 227  84 234  92 227  84 234  92 227  84 234  92 227  84
          255  91  40   7 255 101  40   8 255 109  42  10 255 115  45  14 255 120  50  19 255 122  58  25 255 126  67  33 255 124  81  41 255 121  94  49 255 118 107  56 255 114 119  62 255 112 132  66 255 110 145  70 255 109 157  73 255 108 168  75 255 106 178  77 255 105 187  78 255 103 192  79 255 101 198  80 255  99 203  81 253  97 209  82 249  96 217  83 245  95 223  83 239  93 226  84 234  92 227  84 234  92 227  84 234  92 227  84 234  92 227  84 234  92 227  84 234  92 227  84 234  92 227  84 234  92 227  84 234  92 227  84
          255  91  40   7 255 101  40   8 255 109  42  10 255 115  45  14 255 120  50  19 255 122  58  25 255 126  67  33 255 124  81  41 255 121  94  49 255 118 107  56 255 114 119  62 255 112 132  66 255 110 145  70 255 109 157  73 255 108 168  75 255 106 178  77 255 105 187  78 255 103 192  79 255 101 198  80 255  99 203  81 253  97 209  82 249  96 217  83 245  95 223  83 239  93 226  84 234  92 227  84 234  92 227  84 234  92 227  84 234  92 227  84 234  92 227  84 234  92 227  84 234  92 227  84 234  92 227  84 234  92 227  84
          255  93  40   7 255 103  39   8 255 111  41  10 255 118  44  13 255 122  50  18 255 125  57  25 255 129  66  33 255 127  79  42 255 125  92  50 255 122 105  58 255 117 117  64 255 115 130  69 255 113 143  73 255 112 155  77 255 110 166  79 255 109 176  81 255 108 185  83 255 106 191  84 255 103 196  85 253 101 202  86 249  99 208  87 246  98 216  88 240  96 220  89 233  94 223  89 228  93 225  89 228  93 225  89 228  93 225  89 228  93 225  89 228  93 225  89 228  93 225  89 228  93 225  89 228  93 225  89 228  93 225  89
          255  95  39   7 255 105  39   8 255 114  40  10 255 121  43  13 255 126  49  18 255 130  006790 1037.705100 1039.406140 1041.109914 1042.816427 1044.525684 1046.237688 1047.952445 1049.669959 1051.390233 1053.113273 1054.839083 1056.567668 1058.299032
							 1060.033179 1061.770114 1063.509841 1065.252365 1066.997691 1068.745823 1070.496765 1072.250522 1074.007099 1075.766499 1077.528729 1079.293791 1081.061692 1082.832434 1084.606024 1086.382465
							 1088.161762 1089.943920 1091.728944 1093.516837 1095.307605 1097.101252 1098.897783 1100.697202 1102.499514 1104.304725 1106.112838 1107.923858 1109.737790 1111.554638 1113.374408 1115.197103
							 1117.022730 1118.851292 1120.682793 1122.517240 1124.354637 1126.194988 1128.038298 1129.884572 1131.733815 1133.586031 1135.441225 1137.299403 1139.160569 1141.024727 1142.891883 1144.762041
							 1146.635207 1148.511385 1150.390579 1152.272796 1154.158039 1156.046314 1157.937625 1159.831978 1161.729377 1163.629827 1165.533334 1167.439901 1169.349535 1171.262239 1173.178019 1175.096880
							 1177.018828 1178.943865 1180.871999 1182.803233 1184.737574 1186.675025 1188.615592 1190.559280 1192.506093 1194.456038 1196.409119 1198.365341 1200.324709 1202.287228 1204.252903 1206.221740
							 1208.193744 1210.168919 1212.147271 1214.128804 1216.113525 1218.101438 1220.092548 1222.086861 1224.084381 1226.085114 1228.089066 1230.096240 1232.106643 1234.120279 1236.137155 1238.157274
							 1240.180643 1242.207266 1244.237149 1246.270297 1248.306716 1250.346410 1252.389385 1254.435647 1256.485199 1258.538049 1260.594201 1262.653661 1264.716433 1266.782524 1268.851938 1270.924681
							 1273.000759 1275.080176 1277.162938 1279.249051 1281.338520 1283.431350 1285.527547 1287.627116 1289.730063 1291.836392 1293.946111 1296.059223 1298.175736 1300.295653 1302.418981 1304.545724
							 1306.675890 1308.809482 1310.946507 1313.086971 1315.230878 1317.378234 1319.529046 1321.683317 1323.841055 1326.002265 1328.166952 1330.335122 1332.506780 1334.681932 1336.860585 1339.042743
							 1341.228412 1343.417597 1345.610306 1347.806542 1350.006313 1352.209623 1354.416479 1356.626885 1358.840849 1361.058375 1363.279469 1365.504137 1367.732386 1369.964220 1372.199645 1374.438668
							 1376.681294 1378.927529 1381.177379 1383.430849 1385.687946 1387.948675 1390.213042 1392.481054 1394.752715 1397.028032 1399.307011 1401.589658 1403.875979 1406.165979 1408.459665 1410.757042
							 1413.058117 1415.362895 1417.671383 1419.983586 1422.299510 1424.619163 1426.942548 1429.269674 1431.600545 1433.935167 1436.273548 1438.615692 1440.961606 1443.311297 1445.664769 1448.022030
							 1450.383085 1452.747940 1455.116603 1457.489078 1459.865372 1462.245491 1464.629442 1467.017231 1469.408863 1471.804345 1474.203684 1476.606885 1479.013955 1481.424900 1483.839726 1486.258439
							 1488.681047 1491.107555 1493.537969 1495.972296 1498.410543 1500.852714 1503.298818 1505.748860 1508.202846 1510.660784 1513.122679 1515.588538 1518.058366 1520.532172 1523.009961 1525.491739
							 1527.977513 1530.467290 1532.961075 1535.458876 1537.960699 1540.466551 1542.976437 1545.490365 1548.008341 1550.530372 1553.056464 1555.586624 1558.120858 1560.659173 1563.201576 1565.748072
							 1568.298670 1570.853375 1573.412195 1575.975135 1578.542202 1581.113404 1583.688747 1586.268237 1588.851882 1591.439687 1594.031660 1596.627808 1599.228138 1601.832655 1604.441367 1607.054281
							 1609.671403 1612.292740 1614.918300 1617.548089 1620.182113 1622.820380 1625.462897 1628.109670 1630.760707 1633.416013 1636.075597 1638.739465 1641.407625 1644.080082 1646.756844 1649.437918
							 1652.123311 1654.813030 1657.507082 1660.205474 1662.908213 1665.615307 1668.326761 1671.042583 1673.762781 1676.487362 1679.216331 1681.949698 1684.687468 1687.429649 1690.176248 1692.927273
							 1695.682730 1698.442626 1701.206969 1703.975766 1706.749025 1709.526752 1712.308954 1715.095640 1717.886816 1720.682489 1723.482667 1726.287358 1729.096568 1731.910304 1734.728575 1737.551387
							 1740.378748 1743.210666 1746.047147 1748.888199 1751.733829 1754.584045 1757.438855 1760.298266 1763.162285 1766.030919 1768.904177 1771.782065 1774.664592 1777.551764 1780.443590 1783.340077
							 1786.241232 1789.147063 1792.057578 1794.972784 1797.892688 1800.817299 1803.746625 1806.680672 1809.619448 1812.562962 1815.511220 1818.464231 1821.422002 1824.384540 1827.351855 1830.323953
							 1833.300842 1836.282530 1839.269025 1842.260334 1845.256466 1848.257428 1851.263228 1854.273874 1857.289374 1860.309736 1863.334967 1866.365075 1869.400069 1872.439956 1875.484745 1878.534443
							 1881.589058 1884.648598 1887.713071 1890.782486 1893.856850 1896.936171 1900.020458 1903.109718 1906.203959 1909.303190 1912.407419 1915.516653 1918.630902 1921.750173 1924.874473 1928.003813
							 1931.138199 1934.277639 1937.422143 1940.571718 1943.726373 1946.886115 1950.050953 1953.220896 1956.395951 1959.576127 1962.761432 1965.951875 1969.147464 1972.348208 1975.554113 1978.765190
							 1981.981447 1985.202891 1988.429532 1991.661377 1994.898436 1998.140716 2001.388226 2004.640976 2007.898972 2011.162224 2014.430741 2017.704530 2020.983601 2024.267962 2027.557622 2030.852588
							 2034.152871 2037.458478 2040.769418 2044.085700 2047.407333 2050.734325 2054.066685 2057.404422 2060.747544 2064.096060 2067.449979 2070.809310 2074.174062 2077.544243 2080.919862 2084.300928
							 2087.687450 2091.079437 2094.476898 2097.879841 2101.288276 2104.702211 2108.121656 2111.546619 2114.977109 2118.413136 2121.854708 2125.301834 2128.754524 2132.212786 2135.676630 2139.146065
							 2142.621099 2146.101742 2149.588003 2153.079891 2156.577415 2160.080585 2163.589410 2167.103898 2170.624059 2174.149903 2177.681438 2181.218674 2184.761620 2188.310286 2191.864680 2195.424812
							 2198.990692 2202.562328 2206.139730 2209.722908 2213.311871 2216.906628 2220.507189 2224.113563 2227.725760 2231.343789 2234.967659 2238.597381 2242.232963 2245.874416 2249.521748 2253.174970
							 2256.834091 2260.499120 2264.170067 2267.846943 2271.529756 2275.218516 2278.913232 2282.613916 2286.320575 2290.033221 2293.751863 2297.476510 2301.207172 2304.943859 2308.686582 2312.435349
							 2316.190171 2319.951057 2323.718018 2327.491063 2331.270202 2335.055445 2338.846802 2342.644284 2346.447899 2350.257658 2354.073572 2357.895649 2361.723900 2365.558336 2369.398966 2373.245800
							 2377.098849 2380.958122 2384.823630 2388.695383 2392.573391 2396.457664 2400.348213 2404.245047 2408.148178 2412.057614 2415.973368 2419.895448 2423.823865 2427.758629 2431.699752 2435.647242
							 2439.601111 2443.561369 2447.528027 2451.501094 2455.480581 2459.466500 2463.458859 2467.457671 2471.462944 2475.474690 2479.492920 2483.517644 2487.548872 2491.586615 2495.630884 2499.681690
							 2503.739042 2507.802953 2511.873431 2515.950489 2520.034137 2524.124386 2528.221246 2532.324728 2536.434843 2540.551602 2544.675016 2548.805095 2552.941851 2557.085294 2561.235435 2565.392286
							 2569.555856 2573.726158 2577.903202 2582.086998 2586.277559 2590.474895 2594.679017 2598.889937 2603.107665 2607.332212 2611.563590 2615.801810 2620.046882 2624.298819 2628.557631 2632.823330
							 2637.095926 2641.375432 2645.661857 2649.955215 2654.255515 2658.562770 2662.876990 2667.198188 2671.526373 2675.861559 2680.203756 2684.552975 2688.909229 2693.272529 2697.642885 2702.020311
							 2706.404816 2710.796414 2715.195114 2719.600930 2724.013872 2728.433953 2732.861184 2737.295576 2741.737141 2746.185892 2750.641839 2755.104995 2759.575371 2764.052979 2768.537831 2773.029939
							 2777.529315 2782.035970 2786.549916 2791.071165 2795.599730 2800.135622 2804.678853 2809.229436 2813.787381 2818.352702 2822.925410 2827.505517 2832.093036 2836.687978 2841.290356 2845.900181
							 2850.517467 2855.142225 2859.774467 2864.414206 2869.061454 2873.716222 2878.378525 2883.048373 2887.725779 2892.410756 2897.103316 2901.803471 2906.511233 2911.226616 2915.949631 2920.680292
							 2925.418610 2930.164597 2934.918268 2939.679634 2944.448707 2949.225501 2954.010028 2958.802301 2963.602332 2968.410134 2973.225720 2978.049102 2982.880293 2987.719306 2992.566154 2997.420850
							 3002.283406 3007.153836 3012.032151 3016.918366 3021.812493 3026.714545 3031.624534 3036.542475 3041.468379 3046.402261 3051.344132 3056.294006 3061.251897 3066.217817 3071.191779 3076.173797
							 3081.163884 3086.162053 3091.168317 3096.182689 3101.205183 3106.235813 3111.274590 3116.321529 3121.376644 3126.439946 3131.511451 3136.591171 3141.679119 3146.775310 3151.879756 3156.992472
							 3162.113470 3167.242765 3172.380369 3177.526297 3182.680562 3187.843178 3193.014158 3198.193517 3203.381267 3208.577423 3213.781998 3218.995007 3224.216462 3229.446378 3234.684769 3239.931648
							 3245.187030 3250.450929 3255.723357 3261.004330 3266.293861 3271.591965 3276.898654 3282.213945 3287.537850 3292.870383 3298.211559 3303.561392 3308.919897 3314.287086 3319.662975 3325.047578
							 3330.440909 3335.842983 3341.253813 3346.673414 3352.101800 3357.538987 3362.984988 3368.439817 3373.903490 3379.376020 3384.857423 3390.347712 3395.846902 3401.355009 3406.872046 3412.398028
							 3417.932970 3423.476886 3429.029792 3434.591701 3440.162629 3445.742591 3451.331601 3456.929674 3462.536826 3468.153070 3473.778422 3479.412896 3485.056509 3490.709274 3496.371206 3502.042322
							 3507.722635 3513.412161 3519.110915 3524.818913 3530.536168 3536.262697 3541.998515 3547.743636 3553.498077 3559.261852 3565.034977 3570.817467 3576.609338 3582.410604 3588.221282 3594.041386
							 3599.870933 3605.709937 3611.558414 3617.416380 3623.283851 3629.160841 3635.047367 3640.943444 3646.849088 3652.764315 3658.689139 3664.623578 3670.567647 3676.521361 3682.484737 3688.457790
							 3694.440536 3700.432991 3706.435171 3712.447092 3718.468771 3724.500222 3730.541462 3736.592507 3742.653374 3748.724078 3754.804635 3760.895062 3766.995375 3773.105590 3779.225724 3785.355792
							 3791.495811 3797.645797 3803.805767 3809.975737 3816.155724 3822.345743 3828.545812 3834.755947 3840.976164 3847.206481 3853.446912 3859.697476 3865.958189 3872.229068 3878.510129 3884.801388
							 3891.102864 3897.414571 3903.736529 3910.068752 3916.411258 3922.764064 3929.127187 3935.500644 3941.884452 3948.278627 3954.683187 3961.098149 3967.523530 3973.959347 3980.405617 3986.862358
						</SingleSampledCurve>
					</CurveSetElement>
					<!--curve{LtoDL} converts measured Luminance (L) to display Drive Level (DL) -->
					<CurveSetElement Name="LtoDL" InputChannels="1" OutputChannels="1"> 
						<!-- This example assumes linear luminance response of device -->
						<!-- To work with actual device measure luminance for each drive level.-->
						<!-- Then invert to determine fractional drive levels for each linear increment of luminance, and put in SingleSampledCurveSegment-->
						<!-- Set FirstEntry and LastEntry to measured min and max luminances of display-->
						<SingleSampledCurve Start="-infinity" End="+infinity" FirstEntry="10" LastEntry="1000" StorageType="0" ExtensionType="0">
							0.0 1.0
						</SingleSampledCurve>
					</CurveSetElement>
				</SubElements>
      <Variables>
        <Declare Name="LoL"/>
        <Declare Name="HiL"/>
        <Declare Name="MaxAmbientL"/>
        <Declare Name="AmbientL"/>
        <Declare Name="LoJND"/>
        <Declare Name="HiJND"/>
        <Declare Name="RangeJND"/>
        <Declare Name="RangeDL"/>
      </Variables>
      <MainFunction>
{
;Initialize constants based on measurement of display luminance (in dark environment) and ambient luminance of environment
10 tput{LoL} ;Low luminance level based on measurement of device in Dark environment (should match FirstEntry attribute of curve{LtoDL})
1000 tput{HiL} ;High luminance level based on measurement of device in Dark environment (should match LastEntry attribute of curve{LtoDL})

;Determine max ambient luminance
3993.32958588733 tget{HiL} sub tput{MaxAmbientL} ;(3933.32958588733 should be same as last value of curve{JNDtoL})

;Get Ambience level from cmm environment variable and validate it
env(ambL) if { 0 max } else { pop 10 } ; get ambient luminance level from 'ambL' CMM environment variable (default is 10 cd/m^2)
tget{MaxAmbientL} min tput{AmbientL}

%Use measured Luminance form display and ambient luminance to determine lo and hi JND levels
tget{LoL} tget{AmbientL} add log curv{LogLtoJND} curv{LoJND}; LtoJND(log(LoL+AmbientL))
tget{HiL} tget{AmbientL} add log curv{LogLtoJND} tput{HiJND}; LtoJND(log(HiL+AmbientL))

;Determine JND range of display in ambient environment
tget{HiJND} tget{LoJND} sub tput{RangeJND}

;Determine range of Drive Levels corresponding to JND range
tget{HiJND} curv{JNDtoL} tget{AmbientL} sub curv{LtoDL} tput{RangeDL}

;Now apply GSDF function

;scale JND range by inputJND percent, add LoJND
in{inputJND} tget{RangeJND} mul tget{LoJND} add ;determine JND point for input

;convert JND to luminance and subtract out ambient luminance
curv{JNDtoL} tget{AmbientL} sub; determine desired luminance on display

;convert display luminance to drive level of display
curv{LtoDL} ;apply desired display luminance to drive value conversion

;Finally divide by range of drive levels to get out percent Drive Level
tget{RangeDL} div ; correct for floating point rounding of maximum point
out[0]
}
      </MainFunction>
    </CalculatorElement>
    </MultiProcessElements>
    </multiProcessElementType>
    <multiLocalizedUnicodeType>
      <TagSignature>cprt</TagSignature>
      <LocalizedText LanguageCountry="enUS"><![CDATA[Copyright 2017 International Color Consortium]]></LocalizedText>
    </multiLocalizedUnicodeType>
  </Tags>
</IccProfile>
