<?xml version="1.0" encoding="UTF-8"?>
<IccProfile>
  <Header>
    <PreferredCMMType>appl</PreferredCMMType>
    <ProfileVersion>5.20</ProfileVersion>
    <ProfileDeviceClass>mntr</ProfileDeviceClass>
    <DataColourSpace>RGB </DataColourSpace>
    <PCS>XYZ </PCS>
    <CreationDateTime>2018-06-09T19:43:44</CreationDateTime>
    <PrimaryPlatform>APPL</PrimaryPlatform>
    <ProfileFlags EmbeddedInFile="false" UseWithEmbeddedDataOnly="false"/>
    <DeviceAttributes ReflectiveOrTransparency="reflective" GlossyOtepmrMatte="glossy" MediaPolarity="positive" MediaColour="colour"/>
    <RenderingIntent>Perceptual</RenderingIntent>
    <PCSIlluminant>
      <XYZNumber X="0.964202880859" Y="1.000000000000" Z="0.824905395508"/>
    </PCSIlluminant>
    <ProfileCreator>appl</ProfileCreator>
    <ProfileID>77BBAEB4832CCEFD1E0FADC7B657BDCE</ProfileID>
  </Header>
  <Tags>
    <profileDescriptionTag> <colorantTableType>
      <ColorantTable>
        <Colorant Name="" Channel1="0.392156898975" Channel2="-127.000000000000" Channel3="-127.000000000000"/>
      </ColorantTable>
    </colorantTableType> </profileDescriptionTag>

    <copyrightTag> <PrivateType type="01010101h">
      <UnknownData>
       0101010101010101010101010101010101010101010101010101010101010101
       01010101010101010101
      </UnknownData>
    </PrivateType> </copyrightTag>

    <mediaWhitePointTag> <PrivateType type="01010101h">
      <UnknownData>
       01010101010101010101010101010101
      </UnknownData>
    </PrivateType> </mediaWhitePointTag>

    <redColorantTag> <PrivateType type="01010101h">
      <UnknownData>
       01010101010101010101010101010101
      </UnknownData>
    </PrivateType> </redColorantTag>

    <greenColorantTag> <PrivateType type="01010101h">
      <UnknownData>
       01010101010101010101010101010101
      </UnknownData>
    </PrivateType> </greenColorantTag>

    <blueColorantTag> <PrivateType type="01010101h">
      <UnknownData>
       01010101010101010101010101010101
      </UnknownData>
    </PrivateType> </blueColorantTag>

    <redTRCTag> <PrivateType type="01010101h">
      <UnknownData>
       0101010101010101010101010101010101010101010101010101010101010101
       01010101005
          47855 33923 59049 48611 33825 56652 49257 33722 54472 49834 33602 52304 50363 33460 50133 50781 33388 47992 51111 33364 45881 51319 33426 43813 51455 33541 41765 51550 33752 39705 51614 34017 37635 51728 34291 35634 51851 34576 33672 52043 35018 31714 52290 35551 29770 52586 36137 27801 52992 36833 25698
          50136 32105 59844 50831 32023 57563 51454 31906 55399 52057 31780 53250 52561 31665 51113 53021 31573 48996 53290 31559 46955 53525 31562 44922 53653 31715 42926 53772 31863 40926 53858 32146 38902 53935 32410 36869 54123 32679 34884 54318 32896 32896 54619 33572 30926 54893 34174 28951 55243 34941 26826
          52522 30110 60444 53223 30015 58086 53757 29944 56033 54259 29876 54016 54694 29815 51995 55072 29760 49968 55344 29752 47978 55550 29778 46008 55736 29885 44056 55897 30060 42116 56039 30288 40172 56160 30584 38224 56302 30883 36250 56505 31210 34219 56777 31627 32162 57192 32268 30091 57638 32940 27972
          54891 28151 60659 55492 28085 58533 56020 28036 56594 56499 27996 54715 56934 27955 52841 57216 27935 50896 57471 27933 48967 57651 28009 47091 57831 28080 45216 57995 28279 43322 58159 28472 41415 58308 28765 39488 58446 29097 37566 58634 29477 35557 58862 29866 33501 59245 30478 31376 59698 31179 29204
          57494 26127 60771 58098 26073 58880 58683 25994 57090 59077 26006 55368 59455 26025 53658 59644 26124 51866 59805 26219 50057 59985 26318 48271 60156 26438 46493 60284 26606 44680 60432 26836 42833 60545 27078 40948 60683 27390 39000 60826 27699 37042 61089 28164 34928 61414 28654 32803 62078 29344 30473
          27344 53107 48639 27535 53434 46766 27568 53884 44918 27291 54537 42835 27337 54879 40912 27252 55148 38750 27156 55396 36624 27051 55573 34618 26989 55699 32640 26809 55889 30856 26717 56004 29057 26563 56157 27458 26282 56358 25870 26259 56390 24306 26093 56350 22613 26134 56225 20929 26117 56121 19241
          28625 51976 49237 28963 52158 47291 29260 52376 45422 29401 52690 43406 29466 53052 41368 29483 53383 39184 29454 53692 36981 29365 53990 34920 29252 54266 32884 29089 54517 31123 28922 54742 29359 28784 54962 27750 28656 55165 26216 28522 55351 24682 28423 55303 22953 28328 55242 21192 28333 55119 19486
          29905 50928 49897 30358 50978 47826 30744 51082 45876 31004 51282 43094 45616 45383 44157 43452 45530 44241 41253 45549 44436 39074 45531 44643 36883 45404 44941 34821 45288 45225 32787 45281 45714 31137 45232 46193 29462 45220 46579 27732 45250 46892 25988 45286 47205 24207
          45508 42679 57256 46100 42579 54959 46595 42483 52857 46983 42410 50826 47319 42358 48777 47547 42354 46666 47733 42380 44530 47816 42504 42319 47859 42663 40138 47847 42871 37996 47810 43146 35937 47736 43482 33960 47661 43861 32058 47591 44321 30288 47509 44785 28525 47570 45131 26689 47616 45460 24869
          48011 40951 58491 48570 40817 56234 49032 40704 54138 49380 40642 52039 49661 40610 49929 49885 40580 47793 50070 40552 45639 50140 40652 43453 50167 40795 41249 50124 40997 39096 50082 41211 36954 50056 41581 35030 50008 41941 33095 49970 42347 31272 49917 42763 29478 49989 43173 27626 50130 43561 25688
          50312 39246 59590 50887 39111 57318 51289 39034 55232 51674 38963 53160 51996 38916 51061 52295 38873 48964 52437 38879 46812 52548 38906 44661 52549 39014 42506 52541 39156 40364 52514 39377 38257 52478 39639 36199 52418 39985 34233 52355 40360 32289 52308 40778 30433 52252 41183 28597 52609 41664 26626
          52383 37549 60599 52923 37397 58343 53365 37285 56245 53746 37214 54166 54081 37153 52072 54376 37104 49962 54559 37106 47836 532 24617 36073 55547 23048
          37824 50956 52787 38298 50996 50773 38723 51071 48831 39006 51237 46971 39294 51411 45152 39366 51604 43184 39397 51790 41228 39373 52039 39180 39354 52335 37145 39196 52605 35160 39051 52906 33186 38854 53224 31438 38636 53496 29733 38468 53788 28118 38334 54090 26586 38184 54381 25057 38288 54588 23469
          39546 50056 53563 40039 50039 51514 40499 50066 49575 40834 50163 47681 41145 50278 45829 41306 50407 43895 41353 50546 41900 41346 50711 39874 41323 50928 37832 41198 51143 35837 41050 51382 33893 40905 51679 32083 40731 52008 30393 40573 52340 28720 40473 52674 27139 40355 53018 25570 40326 53382 23980
          41385 48948 54367 41960 48866 52362 42447 48846 50478 42866 48862 48600 43145 48950 46683 43375 49052 44757 43431 49212 42728 43441 49356 40701 43359 49535 38624 43273 49734 36581 43122 49969 34629 42993 50236 32717 42818 50590 31004 42644 50940 29307 42555 51272 27679 42494 51595 26093 42526 52008 24576
          43616 47618 55438 44185 47487 53410 44665 47469 51518 45069 47436 49644 45336 47481 47704 45522 47535 45737 45619 47641 43700 45642 47751010101010101010101010101010101010101010101010101010101
       0101010101010101010101010101010101010101010101010101010101010101
       0101010101010101010101010101010101010101010101010101010101010101
       0101010101010101010101010101010101010101010101010101010101010101
       0101010101010101010101010101010101010101010101010101010101010101
       0101010101010101010101010101010101010101010101010101010101010101
       0101010101010101010101010101010101010101010101010101010101010101
       0101010101010101010101010101010101010101010101010101010101010101
       0101010101010101010101010101010101010101010101010101010101010101
       0101010101010101010101010101010101010101010101010101010101010101
       0101010101010101010101010101010101010101010101010101010101010101
       0101010101010101010101010101010101010101010101010101010101010101
       0101010101010101010101010101010101010101010101010101010101010101
       0101010101010101010101010101010101010101010101010101010101010101
       0101010101010101010101010101010101010101010101010101010101010101
       0101010101010101010101010101010101010101010101010101010101010101
       0101010101010101010101010101010101010101010101010101010101010101
       0101010101010101010101010101010101010101010101010101010101010101
       0101010101010101010101010101010101010101010101010101010101010101
       0101010101010101010101010101010101010101010101010101010101010101
       0101010101010101010101010101010101010101010101010101010101010101
       0101010101010101010101010101010101010101010101010101010101010101
       0101010101010101010101010101010101010101010101010101010101010101
       0101010101010101010101010101010101010101010101010101010101010101
       0101010101010101010101010101010101010101010101010101010101010101
       0101010101010101010101010101010101010101010101010101010101010101
       0101010101010101010101010101010101010101010101010101010101010101
       0101010101010101010101010101010101010101010101010101010101010101
       0101010101010101010101010101010101010101010101010101010101010101
       0101010101010101010101010101010101010101010101010101010101010101
       0101010101010101010101010101010101010101010101010101010101010101
       0101010101010101010101010101010101010101010101010101010101010101
       0101010101010101010101010101010101010101010101010101010101010101
       0101010101010101010101010101010101010101010101010101010101010101
       0101010101010101010101010101010101010101010101010101010101010101
       0101010101010101010101010101010101010101010101010101010101010101
       0101010101010101010101010101010101010101010101010101010101010101
       0101010101010101010101010101010101010101010101010101010101010101
       0101010101010101010101010101010101010101010101010101010101010101
       0101010101010101010101010101010101010101010101010101010101010101
       0101010101010101010101010101010101010101010101010101010101010101
       0101010101010101010101010101010101010101010101010101010101010101
       0101010101010101010101010101010101010101010101010101010101010101
       0101010101010101010101010101010101010101010101010101010101010101
       0101010101010101010101010101010101010101010101010101010101010101
       0101010101010101010101010101010101010101010101010101010101010101
       0101010101010101010101010101010101010101010101010101010101010101
       0101010101010101010101010101010101010101010101010101010101010101
       0101010101010101010101010101010101010101010101010101010101010101
       0101010101010101010101010101010101010101010101010101010101010101
       0101010101010101010101010101010101010101010101010101010101010101
       0101010101010101010101010101010101010101010101010101010101010101
       0101010101010101010101010101010101010101010101010101010101010101
       0101010101010101010101010101010101010101010101010101010101010101
  0080 33144 29462 28726 33140 29916 27437 33137 30371 26074 33138 30828 24753 33143 31287 23346 33154 31757 21965 33170 32235 0101010101010101
       0101010101010101010101010101010101010101010101010101010101010101
       0101010101010101010101010101010101010101010101010101010101010101
       0101010101010101010101010101010101010101010101010101010101010101
       0101010101010101010101010101010101010101010101010101010101010101
       0101010101010101010101010101010101010101010101010101010101010101
       0101010101010101010101010101010101010101010101010101010101010101
       0101010101010101010101010101010101010101010101010101010101010101
       0101010101010101
      </UnknownData>
    </PrivateType> </redTRCTag>

    <greenTRCTag> <PrivateType type="01010101h">
      <UnknownData>
       0101010101010101010101010101010101010101010101010101010101010101
       0101010101010101010101010101010101010101010101010101010101010101
       0101010101010101010101010101010101010101010101010101010101010101
       0101010101010101010101010101010101010101010101010101010101010101
       0101010101010101010101010101010101010101010101010101010101010101
       0101010101010101010101010101010101010101010101010101010101010101
       0101010101010101010101010101010101010101010101010101010101010101
       0101010101010101010101010101010101010101010101010101010101010101
       0101010101010101010101010101010101010101010101010101010101010101
       0101010101010101010101010101010101010101010101010101010101010101
       0101010101010101010101010101010101010101010101010101010101010101
       0101010101010101010101010101010101010101010101010101010101010101
       0101010101010101010101010101010101010101010101010101010101010101
       0101010101010101010101010101010101010101010101010101010101010101
       0101010101010101010101010101010101010101010101010101010101010101
       0101010101010101010101010101010101010101010101010101010101010101
       0101010101010101010101010101010101010101010101010101010101010101
       0101010101010101010101010101010101010101010101010101010101010101
       0101010101010101010101010101010101010101010101010101010101010101
       0101010101010101010101010101010101010101010101010101010101010101
       0101010101010101010101010101010101010101010101010101010101010101
       0101010101010101010101010101010101010101010101010101010101010101
       0101010101010101010101010101010101010101010101010101010101010101
       0101010101010101010101010101010101010101010101010101010101010101
       0101010101010101010101010101010101010101010101010101010101010101
       0101010101010101010101010101010101010101010101010101010101010101
       0101010101010101010101010101010101010101010101010101010101010101
       0101010101010101010101010101010101010101010101010101010101010101
       0101010101010101010101010101010101010101010101010101010101010101
       0101010101010101010101010101010101010101010101010101010101010101
       01010101010101010101010101010:ա>1010101010101010101010101010101
       0101010101010101010101010101010101010101010101010101010101010101
       0101010101010101010101010101010101010101010101010101010101010101
       0101010101010101010101010101010101010101010101010101010101010101
       0101010101010101010101010101010101010101010101010101010101010101
       0101010101010101010101010101010101010101010101010101010101010101
       0101010101010101010101010101010101010101010101010101010101010101
       0101010101010101010101010101010101010101010101010101010101010101
       0101010101010101010101010101010101010101010101010101010101010101
       0101010101010101010101010101010101010101010101010101010101010101
       0101010101010101010101010101010101010101010101010101010101010101
       0101010101010101010101010101010101010101010101010101010101010101
       0101010101010101010101010101010101010101010101010101010101010101
       0101010101010101010101010101010101010101010101010101010101010101
       0101010101010101010101010101010101010101010101010101010101010101
       0101010101010101010101010101010101010101010101010101010101010101
       0101010101010101010101010101010101010101010101010101010101010101
       0101010101010101010101010101010101010101010101010101010101010101
       0101010101010101010101010101010101010101010101010101010101010101
       0101010101010101010101010101010101010101010101010101010101010101
       0101010101010101010101010101010101010101010101010101010101010101
       0101010101010101010101010101010101010101010101010101010101010101
       0101010101010101010101010101010101010101010101010101010101010101
       0101010101010101010101010101010101010101010101010101010101010101
       0101010101010101010101010101010101010101010101010101010101010101
       0101010101010101010101010101010101010101010101010101010101010101
       0101010101010101010101010101010101010101010101010101010101010101
       0101010101010101010101010101010101010101010101010101010101010101
       0101010101010101010101010101010101010101010101010101010101010101
       0101010101010101010101010101010101010101010101010101010101010101
       0101010101010101010101010101010101010101010101010101010101010101
       0101010101010101010101010101010101010101010101010101010101010101
       0101010101010101010101010101010101010101010101010101010101010101
       0101010101010101010101010101010101010101010101010101010101010101
       0101010101010101
      </UnknownData>
    </PrivateType> </greenTRCTag>

    <blueTRCTag> <PrivateType type="01010101h">
      <UnknownData>
       0101010101010101010101010101010101010101010101010101010101010101
       0101010101010101010101010101010101010101010101010101010101010101
       0101010101010101010101010101010101010101010101010101010101010101
       0101010101010101010101010101010101010101010101010101010101010101
       0101010101010101010101010101010101010101010101010101010101010101
       0101010101010101010101010101010101010101010101010101010101010101
       0101010101010101010101010101010101010101010101010101010101010101
       0101010101010101010101010101010101010101010101010101010101010101
       0101010101010101010101010101010101010101010101010101010101010101
       0101010101010101010101010101010101010101010101010101010101010101
       0101010101010101010101010101010101010101010101010101010101010101
       0101010101010101010101010101010101010101010101010101010101010101
       0101010101010101010101010101010101010101010101010101010101010101
       0101010101010101010101010101010101010101010101010101010101010101
       0101010101010101010101010101010101010101010101010101010101010101
       0101010101010101010101010101010101010101010101010101010101010101
       0101010101010101010101010101010101010101010101010101010101010101
       0101010101010101010101010101010101010101010101010101010101010101
       0101010101010101010101010101010101010101010101010101010101010101
       0101010101010101010101010101010101010101010101010101010101010101
       0101010101010101010101010101010101010101010101010101010101010101
       0101010101010101010101010101010101010101010101010101010101010101
       0101010101010101010101010101010101010101010101010101010101010101
       0101010101010101010101010101010101010101010101010101010101010101
       0101010101010101010101010101010101010101010101010101010101010101
       0101010101010101010101010101010101010101010101010101010101010101
       010101010101010101010101010101010101010101010101HCCp010101010101
       0101010101010101010101010101010101010101010101010101010101010101
       0101010101010101010101010101010101010101010101010101010101010101
       0101010101010101010101010101010101010101010101010101010101010101
       0101010101010101010101010101010101010101010101010101010101010101
       0101010101010101010101010101010101010101010101010101010101010101
       0101010101010101010101010101010101010101010101010101010101010101
       0101010101010101010101010101010101010101010101010101010101010101
       0101010101010101010101010101010101010101010101010101010101010101
       0101010101010101010101010101010101010101010101010101010101010101
       0101010101010101010101010101010101010101010101010101010101010101
       0101010101010101010101010101010101010101010101010101010101010101
       0101010101010101010101010101010101010101010101010101010101010101
       0101010101010101010101010101010101010101010101010101010101010101
       0101010101010101010101010101010101010101010101010101010101010101
       0101010101010101010101010101010101010101010101010101010101010101
       0101010101010101010101010101010101010101010101010101010101010101
       0101010101010101010101010101010101010101010101010101010101010101
       0101010101010101010101010101010101010101010101010101010101010101
       0101010101010101010101010101010101010101010101010101010101010101
       0101010101010101010101010101010101010101010101010101010101010101
       0101010101010101010101010101010101010101010101010101010101010101
       0101010101010101010101010101010101010101010101010101010101010101
       0101010101010101010101010101010101010101010101010101010101010101
       0101010101010101010101010101010101010101010101010101010101010101
       0101010101010101010101010101010101010101010101010101010101010101
       0101010101010101010101010101010101010101010101010101010101010101
       0101010101010101010101010101010101010101010101010101010101010101
       0101010101010101010101010101010101010101010101010101010101010101
       0101010101010101010101010101010101010101010101010101010101010101
       0101010101010101010101010101010101010101010101010101010101010101
       0101010101010101010101010101010101010101010101010101010101010101
       0101010101010101010101010101010101010101010101010101010101010101
       0101010101010101010101010101010101010101010101010101010101010101
       0101010101010101010101010101010101010101010101010101010101010101
       0101010101010101010101010101010101010101010101010101010101010101
       0101010101010101010101010101010101010101010101010101010101010101
       0101010101010101010101010101010101010101010101010101010101010101
       0101010101010101
      </UnknownData>
    </PrivateType> </blueTRCTag>

    <PrivateTag TagSignature="vcgt"> <PrivateType type="01010101h">
      <UnknownData>
       0101010101010101010101010101010101010101010101010101010101010101
       0101010101010101010101010101010101010101010101010101010101010101
       0101010101010101010101010101010101010101010101010101010101010101
       0101010101010101010101010101010101010101010101010101010101010101
       0101010101010101010101010101010101010101010101010101010101010101
       0101010101010101010101010101010101010101010101010101010101010101
       0101010101010101010101010101010101010101010101010101010101010101
       0101010101010101010101010101010101010101010101010101010101010101
       0101010101010101010101010101010101010101010101010101010101010101
       0101010101010101010101010101010101010101010101010101010101010101
       0101010101010101010101010101010101010101010101010101010101010101
       0101010101410101010101010101010101010101010101010101010101010101
       0101010101010101010101010101010101010101010101010101010101010101
       0101010101010101010101010101010101010101010101010101010101010101
       0101010101010101010101010101010101010101010101010101010101010101
       0101010101010101010101010101010101010101010101010101010101010101
       0101010101010101010101010101010101010101010101010101010101010101
       0101010101010101010101010101010101010101010101010101010101010101
       0101010101010101010101010101010101010101010101010101010101010101
       0101010101010101010101010101010101010101010101010101010101010101
       0101010101010101010101010101010101010101010101010101010101010101
       0101010101010101010101010101010101010101010101010101010101010101
       0101010101010101010101010101010101010101010101010101010101010101
       0101010101010101010101010101010101010101010101010101010101010101
       0101010101010101010101010101010101010101010101010101010101010101
       010101010101010101010101010101010101010101010101010101B2D00101010101
       0101010101010101010101010101010101010101010101010101010101010101
       0101010101010101010101010101010101010101010101010101010101010101
       0101010101010101010101010101010101010101010101010101010101010101
       0101010101010101010101010101010101010101010101010101010101010101
       0101010101010101010101010101010101010101010101010101010101010101
       0101010101010101010101010101010101010101010101010101010101010101
       0101010101010101010101010101010101010101010101010101010101010101
       0101010101010101010101010101010101010101010101010101010101010101
       0101010101010101010101010101010101010101010101010101010101010101
       0101010101010101010101010101010101010101010101010101010101010101
       0101010101010101010101010101010101010101010101010101010101010101
       0101010101010101010101010101010101010101010101010101010101010101
       0101010101010101010101010101010101010101010101010101010101010101
       0101010101010101010101010101010101010101010101010101010101010101
       0101010101010101010101010101010101010101010101010101010101010101
       0101010101010101010101010101010101010101010101010101010101010101
       0101010101010101010101010101010101010101010101010101010101010101
       0101010101010101010101010101010101010101010101010101010101010101
       0101010101010101010101010101010101010101010101010101010101010101
       0101010101010101010101010101010101010101010101010101010101010101
       01010101010101010101010nnnnnnnnnnnnnnnnnnnnnnnnnnnnnnnnnnnnnnnnnnnnnnnnnnnnnn10101010101010101010101010101010101010101
       0101010101010101010101010101010101010101010101010101010101010101
       0101010101010101010101010101010101010101010101010101010101010101
       010101010101010101010101
      </UnknownData>
    </PrivateType> </PrivateTag>

  </Tags>
</IccProfile>
