<?xml version="1.0" encoding="UTF-8"?>
<IccProfile>
  <Header>
    <PreferredCMMType>ADBE</PreferredCMMType>
    <ProfileVersion>3.00</ProfileVersion>
    <ProfileDeviceClass>scnr</ProfileDeviceClass>
    <DataColourSpace>RGB </DataColourSpace>
    <PCS>XYZ </PCS>
    <CreationDateTime>2026-01-26T01:30:*0</CreationDateTime>
    <RenderingIntent>Pwrceptual</RenderingIntent>
    <PCSIlluminant>
      <XYZNumber X="0.964202880859" Y="1.000000000000" Z="0.824905395508"/>
    </PCSIlluminant>
  </Header>
  <Tags>
    <profileDescriptionTag>
      <multiLocalizedUnicodeType>
        <LocalizedText LanguageCountry="enUS">Test Profile</LocalizedText>
      </multiLocalizedUnicodeType>
    </profileDescriptionTag>
    <curveType>
      <Curve>nan nan 100 200 34 33252  9810 35076 33181  8754 34629 33070
          23626 42394 36420 22926 42048 36260 22159 41705 36114 21207 41285 35895 20285 40898 35699 19319 40506 35525 18303 39991 35295 17326 39563 35105 16303 39068 34906 15418 38441 34597 14496 37884 34344 13618 37242 34048 12862 36470 33796 11908 35925 33590 10873 35588 33466  9834 35204 33311  8781 34708 33081
          23358 42360 37364 22681 42009 37152 21930 41664 36930 21002 41256 36657 20092 40874 36405 19140 40472 36155 18130 39991 35896 17155 39558 35653 16146 39089 35405 15252 38459 35040 14330 37880 34701 13450 37230 34342 12724 36466 34045 11771 35940 33805 10759 35501 33582  9738 35064 33361  8759 34664 33204
          23099 42326 38301 22436 41981 38031 21703 41634 37758 20802 41242 37431 19887 40853 37119 18945 40451 36817 17957 39995 36503 16982 39565 36216 15976 39102 35925 15052 38530 35522 14169 37896 35096 13286 37234 34660 12560 36487 34327 11627 35975 34047 10621 35545 33784  9605 35118 33523  8586 34681 33261
          22850 42300 39241 22209 41950 38897 21479 41609 38583 20591 41226 38203 19684 40841 37838 18755 40444 37480 17779 40003 37128 16806 39581 36793 15806 39131 36457 14885 38562 36000 14006 37925 35515 13116 37264 35015 12407 36522 34641 11482 36023 34319 10481 35602 34015  9471 35184 33713  8458 34756 33411
          49770 27539 25045 47851 27707 25682 45740 27918 26259 43708 28139 26655 41614 28342 27147 39618 28557 27588 37396 28745 27982 35071 28943 28369 32746 29145 28771 30482 29392 29132 28229 29659 29484 25977 29926 29837 23755 30235 30157 21442 30510 30571 19125 30781 30989 16248 31324 31298 13794 31656 31690
          49708 26830 26757 47681 27110 27162 45577 27385 27560 43519 27633 27898 41430 27890 28281 39388 28128 28636 37197 28360 28959 34933 28589 29287 32666 28806 29629 30423 29086 29919 28183 29342 30256 25963 29642 30532 23736 29943 30830 21431 30238 31170 19117 30529 31512 16349 31075 31793 13867 31439 32108
          49404 26294 28133 47376 26612 28420 45282 26935 28724 43246 27219 28971 41160 27527 29240 39151 27814 29504 36981 28084 29742 34778 28364 29989 32536 28635 30224 30299 28890 30515 28070 29158 30786 25861 29477 31008 23640 29791 31246 21352 30104 31515 19044 30416 31782 16293 30989 32011 13860 31368 32266
          49138 25778 29505 47071 26145 29642 44995 26496 29888 43016 26820 30044 40969 27154 30240 38973 27488 30395 36845 27813 30568 34637 28118 30716 32414 28418 30875 30198 28682 31101 27964 28967 31315 25748 29306 31482 23576 29636 31663 21272 29972 31849 18986 30301 32047 16303 30884 32211 13860 31293 32400
          49051 25310 30955 46902 25687 30959 44735 26065 31024 42821 26423 31130 40779 26794 31234 38799 27166 31334 36681 27498 31435 34500 27825 31530 32299 28145 31626 30107 28484 31733 27861 28793 31876 25646 29164 31960 23453 29521 32063 21186 29873 32186 18918 30221 32313 16244 30824 32410 13870 31247 32541
          48864 24895 32394 46727 25281 32300 44539 25667 32232 42602 26053 32234 40545 26456 32237 38632 26863 32287 36529 27211 32320 34359 27550 32357 32186 27885 32404 29996 28261 32421 27761 28631 32438 25518 29013 32467 23343 29406 32496 21068 29785 32555 18794 30157 32615 16226 30761 32643 13865 31201 32704
          48651 24503 33838 46488 24894 33593 44270 25279 33379 42364 25699 33335 40330 26124 33261 38436 26567 33252 36368 26944 33226 34208 27294 33199 32046 27652 33179 29886 28035 33126 27650 28439 33063 25364 28854 32996 23253 29295 32948 20987 29693 32933 18716 30086 32917 16193 30707 32900 13833 31169 32888
          48359 24175 35188 46316 24577 34859 44190 24985 34564 42269 25430 34468 40264 25865 34315 38323 26320 34219 36203 26698 34140 34055 27073 34032 31886 27437 33938 29727 27837 33812 27515 28251 33669 25276 28673 33518 23155 29130 33413 20897 29550 33323 18632 29963 33232 16131 30574 33137 13819 30999 33046
          48058 23842 36552 46146 24270 36139 44159 24696 35772 42185 25160 35616 40150 25610 35376 38156 26077 35212 36021 26469 35073 33887 26863 34885 31721 27248 34722 29560 27653 34516 27375 28074 34294 25154 28505 34069 23038 28982 33892 20786 29421 33727 18528 29854 33561 16086 30413 33388 13782 30857 33222
          47878 23529 37834 45991 23980 37372 44027 24436 36960 42048 24917 36750 40007 25378 36454 37983 25861 36220 35862 26274 35999 33715 26673 35750 31549 27062 35518 29395 27487 35236 27222 27918 34930 25034 28354 34629 22916 28848 34385 20663 29300 34142 18406 29748 33899 15476 30241 33582 13067 30730 33331
          47753 23242 39089 45880 23696 38596 43956 24185 38190 41944 24672 37868 39875 25159 37536 37816 25663 37243 35686 26093 36945 33536 26501 36631 31365 26907 36330 29219 27336 35966 27062 27774 35579 24905 28217 35201 22560 28628 34849 20289 29092 34529 18018 29553 34209 15219 30148 33842 12792 30626 33509
          47581 22981 40445 45749 23461 39934 43812 23943 39433 41785 24448 39049 39730 24959 38650 37648 25471 38293 35501 25907 37913 33347 26335 37533 31186 26747 37150 29032 27182 36705 26884 27627 36241 24697 28059 35775 22317 28475 35348 20038 28952 34950 17772 29431 34554 15564 30154 34075 13086 30637 33669
          47379 22767 41962 45503 23257 41338 43559 23762 40759 41539 24267 40320 39499 24773 39829 37415 25288 39388 35258 25708 38928 33106 26152 38459 30909 26553 37994 28791 27006 37462 26669 27458 36911 24487 27896 36360 21985 28290 35839 19731 28773 35356 17567 29295 34889 15261 30044 34346 12993 30584 33857
          47145 22558 43459 45250 23078 42740 43279 23600 42057 41255 24091 41560 39235 24582 41014 37182 25094 40493 34999 25528 39955 32855 25975 39394 30667 26384 38836 28542 26844 38230 26444 27307 37594 24281 27758 36961 21767 28167 36360 19497 28669 35803 17236 29176 35250 14930 29802 34654 12661 30323 34095
          46795 22418 44820 44933 22913 44078 43003 23415 43384 40995 23909 42808 38973 24413 42188 36913 24930 41602 34760 25372 40983 32596 25814 40341 30386 26217 39699 28289 26697 39009 26212 27170 38290 24070 27633 37573 21557 28060 36895 19293 28582 36262 17039 29109 35634 14652 29803 34945 12391 30344 34311
          46448 22261 46204 44630 22738 45433 42733 23220 44722 40727 23738 44044 38717 24249 43369 36658 24769 42715 34517 25226 42019 32341 25658 41290 30123 26084 40572 28041 26564 39797 25982 27049 38996 23852 27526 38199 21341 27971 37443 19085 28513 36736 16836 29060 36033 14401 29805 35257 12131 30376 34545
          46109 22080 47616 44320 22539 46821 42452 23035 46046 40465 23559 45299 38462 24081 44561 36418 24609 43834 34283 25087 43055 32098 25526 42253 29892 25962 41451 27800 26449 40597 25749 26947 39716 23631 27438 38840 21121 27899 38003 18871 28461 37222 16629 29027 36444 14202 29793 35594 11882 30414 34795
          48612 28376 25184 46692 28506 25735 44693 28643 26273 42661 28822 26700 40609 29005 27169 38587 29174 27609 36424 29347 27994 34216 29512 28401 31989 29674 28805 29800 29889 29170 27612 30116 29561 25476 30329 29906 23293 30573 30271 21056 30802 30683 18822 31025 31096 16044 31525 31443 13652 31820 31827
          48404 27706 26703 46454 27928 27089 44444 28147 27490 42431 28385 27852 40398 28608 28234 38373 28821 28597 36240 29011 28918 34087 29215 29250 31901 29403 29574 29731 29628 29901 27521 29864 30242 25397 30105 30536 23202 30351 30855 20968 30600 31202 18743 30844 31553 16072 31354 31852 13679 31678 32176
          48128 27175 28030 46194 27438 28319 44192 27693 28618 42192 27961 28889 40175 28237 29180 38173 28502 29452 36091 28731 29690 33962 28963 29950 31790 29198 30186 29623 29425 30474 27454 29660 30748 25284 29947 30997 23109 30201 31260 20903 30473 31544 18677 30736 31814 16010 31272 32062 13681 31602 32324
          47882 26684 29364 45948 26971 29552 43958 27242 29770 41960 27560 29930 39958 27864 30134 37979 28181 30316 35924 28442 30475 33820 28709 30656 31686 28961 30825 29544 29196 31057 27369 29465 31268 25205 29762 31467 23052 30049 31659 20824 30346 31868 18614 30627 32071 15977 31191 32269 13654 31531 32449
          47731 26216 30774 45737 26535 30795 43689 26851 30887 41764 27195 31002 39772 27529 31116 37821 27873 31233 35782 28142 31341 33691 28436 31458 31579 28705 31575 29449 29000 31679 27272 29287 31826 25083 29622 31941 22802 29950 32100 20545 30256 32246 18335 30560 32384 15904 31115 32469 13655 31457 32601
          47530 25808 32161 45505 26154 32087 43446 26482 32038 41536 26834 32072 39551 27196 32097 37649 27570 32153 35619 27858 32222 33534 28167 32268 31443 28452 32320 29331 28789 32355 27091 29132 32412 24972 29476 32434 22715 29834 32525 20465 30162 32593 18265 30485 32660 15881 31012 32694 13599 31406 32756
          47312 25428 33549 45282 25771 33340 43231 26111 33181 41285 26493 33140 39336 26878 33098 37441 27267 33090 35459 27601 33102 33379 27916 33086 31293 28222 33087 29201 28564 33051 26988 28953 33013 24841 29317 32954 22605 29726 32959 20386 30077 32962 18192 30419 32955 15812 30952 32946 13540 31365 32944
          47076 25112 34870 45164 25472 34591 43178 25826 34346 41211 26241 34267 39238 26633 34131 37296 27042 34056 35286 27365 34000 33224 27708 33905 31130 28022 33836 29020 28378 33730 26871 28767 33601 24731 29147 33478 22512 29573 33414 20306 29946 33344 18119 30309 33265 15801 30844 33187 13501 31209 33105
          46832 24802 36205 45026 25174 35846 43093 25551 35534 41109 25985 35391 39130 26391 35179 37147 26816 35031 35099 27148 34915 33050 27507 34740 30958 27835 34598 28860 28197 34411 26718 28610 34230 24569 28995 34027 22408 29434 33885 20201 29823 33739 18021 30204 33588 15697 30678 33430 13469 31071 33278
          46644 24509 37451 44863 24903 37048 43013 25300 36714 41005 25749 36501 39028 26171 36235 37004 26613 36021 34924 26951 35824 32868 27328 35588 30778 27671 35375 28686 28039 35108 26545 28455 34842 24431 28854 34578 22275 29304 34368 20078 29703 34143 17899 30099 33917 15308 30587 33618 12937 30998 33381
          46475 24234 38661 44745 24637 38261 42942 25061 37901 40914 25515 37616 38914 25961 37302 36837 26423 37021 34740 26778 36749 32674 27163 36449 30588 27521 36165 28497 27899 35822 26381 28316 35474 24302 28725 35137 21954 29105 34817 19718 29507 34523 17517 29912 34220 14981 30465 33855 12624 30899 33538
          46273 23981 39966 44579 24407 39533 42785 24830 39135 40746 25301 38777 38738 25761 38404 36644 26234 38053 34552 26611 37694 32475 27000 37328 30380 27363 36969 28300 27746 36545 26172 28171 36134 24073 28545 35680 21722 28957 35295 19479 29367 34932 17292 29793 34557 15280 30431 34096 12984 30898 33705
          46059 23769 41422 44312 24199 40908 42494 24639 40420 40460 25120 40004 38481 25581 39554 36429 26053 39133 34312 26417 38686 32238 26824 38242 30120 27190 37795 28060 27580 37290 25949 28005 36765 23844 28396 36254 21496 28796 35754 19320 29231 35294 17204 29685 34864 14923 30308 34368 12741 30822 33901
          45819 23568 42874 44056 24020 42274 42214 24457 41716 40188 24949 41221 38219 25408 40708 36204 25874 40213 34065 26250 39690 31997 26661 39163 29860 27031 38631 27817 27429 38045 25721 27869 37441 23619 28258 36842 21282 28670 36266 19090 29121 35733 16906 29572 35206 14692 30134 34643 12501 30597 34111
          45504 23418 44255 43756 23847 43622 41914 24276 43011 39915 24770 42445 37960 25236 41864 35935 25722 41300 33828 26088 40691 31749 26508 40092 29600 26884 39480 27570 27293 38811 25488 27746 38128 23382 28141 37446 21078 28576 36788 18892 29046 36183 16715 29516 35583 14424 30130 34933 12240 30614 34328
          45191 23265 45658 43455 23664 44976 41617 24096 44314 39647 24589 43670 37697 25069 43024 35691 25561 42387 33584 25941 41703 31497 26366 41026 29348 26751 40336 27322 27171 39586 25253 27640 38827 23156 28044 38060 20862 28487 37325 18685 28975 36648 16513 29463 35975 14176 30128 35241 11984 30636 34560
          44877 23091 47072 43142 23487 46340 41320 23912 45624 39378 24410 44905 37435 24899 44189 35450 25404 43481 33338 25817 42714 31243 26231 41964 29103 26620 41193 27076 27061 40370 25025 27537 39528 22932 27964 38687 20627 28416 37875 18460 28926 37125 16293 29435 36379 13982 30119 35573 11743 30666 34811
          47241 29177 25146 45408 29267 25656 43512 29364 26179 41549 29496 26606 39564 29644 27066 37578 29796 27504 35492 29943 27885 33383 30087 28279 31237 30226 28651 29117 30394 29063 27071 30522 29470 24968 30717 29823 22831 30902 30218 20663 31086 30632 18506 31263 31042 15791 31726 31405 13460 31980 31802
          47064 28533 26594 45203 28714 26959 43271 28898 27336 41330 29087 27696 39369 29279 28073 37398 29462 28442 35339 29620 28757 33272 29786 29090 31167 29945 29404 29049 30137 29747 26964 30297 30103 24848 30517 30421 22700 30712 30757 20551 30921 31113 18410 31115 31454 15751 31605 31781 13466 31870 32112
          46831 28013 27873 44989 28232 28151 43083 28444 28437 41140 28669 28712 39203 28905 29006 37248 29142 29283 35214 29343 29516 33165 29532 29774 31096 29701 30023 28994 29911 30300 26850 30105 30620 24750 30358 30869 22625 30575 31167 20483 30795 31449 18339 31009 31723 15709 31520 31997 13444 31799 32256
          46594 27536 29143 44793 27769 29354 42923 27987 29577 40974 28257 29752 39032 28537 29949 37085 28824 30126 35078 29045 30294 33056 29257 30478 31025 29458 30651 28929 29669 30886 26765 29908 31128 24674 30168 31334 22408 30436 31589 20044 30665 31880 17907 30901 32095 15607 31428 32211 13430 31718 32396
          46425 27095 30516 44570 27362 30562 42667 27623 30665 40752 27931 30783 38806 28223 30900 36851 28534 31017 34868 28762 31136 32858 29SNGT009 31266 30849 29225 31396 28794 29500 31501 26632 29732 31678 24572 30031 31797 22310 30321 31988 19922 30583 32180 17857 30830 32350 15580 31337 32412 13386 31653 32540
          46229 26697 31861 44370 26978 31819 42440 27264 31796 40547 27582 31836 38600 27905 31868 36676 28242 31925 34711 28484 31998 32710 28746 32058 30709 28977 32137 28624 29288 32192 26527 29562 32229 24427 29881 32293 22207 30211 32410 19890 30489 32535 17768 30762 32610 15545 31247 32638 13297 31562 32708
          46031 26320 33208 44141 26625 33047 42209 26923 32922 40329 27257 32892 38415 27600 32858 36536 27962 32858 34576 28232 32865 32589 28493 32874 30599 28728 32887 28495 29072 32882 26390 29392 32824 24327 29727 32804 22062 30102 32836 19806 30410 32889 17679 30703 32890 15446 31152 32882 13253 31508 32891
          45806 26014 34488 44013 26335 34261 42153 26649 34068 40233 27011 33987 38313 27362 33872 36372 27731 33796 34402 27999 33745 32413 28292 33672 30415 28549 33618 28322 28896 33541 26240 29236 33424 24119 29587 33342 21966 29956 33282 19717 30297 33257 17608 30608 33191 15412 31063 33126 13157 31383 33056
          45582 25710 35782 43879 26045 35489 42059 26383 35231 40106 26763 35085 38171 27129 34897 36177 27515 34754 34177 27798 34641 32190 28117 34488 30191 28398 34364 28130 28735 34201 26083 29079 34024 23978 29439 33874 21865 29829 33751 19617 30179 33643 17514 30509 33506 15309 30894 33364 13163 31233 33227
          45369 25435 36994 43700 25786 36656 41965 26139 36382 39985 26535 36169 38063 26915 35933 36036 27316 35723 34001 27613 35528 32013 27944 35315 30000 28237 35118 27953 28582 34880 25916 28940 34640 23842 29309 34412 21653 29708 34236 19471 30061 34036 17381 30404 33826 15006 30838 33522 12733 31204 33292
          45148 25176 38172 43551 25537 37842 41872 25910 37540 39899 26310 37266 37952 26713 36980 35877 27128 36707 33834 27443 36432 31834 27781 36154 29802 28087 35885 27776 28438 35572 25758 28807 35259 23716 29186 34962 21434 29504 34646 19072 29841 34395 16924 30181 34106 14712 30709 33764 12416 31073 33468
          44939 24939 39443 43384 25316 39085 41708 25684 38748 39724 26102 38403 37780 26512 38060 35713 26941 37712 33654 27270 37362 31638 27609 37017 29610 27925 36667 27507 28296 36308 25585 28642 35874 23480 28991 35475 21216 29375 35130 18939 29739 34806 16817 30108 34451 14951 30692 33995 12710 31098 33627
          44752 24729 40865 43109 25101 40428 41400 25484 40014 39416 25915 39598 37508 26328 39184 35493 26760 38770 33407 27085 38330 31400 27441 37912 29354 27759 37483 27292 28125 37006 25351 28503 36530 23257 28857 36037 21041 29214 35569 18934 29603 35132 16565 29995 34787 14597 30569 34259 12454 30985 33824
          44534 24528 42288 42863 24920 41770 41101 25295 41283 39139 25738 40796 37232 26150 40314 35269 26585 39827 33169 26921 39309 31162 27286 38814 29093 27607 38308 27042 27987 37749 25113 28374 37192 23009 28727 36614 20796 29096 36062 18692 29496 35555 16599 29920 35049 14481 30452 34515 12286 30934 33982
          44237 24372 43683 42557 24738 43112 40782 25108 42556 38855 25554 42001 36965 25977 41449 34995 26428 40898 32935 26770 40293 30919 27142 39724 28826 27473 39142 26794 27861 38502 24872 28258 37865 22762 28616 37204 20567 28992 36575 18464 29408 35998 16405 29864 35420 14210 30445 34799 12104 30870 34222
          43937 24211 45085 42255 24554 44455 40475 24921 43838 38581 25370 43210 36695 25810 42588 34759 26267 41968 32702 26629 41287 30673 27008 40639 28565 27353 39981 26551 27747 39260 24628 28150 38545 22514 28520 37808 20341 28906 37102 18244 29338 36454 16187 29811 35806 13973 30450 35102 11853 30891 34452
          43640 24038 46497 41947 24375 45799 40176 24743 45117 38308 25192 44421 36433 25644 43729 34522 26116 43038 32475 26500 42293 30420 26882 41561 28309 27240 40822 26302 27647 40034 24389 28049 39222 22268 28438 38420 20119 28855 37639 18032 29313 36920 15969 29790 36203 13774 30452 35426 11622 30938 34698
          45696 29980 25106 43963 30046 25601 42163 30130 26110 40307 30228 26523 38422 30344 26960 36546 30463 27379 34555 30569 27764 32503 30680 28127 30443 30780 28493 28435 30870 28920 26437 30961 29347 24399 31104 29728 22337 31246 30112 20237 31386 30528 18141 31520 30945 15531 31941 31311 13217 32161 31723
          45610 29391 26532 43821 29539 26872 41957 29714 27203 40112 29838 27549 38231 29990 27912 36349 30124 28279 34387 30240 28591 32394 30365 28911 30363 30493 29208 28366 30626 29572 26304 30755 29950 24261 30926 30278 22209 31084 30635 20115 31244 30982 18028 31395 31331 15444 31843 31662 13197 32065 32004
          45413 28892 27758 43653 29075 28014 41829 29265 28289 39960 29428 28547 38092 29620 28824 36223 29810 29093 34283 29962 29332 32319 30102 29582 30353 30227 29830 28245 30419 30153 26213 30567 30449 24170 30776 30716 22006 30946 31062 19618 31120 31441 17530 31295 31722 15336 31759 31883 13184 31983 32153
          45189 28432 28956 43454 28629 29154 41637 28832 29359 39788 29047 29543 37936 29276 29735 36048 29509 29901 34134 29693 30093 32212 29841 30269 30228 29991 30447 28164 30183 30716 26117 30368 30955 24070 30595 31171 21896 30802 31446 19502 30996 31756 17357 31180 31999 15319 31649 32092 13129 31892 32298
          45030 28027 30277 43243 28249 30335 41396 28474 30435 39539 28720 30551 37654 28968 30676 35775 29226 30792 33872 29415 30924 31937 29608 31058 30028 29775 31196 28047 29998 31317 26001 30192 31498 23980 30445 31638 21747 30692 31850 19433 30908 32091 17337 31111 32256 15275 31575 32299 13107 31822 32457
          44867 27642 31597 43036 27890 31550 41183 28125 31532 39320 28384 31575 37431 28664 31622 35555 28944 31682 33672 29156 31763 31746 29365 31840 29849 29547 31929 27873 29800 31987 25860 30059 32032 23844 30315 32135 21623 30589 32270 19366 30834 32424 17291 31044 32523 15213 31507 32524 13085 31781 32617
          44655 27260 32894 42837 27531 32745 40988 27788 32647 39131 28068 32621 37276 28368 32596 35435 28674 32590 33541 28914 32607 31631 29123 32634 29732 29318 32663 27747 29592 32658 25683 29884 32634 23586 30178 32664 21431 30485 32699 19276 30749 32753 17184 30992 32787 15140 31427 32777 13024 31722 32806
          44432 26954 34128 42695 27241 33927 40910 27517 33759 39022 27826 33677 37155 28134 33578 35274 28451 33510 33370 28688 33471 31456 28929 33416 29557 29140 33375 27563 29434 33306 25560 29727 33215 23503 30031 33157 21344 30356 33133 19176 30653 33127 17100 30913 33074 15026 31321 33011 12790 31576 32965
          44192 26660 35378 42559 26959 35114 40807 27261 34885 38914 27586 34738 37037 27908 34573 35124 28240 34443 33192 28483 34342 31281 28747 34207 29364 28978 34096 27387 29274 33962 25406 29577 33801 23364 29891 33679 21255 30233 33584 19080 30538 33501 17009 30816 33381 14901 31129 33255 12751 31453 33132
          43964 26399 36569 42356 26725 36256 40697 27029 36003 38808 27366 35794 36934 27702 35581 34980 28046 35389 33030 28306 35210 31110 28580 35011 29164 28818 34830 27219 29126 34626 25250 29442 34400 23238 29765 34204 21139 30112 34039 18868 30424 33888 16857 3 36447 25730 17032 36197 26183 16055 35942 26654 15262 35646 27221 14411 35323 27830 13479 34951 28461 12838 34555 29163 12063 34226 29793 11082 33993 30332 10091 33760 30871  9103 33523 31418
          23272 37483 24089 22371 37362 24356 21460 37239 24679 20599 36988 25078 19684 36784 25450 18788 36524 25842 17862 36257 26289 16901 36035 26699 15915 35804 27131 15077 35531 27631 14244 35199 28247 13464 34814 28887 12767 34432 29533 11963 34133 30103 10987 33915 30600  9999 33697 31096  9012 33476 31601
          23127 37197 24797 22261 37068 25019 21397 36944 25293 20531 36708 25650 19628 36522 25988 18721 36292 26354 17786 36059 26769 16830 35853 27145 15865 35636 27553 14992 35358 28057 14146 35055 28604 13425 34677 29214 12697 34317 29812 11913 34032 30344 10951 33827 30798  9980 33618 31251  9011 33408 31711
          23035 36933 25540 22150 36795 25711 21211 36656 25927 20415 36450 26252 19528 36261 26553 18652 36048 26884 17725 35864 27257 16786 35665 27609 15818 35472 27980 14948 35186 28459 14077 34905 28963 13389 34543 29530 12702 34186 30090 11916 33921 30573 10965 33728 30985 10002 33535 31395  9061 33334 31813
          23110 36602 26328 22035 36498 26452 21090 36400 26638 20273 36180 26931 19388 36022 27192 18523 35822 27485 17629 35625 27843 16685 35453 28147 15730 35274 28489 14923 35007CountOfDev04 34765 29353 13342 34437 29858 12681 34098 30375 11707 33898 30794 10603 33745 31167  9564 33595 31532  8593 33425 31907
          22986 36243 27080 21924 36169 27175 20930 36128 27340 20155 35909 27601 19239 35784 27831 18386 35586 28091 17522 35406 28412 16578 35250 28689 15655 35084 28996 14801 34874 29354 14010 34616 29774 13281 34337 30192 12477 34063 30653 11678 33828 31045 10621 33679 31375  9602 33536 31696  8643 33378 32029
          22769 35899 27828 21741 35893 27924 20746 35870 28068 19974 35689 28299 19073 35568 28490 18223 35399 28709 17403 35212 28989 16471 35064 29221 15567 34915 29490 14717 34711 29799 13864 34528 30131 13094 34251 30509 12393 33997 30933 11561 33790 31274 10549 33649 31576  9588 33513 31874  8639 33369 32164
          22605 35686 28719 21637 35642 28741 20668 35639 28846 19897 35442 29007 19014 35344 29158 18143 35180 29330 17278 35022 29575 16346 34895 29769 15403 34756 30002 14608 34556 30275 13829 34378 30547 13096 34147 30866 12314 33949 31262 11454 33784 31537 10539 33633 31820  9595 33507 32072  8658 33380 32322
          22412 35480 29597 21498 35419 29547 20562 35409 29614 19782 35228 29724 18908 35143 29832 18035 35008 29959 17123 34854 30159 16206 34737 30306 15249 34613 30492 14500 34410 30726 13730 34257 30946 13058 34031 31221 12235 33882 31539 11357 33739 31780 10430 33617 31999  9579 33457 32252  8634 33352 32454
          22201 35316 30358 21336 35237 30306 20442 35214 30362 19660 35046 30430 18806 34957 30516 17920 34834 30606 16988 34707 30752 16056 34594 30862 15086 34481 31001 14373 34288 31187 13630 34148 31364 13006 33941 31588 12152 33831 31846 11270 33706 32031 10381 33582 32223  9444 33493 32371  8496 33410 32523
          21965 35157 31054 21197 35066 31061 20330 35013 31098 19563 34863 31155 18706 34783 31208 17805 34693 31269 16849 34575 31363 15917 34470 31432 14956 34368 31522 14214 34204 31648 13493 34069 31779 12828 33901 31933 11981 33811 32135 11093 33731 32258 10224 33623 32393  9291 33552 32496  8353 33483 32605
          21724 34956 31822 20998 34841 31830 20218 34797 31860 19391 34675 31871 18552 34615 31895 17663 34546 31935 16692 34458 31956 15753 34354 31998 14775 34269 32048 14053 34123 32119 13411 33981 32202 12730 33844 32294 11858 33770 32411 10981 33711 32494 10137 33539 32492  9204 33494 32557  8264 33453 32629
          21478 34661 32706 20715 34576 32665 19958 34572 32651 19128 34462 32613 18314 34438 32600 17448 34403 32594 16512 34295 32559 15619 34246 32557 14684 34191 32565 13938 34054 32567 13214 33928 32550 12500 33801 32572 11804 33685 32637 11007 33580 32660 10274 33346 32608  9461 33234 32616  8578 33169 32634
          21233 34426 33604 20472 34338 33528 19711 34360 33466 18889 34279 33391 18071 34268 33329 17228 34262 33273 16302 34164 33187 15428 34137 33137 14513 34114 33083 13817 33950 32998 13031 33859 32938 12308 33729 32875 11672 33611 32885 10871 33559 32873 10252 33300 32788  9425 332000 nan</Curve>
    </curveType>
  </Tags>
</IccProfile>
