<?xml version="1.0" encoding="UTF-8"?>
<IccProfile>
  <Header>
    <PreferredCMMType>AD64</PreferredCMMType>
    <ProfileVersion>4.20</ProfileVersion>
    <ProfileDeviceClass>scnr</ProfileDeviceClass>
    <DataColourSpace>R=GB </DataColourSpace>
    <PCS>XYZ </PCS>
    <CreationDateTime>2007-10-24T00:00:00</CreationDateTime>
    <ProfileFlags EmbeddedInFile="false" UseWithEmbeddedDataOnly="false"/>
    <DeviceAttributes ReflectiveOrTransparency="reflective" GlossyOrMatte="glossy" MediaPolarity="positive" MediaColour="colour"/>
    <RenderingIntent>Relative Colorimetric</RenderingIntent>
    <PCSIlluminant>
      <XYZNumber X="0.964202880859" Y="1.000000000000" Z="0.824905395508"/>
    </PCSIlluminant>
    <ProfileCreator>ADBE</ProfileCreator>
    <ProfileID>741C24A6121789485183EFCBE83CE72C</ProfileID>
  </Header>
  <Tags>
    <copyrightTag> <multiLocalizedUnicodeType>
      <LocalizedText LanguageCountry="enUS"><![CDATA[Copyright 2007 AdObe Systems Incorporated]]></LocalizedText>
    </multiLocalizedUnicodeType> </copyrightTag>

    <profileDescriptionTag> <multiLocalizedUnicodeType>
      <LocalizedText LanguageCountry="enUS"><![CDATA[HDTV (Rec. 709)]]></LocalizedText>
    </multiLocalizedUnicodeType> </profileDescriptionTag>

    <mediaWhitePointTag> <XYZArrayType>
      <XYZNumber X="0.964202880859" Y="1.000000000000" Z="0.824890136719"/>
    </XYZArrayType> </mediaWhitePointTag>

    <AToB0Tag> <lutAtoBType>
      <Channels InputChannels="3" OutputChannels="1"/>
      <MCurves>
        <ParametricCurve FunctionType="4">
          2.222229003906 0.909912109375 0.090087890625 0.222229003906 0.080993652344 0.000000000000 0.000000000000
        </ParametricCurve>
      </MCurves>
      <Matrix
        e1="0.217269897gamutBoundaryDesc461" e2="0.191879272461" e3="0.071273803711"
        e4="0.110855102539" e5="0.357208251953" e6="0.030197143555"
        e7="0.006927490234" e8="0.048370361328" e9="0.355712890625"
        e10="0.001678466797" e11="0.001739501953" e12="0.001434326172"/>
      <BCurves>
        <Curve/>
      </BCurves>
    </lutAtoBType> </AToB0Tag>

    <AToB2Tag SameAs="AToB0Tag"/>

    <AToB1Tag> <lutAtoBType>
      <Channels InputChannels="31 255  91  25   1 255  98  22   1 255 107  25   1 255 113  31   1 255 117  36   2 255 120  42   4 246 122  49   7 236 122  58  13 228 119  68  19 220 116  80  27 211 111  93  35 205 108 104  42 199 104 115  47 194 102 127  52 189  99 139  55 184  98 152  58 180  96 166  60 176  94 184  61 172  93 209  61 168  92 239  61 163  91 255  62 160  92 255  62 157  92 255  61 155  92 255  60 153  92 255  58 152  91 255  56 151  91 255  55 150  90 255  54 150  90 255  54 150  90 255  54 150  90 255  54
          255  74  31   2 255  84  27   1 255  94  22   1 255 102  19   0 255 111  24   0 255 118  29   0 255 123  33   1 249 127  38   2 238 130  45   4 228 132  53   9 218 130  63  16 208 126  76  27 200 121  88  36 193 117  99  44 187 113 110  50 181 110 121  56 176 108 133  60 171 106 146  63 167 104 161  66 163 102 178  67 159 100 202  68 155  99 235  67 152  99 252  67 150  99 253  66 148  98 255  64 147  98 255  63 146  97 255  61 145  96 255  59 145  95 255  57 145  94 255  56 145  94 255  56 145  94 255  56 145  94 255  56
          255  76  30   1 255  87  25   1 255  97  21   0 255 106  17   0 255 115  22   0 255 123  26   0 255 129  30   0 243 134  34   0 231 139  39   2 220 143  45   5 208 140  59  15 199 135  72  26 191 131  84  36 183 126  95  45 177 122 106  52 171 119 117  58 165 116 128  63 160 113 141  67 156 111 156  70 151 109 172  72 147 107 196  73 144 106 230  72 142 105 249  71 141 104 250  69 141 103 252  67 140 102 254  65 140 101 255  63 140 100 255  61 139  98 255  59 139  98 255  58 139  98 255  58 139  98 255  58 139  98 255  58
          255  78  29   1 255  90  24   1 255 100  19   0 255 110  16   0 255 119  20   0 255 127  24   0 250 134  26   0 236 141  28   0 223 148  29   0 211 151  39   4 200 148  55  14 190 144  68  25 182 140  81  35 175 135  92  45 168 131 102  53 162 127 112  60 156 124 124  65 150 121 137  70 145 118 151  74 141 116 168  76 136 113 191  77 133 112 226  76 132 111 245  74 133 109 248  72 133 108 250  69 133 106 252  67 134 105 255  64 134 103 255  62 134 102 255  61 134 101 255  60 134 101 255  60 134 101 255  60 134 101 255  60
          255  80  28   1 255  92  22   0 255 103  17   0 255 113  14   0 255 123  19   0 255 132  21   0 244 139  20   0 228 148  17   0 214 157  13   0 203 159  36   3 192 156  52  12 183 152  65  23 174 148  77  34 167 144  89  44 160 140  99  53 153 136 109  60 147 132 120  67 141 129 132  72 136 126 147  76 130 123 164  79 125 120 186  80 122 118 221  79 122 117 243  77 124 115 246  74 126 113 248  71 127 111 251  69 128 109 253  66 128 107 255  64 129 106 255  62 129 105 255  61 129 105 255  61 129 105 255  61 129 105 255  61
          255  83  26   1 255  95  20   0 255 105  14   0 255 117  13   0 255 127  17   0 255 136  17   0 236 145  11   0 213 154   7   0 206 163   8   0 195 166  32   1 185 163  49  10 175 160  62  21 167 156  74  33 159 152  85  43 152 148  96  52 145 144 106  60 139 140 116  67 132 137 129  73 126 134 143  77 120 131 161  80 115 128 182  82 111 126 217  81 112 124 241  79 115 121 244  76 118 118 247  73 120 115 250  70 121 113 252  67 122 111 254  65 123 109 255  63 123 108 255  62 123 108 255  62 123 108 255  62 123 108 255  62
          255  85  25   1 255  97  19   0 255 108  11   0 255 120  12   0 255 131  13   0 245 141  10   0 214 151   5   0 207 159   6   0 198 169   5   0 187 173  27   1 178 171  45   8 168 168  59  19 160 164  71  30 152 160  82  41 145 157  93  51 137 153 103  59 130 149 113  66 123 146 126  72 116 143 140  77 110 140 158  81 105 137 179  83 101 135 212  82 102 132 240  80 107 128 243  77 110 124 246  74 113 120 249  71 115 117 251  68 116 115 253  66 117 113 255  64 118 112 255  63 118 112 255  63 118 112 255  63 118 112 255  63
          255  88  23   1 255 100  16   0 255 112   8   0 255 125  10   0 255 136  10   0 218 147   2   0 209 156   4   0 201 165   4   0 190 175   2   0 179 181  22   0 170 180  41   6 161 176  56  16 153 172  68  28 145 169  79  38 137 165  90  48 129 162 100  57 122 158 110  64 114 155 122  71 108 153 137  76 101 150 155  80  96 147 176  82  91 145 209  82  92 141 241  79  98 136 243  77 102 131 246  74 105 126 248  71 108 123 251  69 110 120 253  66 111 118 255  65 112 117 255  64 112 117 255  64 112 117 255  64 112 117 255  64
          255  91  21   0 255 104  13   0 255 116   5   0 255 129   7   0 238 142   3   0 212 152   1   0 204 161   3   0 195 170   3   0 183 181   0   0 170 190  14   0 162 189  37   4 154 186  52  13 145 182  65  24 137 179  76  35 129 175  87  44 121 172  97  53 113 169 108  61 106 166 120  67  99 163 134  73  92 161 152  77  86 157 174  79  82 155 207  79  82 151 242  78  88 144 244  76  93 139 246  74  97 134 248  71 101 129 251  69 103 126 253  67 105 123 254  65 105 122 255  64 105 122 255  64 105 122 255  64 105 122 255  64
          255  95  19   0 255 108  10   0 255 121   4   0 255 135   4   0 218 148   0   0 207 158   1   0 199 167   2   0 189 177   1   0 177 187   2   0 162 199   7   0 154 200  31   2 146 197  48  10 137 194  61  20 129 191  72  30 121 188  83  40 113 185  94  48 105 182 105  56  98 179 117  62  91 176 132  68  84 173 150  72  78 170 172  74  74 167 205  74  72 162 246  74  79 154 247  73  84 147 248  72  89 142 250  70  92 137 251  68  95 133 253  66  97 130 255  65  98 128 255  64  98 128 255  64  98 128 255  64  98 128 255  64
          255  99  16   0 255 112   6   0 255 127   1   0 235 142   0   0 212 154   0   0 202 164   1   0 193 173   1   0 183 183   0   0 170 193   3   0 155 205   6   0 144 211  23   0 136 210  42   6 128 207  56  15 120 204  68  25 112 202  80  34 105 199  91  42  97 197 102  49  90 194 115  55  83 191 130  60  76 188 148  64  71 185 171  67  67 182 205  67  65 177 246  67  69 166 251  68  75 157 251  68  79 150 252  67  83 145 253  66  86 141 255  65  88 138 255  63  89 136 255  63  89 136 255  63  89 136 255  63  89 136 255  63
          255 104  12   0 255 118   0   0 255 134   0   0 217 149   0   0 206 160   0   0 197 170   0   0 188 180   1   0 176 189   1   0 162 199   3   0 148 210   6   0 135 225  19   0 128 225  37   3 120 223  51  10 112 221  64  18 104 219  76  26  97 217  88  34  89 214 100  40  82 212 113  46  76 209 128  51  70 207 147  55  64 204 170  57  61 201 205  57  59 195 247  58  60 184 255  61  65 171 255  62  70 162 255  62  74 155 255  62  77 150 255  61  79 146 255  61  80 144 255  60  80 144 255  60  80 144 255  60  80 144 255  60
          255 110   7   0 255 126   0   0 228 143   0   0 210 156   0   0 201 167   0   0 191 177   0   0 181 186   1   0 168 195   1   0 154 204   3   0 139 216   6   0 129 237  19   0 121 238  35   2 113 237  48   7 105 236  59  13  99 235  72  19  92 234  83  25  85 233  95  31  78 231 108  36  71 230 124  40  66 228 143  43  61 227 167  45  57 224 200  45  53 218 243  46  51 208 255  51  55 191 255  53  60 178 255  55  64 168 255  56  67 162 255  56  69 157 255  56  70 155 255  56  70 155 255  56  70 155 255  56  70 155 255  56
          255 117   0   0 255 135   0   0 216 151   0   0 204 164   0   0 195 174   0   0 185 183   1   0 172 192   0   0 159 200   0   0 145 209   1   0 130 220   4   0 120 250  17   0 112 250  30   2 106 250  42   6  98 250  53  10  92 249  64  15  86 249  76  19  80 248  87  23  74 248 100  27  67 247 115  30  61 246 134  33  57 245 157  34  54 244 189  34  51 241 231  34  44 233 255  38  46 218 255  42  50 200 255  45  53 187 255  47  56 178 255  48  59 171 255  49  60 168 255  49  60 168 255  49  60 168 255  49  60 168 255  49
          255 127   0   0 222 146   0   0 208 160   0   0 198 171   0   0 189 181   0   0 177 189   0   0 163 197   0   0 148 205   0   0 134 213   0   0 120 224   1   0 111 254  13   0 103 255  25   2  97 255  36   4  90 255  46   7  85 255  56  10  80 255  67  13  74 255  78  16  68 255  90  19  62 255 103  22  56 255 120  24  49 255 143  26  46 255 169  27  43 255 214  27  41 255 253  26  36 246 255  30  40 230 255  33  43 214 255  36  46 201 255  37  48 192 255  39  49 189 255  39  49 189 255  39  49 189 255  39  49 189 255  39
          242 140   0   0 212 157   0   0 201 169   0   0 192 179   0   0 181 187   0   0 166 195   0   0 152 202   0   0 137 209   0   0 123 218   0   0 110 227   0   0 101 252   8   0  94 255  18   1  87 255  28   2  81 255  37   4  76 255  47   6  71 255  56   8  67 255  67  10  62 255  78  12  56 255  90  14  49 255 105  15  43 255 123  17  37 255 150  18  34 255 181  19  31 255 236  19  30 255 255  18  28 255 255  20  31 243 255  23  34 233 255  25  37 223 255  27  38 218 255  27  38 218 255  27  38 218 255  27  38 218 255  27
          218 153   0   0 204 167   0   0 194 177   0   0 184 184   0   0 169 193   0   0 154 200   0   0 140 207   0   0 125 214   0   0 112 223   0   0 100 231   0   0  91 251   1   0  84 255  10   0  78 255  20   1  72 255  28   2  67 255  36   3  62 255  45   4  58 255  53   4  54 255  63   5  48 255  74   6  42 255  87   7  36 255 104   9  30 255 124  10  23 255 154  11  21 255 193  11  18 255 249  11  16 255 255  11  20 255 255  11  21 255 255  12  23 249 255  14  25 246 255  15  25 246 255  15  25 246 255  15  25 246 255  15
          207 164   0   0 197 176   0   0 187 183   0   0 173 191   0   0 158 198   0   0 142 205   0   0 127 212   0   0 113 222   0   0 101 228   0   0  89 235   0   0  79 250   0   0  74 255   1   0  68 255   9   0  63 255  17   1  58 255  25   1  54 255  32   1  50 255  40   2  46 255  48   2  42 255  57   3  35 255  67   3  28 255  81   4  21 255  99   4  13 255 122   5   6 255 153   5   3 255 198   5   2 255 253   5   0 255 255   5   5 255 255   5   8 255 255   4  10 255 255   4  10 255 255   4  10 255 255   4  10 255 255   4
          199 174   0   0 189 181   0   0 176 188   0   0 161 195   0   0 146 201   0   0 131 208   0   0 116 217   0   0 103 225   0   0  90 233   0   0  78 241   0   0  69 250   0   0  64 255   0   0  58 255   0   0  54 255   5   0  49 255  12   0  45 255  19   0  41 255  25   1  38 255  32   1  34 255  40   1  29 255  49   1  22 255  59   2  13 255  72   2   5 255  90   2   0 255 113   2   0 255 145   2   0 255 190   2   0 255 253   2   0 255 255   2   0 255 255   2   0 255 255   2   0 255 255   2   0 255 255   2   0 255 255   2
          191 180   0   0 180 186   0   0 165 193   0   0 150 199   0   0 135 204   0   0 120 211   0   0 107 220   0   0  95 227   0   0  83 235   0   0  72 241   0   0  62 248   0   0  57 255   0   0  52 255   0   0  48 255   0   0  45 255   3   0  41 255   8   0  37 255  14   0  34 255  20   0  31 255  27   0  27 255  33   0  23 255  42   0  16 255  51   1   7 255  63   1   0 255  79   1   0 255  99   1   0 255 126   1   0 255 155   1   0 255 190   1   0 255 237   1   0 255 253   1   0 255 253   1   0 255 253   1   0 255 253   1
          183 184   0   0 168 191   0   0 154 196   0   0 139 201   0   0 125 207   0   0 111 214   0   0  99 222   0   0  87 229   0   0  76 236   0   0  67 242   0   0  58 247   0   0  52 255   0   0  48 255   0   0  45 255   0   0  41 255   0   0  38 255   0   0  35 255   5   0  32 255   9   0  29 255  15   0  26 255  21   0  22 255  28   0  18 255  35   0  10 255  44   0   2 255  54   0   0 255  68   0   0 255  85   0   0 255 104   0   0 255 123   0   0 255 145   0   0 255 153   0   0 255 153   0   0 255 153   0   0 255 153   0
          255  37  52   2 255  38  52   2 255  39  52   2 255  38  53   2 255  35  58   2 255  29  63   3 255  21  71   3 255  10  80   3 255   0  92   2 255   0 103   2 255   0 115   2 255   0 127   2 255   0 141   1 255   0 153   1 255   0 163   1 255   0 174   1 255   0 185   1 255   0 197   1 255   0 211   1 255   0 235   1 255   0 249   1 255   0 255   1 255   0 255   0 255   0 255   0 255   0 255   0 255   0 255   0 255   0 255   0 255   0 255   0 255   0 255   0 255   0 255   0 255   0 255   0 255   0 255   0 255   0 255   0
          255  38  51   2 255  40  50   2 255  42  50   2 255  41  52   2 255  38  55   2 255  33  61   3 255  25  69   3 255  14  78   3 255   4  89   3 255   0 101   3 255   0 113   2 255   0 126   2 255   0 141   2 255   0 152   2 255   0 161   1 255   0 170   1 255   0 180   1 255   0 191   1 255   0 207   1 255   0 230   1 255   0 245   1 255   0 255   1 255   0 255   1 255   0 255   1 255   0 255   1 255   0 255   0 255   0 255   0 255   0 255   1 255   0 255   1 255   0 255   1 255   0 255   1 255   0 255   1 255   0 255   1
          255  39  50   2 255  43  48   2 255  45  48   2 255  45  49   2 255  42  53   3 255  37  58   3 255  30  66   3 255  21  75   3 255  10  86   3 255   0  99   3 255   0 112   3 255   0 123   3 255   0 136   2 255   0 148   2 255   0 157   2 255   0 166   3 255   0 176   3 255   0 187   3 255   0 204   3 255   0 224   3 255   0 240   2 255   0 253   2 255   0 255   2 255   0 255   2 255   0 255   1 255   0 255   1 255   0 255   2 255   0 255   3 255   0 255   3 255   0 255   3 255   0 255   3 255   0 255   3 255   0 255   3
          255  42  48   2 255  47  46   2 255  49  45   2 255  49  46   2 255  47  50   3 255  42  55   3 255  37  62   3 255  28  71   4 255  17  83   4 255   9  95   4 255   4 107   4 255   0 119   4 255   0 131   3 255   0 142   4 255   0 152   4 255   0 161   4 255   0 170   4 255   0 181   4 255   0 198   4 255   0 217   4 255   0 235   4 255   0 250   4 255   0 255   3 255   0 255   3 255   0 255   3 255   0 255   3 255   0 255   4 255   0 255   5 255   0 255   6 253   0 255   6 253   0 255   6 253   0 255   6 253   0 255   6
          255  46  46   2 255  50  43   2 255  53  42   2 255  53  43   2 255  51  46   3 255  48  51   3 255  43  58   4 255  35  67   4 255  29  78   5 255  23  90   5 255  19 102   5 255  14 114   5 255  12 126   5 255  10 137   6 255   8 148   6 255   8 157   6 255   8 166   6 255   7 177   6 255   6 191   6 255   5 207   6 255   4 228   6 255   3 245   6 255   0 255   5 255   0 255   5 255   0 255   5 255   0 255   7 255   0 255   8 250   0 255   9 245   0 255   9 240   0 255  10 240   0 255  10 240   0 255  10 240   0 255  10
          255  49  43   2 255  54  40   2 255  57  39   2 255  58  39   2 255  57  42   3 255  54  46   3 255  49  53   4 255  46  63   5 255  42  74   5 255  37  86   6 255  32  98   6 255  29 109   7 255  27 120   8 255  25 131   8 255  23 142   9 255  23 152   9 255  22 161   9 255  21 173   9 255  20 185   9 255  20 201   9 255  19 222   8 255  18 240   8 255  14 255   7 255  11 255   7 253   4 255  10 249   0 255  11 243   4 255  13 235  10 255  14 230  13 255  14 225  17 255  14 225  17 255  14 225  17 255  14 225  17 255  14
          255  52  41   2 255  57  37   2 255  61  35   2 255  62  35   2 255  62  37   2 255  60  41   3 255  59  49   4 255  57  59   5 255  54  70   6 255  49  81   7 255  45  93   8 255  43 104   9 255  41 115  10 255  39 126  11 255  37 137  11 255  36 147  12 255  35 157  12 255  34 167  12 255  33 179  12 255  33 195  12 254  32 214  11 253  29 236  11 248  28 252  10 243  21 255  13 238  18 255  15 235  17 255  17 226  23 255  18 218  27 255  18 210  30 255  19 206  32 255  19 206  32 255  19 206  32 255  19 206  32 255  19
          255  55  38   2 255  61  35   1 255  65  33   1 255  68  32   2 255  68  33   2 255  68  37   3 255  68  46   4 255  66  55   5 255  64  65   6 255  60  76   8 255  57  88   9 255  55  99  11 255  53 110  13 255  51 121  14 254  49 132  14 251  48 143  15 249  47 153  15 247  46 163  15 245  45 175  15 243  45 190  15 241  43 210  14 238  41 232  13 232  37 250  15 227  34 255  19 223  33 255  21 216  34 255  22 205  39 255  23 199  41 255  24 194  42 255  23 191  43 255  23 191  43 255  23 191  43 255  23 191  43 255  23
          255  59  36   1 255  65  32   1 255  70  30   1 255  73  29   1 255  75  29   1 255  77  35   2 255  78  42   3 255  76  51   5 255  73  61   7 255  70  72   9 255  68  83  11 252  66  95  13 248  63 106  15 244  61 117  17 241  60 128  18 238  59 139  18 235  58 150  18 233  57 160  18 230  56 173  18 228  55 188  17 225  54 209  17 220  51 233  18 214  49 251  22 209  47 255  25 204  46 255  27 196  48 255  28 189  51 255  28 184  52 255  28 180  53 255  28 177  54 255  28 177  54 255  28 177  54 255  28 177  54 255  28
          255  61  34   1 255  68  30   1 255  74  27   1 255  79  25   1 255  82  26   1 255  86  32   1 255  87  39   2 255  86  47   4 255  83  56   6 252  80  66   9 246  78  79  12 240  76  91  15 235  73 102  17 231  71 114  19 227  70 125  20 224  69 136  21 220  68 147  22 217  66 159  23 213  65 172  24 210  64 187  24 207  63 208  24 202  62 233  25 197  60 252  29 192  58 255  31 187  57 255  33 180  59 255  33 175  61 255  33 171  62 255  33 168  62 255  32 166  62 255  32 166  62 255  32 166  62 255  32 166  62 255  32
          255  64  32   1 255  72  28   1 255  79  24   1 255  84  21   0 255  89  24   0 255  94  30   1 255  96  36   1 255  95  43   3 251  93  51   5 242  89  61   8 235  87  73  12 228  85  86  16 222  83  98  19 217  81 110  23 212  79 121  25 207  78 131  27 204  77 142  29 200  76 153  31 197  75 166  32 193  74 180  32 190  72 200  33 186  72 228  33 181  70 250  35 177  68 255  37 172  68 255  38 167  69 255  38 163  70 255  38 160  70 255  37 158  70 255  36 157  70 255  35 157  70 255  35 157  70 255  35 157  70 255  35
          255  67  31   1 255  76  26   1 255  83  21   0 255  89  18   0 255  96  22   0 255 100  27   0 255 103  33   0 252 104  39   1 241 102  46   3 232  99  55   6 224  98  68  11 216  95  81  17 208  93  93  22 203  91 104  27 198  89 115  30 193  88 125  33 189  86 136  35 186  85 148  37 182  84 160  39 179  82 174  40 175  81 194  40 172  80 222  40 167  79 247  42 163  77 255  43 160  77 255  43 156  77 255  42 153  78 255  41 151  77 255  40 150  77 255  39 149  76 255  38 149  76 255  38 149  76 255  38 149  76 255  38
          255  70  29   1 255  79  23   0 255  86  19   0 255  93  14   0 255 101  20   0 255 106  24   0 255 109  29   0 244 111  34   0 232 111  40   1 222 110  49   4 212 108  63  11 204 106  76  18 197 103  88  24 191 101  99  30 186  98 110  34 181  96 120  38 177  95 131  41 173  93 143  43 169  92 155  45 166  90 169  46 162  89 188  47 159  87 216  47 156  86 244  47 152  85 255  48 149  85 255  47 147  84 255  46 145  84 255  45 144  83 255  43 143  82 255  42 142  81 255  41 142  81 255  41 142  81 255  41 142  81 255  41
          255  72  27   1 255  82  22   0 255  90  16   0 255  97  13   0 255 105  17   0 255 111  21   0 250 115  24   0 235 117  27   0 223 119  31   0 212 119  44   3 202 118  59  10 194 115  72  18 187 112  84  25 180 109  95  32 175 107 105  37 170 105 115  41 166 103 126  45 162 101 138  48 158  99 150  50 155  97 165  52 151  96 183  53 148  94 209  53 145  93 241  52 142  91 255  52 140  91 255  51 139  90 255  49 138  89 255  47 137  88 255  45 137  87 255  44 136  86 255  43 136  86 255  43 136  86 255  43 136  86 255  43
          255  75  26   1 255  84  20   0 255  93  13   0 255 101  11   0 255 109  15   0 255 115  17   0 242 120  17   0 227 123  16   0 213 126  20   0 203 128  40   2 193 127  55   9 185 124  68  18 178 121  80  26 171 118  91  33 166 115 101  38 161 112 111  43 157 110 122  48 152 108 133  51 148 106 146  54 145 104 160  56 141 102 178  57 137 100 204  57 134  98 238  57 132  97 255  55 132  96 255  54 131  95 255  52 131  94 255  49 131  92 255  47 131  91 255  46 131  90 255  45 131  90 255  45 131  90 255  45 131  90 255  45
          255  77  24   0 255  87  18   0 255  95  10   0 255 105  10   0 255 113  12   0 254 120  12   0 227 125   8   0 213 130   7   0 205 134  15   0 195 137  36   1 186 135  52   8 177 132  65  17 170 129  77  25 164 126  88  33 158 123  98  39 153 120 107  45 148 117 118  50 144 114 129  54 139 112 142  57 135 110 157  59 131 108 174  61 127 106 199  61 124 104 235  60 123 103 255  58 124 101 255  56 124 100 255  54 125  98 255  51 125  96 255  49 125  95 255  48 125  94 255  46 125  94 255  46 125  94 255  46 125  94 255  46
          255  79  23   0 255  89  16   0 255  98   8   0 255 108   8   0 255 117   9   0 235 124   6   0 214 131   4   0 206 136   5   0 197 141  10   0 188 144  32   1 179 142  48   7 170 140  62  16 163 136  74  24 157 133  84  32 151 130  95  39 145 127 104  45 140 124 114  51 135 121 125  55 131 119 138  59 126 117 153  62 121 114 170  63 117 112 195  64 115 110 231  63 114 109 255  60 116 107 255  58 117 104 255  55 118 102 255  53 119 100 255  51 120  99 255  49 120  98 255  47 120  98 255  47 120  98 255  47 120  98 255  47
          255  81  21   0 255  92  13   0 255 101   5   0 255 112   6   0 251 121   6   0 218 129   1   0 209 136   3   0 200 142   4   0 190 148   5   0 181 150  28   0 172 149  45   6 164 147  59  14 157 144  71  23 150 141  82  31 144 138  92  39 138 135 101  45 133 132 111  51 127 129 122  56 122 126 135  60 117 124 150  63 112 121 167  65 108 119 191  66 105 117 228  65 105 115 255  62 108 112 255  59 110 109 255  57 112 107 255  54 113 105 255  52 114 103 255  50 115 101 255  49 115 101 255  49 115 101 255  49 115 101 255  49
          255  84  20   0 255  94  11   0 255 104   3   0 255 116   4   0 234 125   0   0 213 134   0   0 204 142   2   0 194 148   2   0 183 154   0   0 173 157  23   0 165 156  42   4 157 154  56  12 150 152  68  21 143 148  79  29 137 146  89  37 131 143  99  44 125 140 108  50 119 137 119  55 114 134 132  60 108 132 147  63 103 130 164  66  99 127 188  67  96 125 226  66  96 123 255  63 100 119 255  60 103 115 255  58 105 112 255  55 107 109 255  53 108 107 255  51 109 105 255  49 109 105 255  49 109 105 255  49 109 105 255  49
          255  86  18   0 255  97   8   0 255 108   1   0 255 120   1   0 219 131   0   0 208 140   0   0 199 147   1   0 189 154   1   0 177 160   0   0 166 163  18   0 158 164  38   3 151 162  53  10 143 159  65  19 136 156  76  27 130 154  86  35 123 151  96  42 117 149 106  48 111 146 117  54 105 143 129  59 100 141 144  62  95 139 162  65  90 136 185  66  87 133 224  65  87 131 255  63  92 126 255  61  96 121 255  58  98 117 255  56 101 114 255  53 102 112 255  52 103 110 255  50 103 110 255  50 103 110 255  50 103 110 255  50
          255  89  16   0 255 101   5   0 255 113   0   0 241 125   0   0 214 136   0   0 204 145   0   0 194 153   0   0 184 159   0   0 171 166   0   0 158 171  11   0 151 171  33   1 144 170  49   7 136 167  61  16 129 165  73  24 122 162  83  32 116 160  93  39 110 158 103  45 103 156 114  51  97 153 127  56  92 151 142  60  86 148 160  63  82 145 184  64  79 143 222  63  78 139 255  62  83 133 255  60  87 129 255  58  91 124 255  56  93 120 255  53  95 118 255  52  97 115 255  50  97 115 255  50  97 115 255  50  97 115 255  50
          255  93  12   0 255 104   1   0 255 118   0   0 221 131   0   0 209 142   0   0 199 151   0   0 190 159   0   0 179 165   0   0 166 172   0   0 150 179   3   0 142 180  27   0 136 179  44   5 128 177  57  12 121 175  69  20 114 172  80  28 108 170  90  34 102 168 101  41  96 166 111  46  90 164 124  51  84 161 140  55  78 159 159  58  74 156 182  60  71 153 221  59  70 149 255  58  74 143 255  58  79 136 255  56  83 131 255  55  86 127 255  53  87 124 255  51  89 122 255  50  89 122 255  50  89 122 255  50  89 122 255  50
          255  97   8   0 255 109   0   0 248 124   0   0 216 138   0   0 204 148   0   0 195 157   0   0 185 165   0   0 174 171   0   0 161 178   0   0 144 186   1   0 132 191  19   0 126 190  38   2 120 189  53   8 113 186  65  15 106 184  76  22 100 183  87  29  94 181  98  35  88 178 109  40  82 176 122  45  76 174 138  49  71 171 157  52  66 169 181  53  64 166 220  52  62 161 254  53  65 154 255  54  70 146 255  53  74 140 255  52  77 135 255  51  79 131 255  50  81 128 255  49  81 128 255  49  81 128 255  49  81 128 255  49
          255 102   4   0 255 115   0   0 223 131   0   0 210 145   0   0 199 155   0   0 190 164   0   0 180 171   0   0 168 178   0   0 154 185   0   0 139 192   2   0 122 201   8   0 116 203  30   0 110 202  46   4 104 200  59  10  98 199  71  16  92 197  83  22  86 195  95  27  80 193 106  32  75 191 119  37  69 189 136  40  64 187 156  43  60 184 180  44  58 181 220  44  56 175 254  45  55 168 255  47  60 159 255  48  64 151 255  48  68 145 255  48  70 141 255  47  72 137 255  47  72 137 255  47  72 137 255  47  72 137 255  47
          255 108   0   0 252 124   0   0 217 140   0   0 204 152   0   0 195 162   0   0 185 170   0   0 174 177   0   0 161 184   0   0 147 191   0   0 131 198   1   0 115 208   6   0 104 217  18   0  99 218  37   1  94 217  52   5  89 216  65   9  83 214  78  14  78 212  90  19  72 211 103  23  67 209 117  27  62 207 134  30  58 206 154  33  54 203 179  34  52 200 219  33  50 193 253  36  47 187 255  39  50 174 255  41  55 164 255  42  58 157 255  43  60 152 255  43  62 148 255  43  62 148 255  43  62 148 255  43  62 148 255  43
          255 116   0   0 224 134   0   0 209 149   0   0 199 160   0   0 189 169   0   0 180 176   0   0 167 183   0   0 153 190   0   0 138 196   0   0 123 203   0   0 108 213   4   0  97 232  14   0  91 233  31   0  85 233  44   2  80 232  58   4  76 232  71   7  71 231  84  11  66 231  97  14  62 230 111  17  57 229 128  20  54 227 148  22  50 226 173  22  47 224 212  22  44 216 249  25  40 208 255  28  40 197 255  31  44 183 255  34  48 173 255  35  50 166 255  36  52 162 255  36  52 162 255  36  52 162 255  36  52 162 255  36
          248 126   0   0 215 144   0   0 203 157   0   0 193 167   0   0 184 175   0   0 172 182   0   0 158 189   0   0 143 195   0   0 128 201   0   0 114 208   0   0 100 218   1   0  90 240  10   0  84 247  25   0  79 248  37   1  73 248  49   2  69 248  60   4  64 247  73   6  59 247  86   8  55 247 100  10  50 247 116  12  46 246 136  14  43 245 160  14  40 243 194  15  39 241 239  14  34 232 255  17  30 227 255  21  34 209 255  23  37 196 255  25  40 187 255  26  42 179 255  27  42 179 255  27  42 179 255  27  42 179 255  27
          222 139   0   0 207 155   0   0 197 166   0   0 187 174   0   0 176 181   0   0 162 188   0   0 147 194   0   0 132 200   0   0 118 206   0   0 105 214   0   0  92 223   0   0  82 241   5   0  76 255  17   0  71 255  28   0  66 255  39   1  62 255  49   2  57 255  60   3  52 255  71   4  47 255  85   5  42 255 100   6  37 255 119   7  33 255 143   8  30 255 171   9  29 255 221   9  26 255 255   8  21 247 255  10  21 240 255  12  25 228 255  14  28 215 255  16  30 206 255  17  30 206 255  17  30 206 255  17  30 206 255  17
          211 152   0   0 200 164   0   0 190 174   0   0 180 180   0   0 166 187   0   0 150 193   0   0 136 199   0   0 121 205   0   0 107 212   0   0  95 221   0   0  82 228   0   0  73 241   0   0  68 255   8   0  63 255  18   0  58 255  28   0  54 255  37   0  50 255  46   1  46 255  56   1  40 255  67   2  34 255  81   2  28 255  98   3  22 255 119   4  18 255 147   4  16 255 180   4  12 255 236   4  10 255 255   3   7 255 255   3   8 253 255   5  12 245 255   6  14 239 255   7  14 239 255   7  14 239 255   7  14 239 255   7
          202 163   0   0 193 173   0   0 183 179   0   0 169 186   0   0 154 193   0   0 138 199   0   0 123 206   0   0 109 212   0   0  97 220   0   0  84 227   0   0  74 233   0   0  64 241   0   0  59 255   0   0  54 255   7   0  49 255  16   0  45 255  24   0  41 255  32   0  37 255  40   0  33 255  49   0  26 255  60   1  19 255  74   1  11 255  92   1   5 255 116   1   0 255 146   2   0 255 189   2   0 255 245   1   0 255 255   1   0 255 255   1   0 255 255   1   0 255 255   1   0 255 255   1   0 255 255   1   0 255 255   1
          195 172   0   0 186 179   0   0 173 185   0   0 158 191   0   0 142 197   0   0 127 203   0   0 113 210   0   0  99 219   0   0  86 227   0   0  74 234   0   0  64 239   0   0  55 244   0   0  50 255   0   0  45 255   0   0  41 255   2   0  36 255   9   0  33 255  17   0  29 255  24   0  25 255  32   0  19 255  41   0  11 255  51   0   2 255  65   0   0 255  85   0   0 255 109   0   0 255 142   0   0 255 185   0   0 255 251   0   0 255 255   0   0 255 255   0   0 255 255   0   0 255 255   0   0 255 255   0   0 255 255   0
          188 178   0   0 177 183   0   0 162 190   0   0 147 195   0   0 132 200   0   0 117 206   0   0 104 214   0   0  91 222   0   0  79 230   0   0  68 237   0   0  58 243   0   0  48 249   0   0  41 255   0   0  37 255   0   0  32 255   0   0  29 255   0   0  25 255   1   0  21 255   8   0  17 255  16   0  12 255  24   0   7 255  32   0   0 255  42   0   0 255  56   0   0 255  75   0   0 255  99   0   0 255 129   0   0 255 166   0   0 255 223   0   0 255 255   0   0 255 255   0   0 255 255   0   0 255 255   0   0 255 255   0
          180 182   0   0 166 188   0   0 151 193   0   0 137 198   0   0 122 204   0   0 109 210   0   0  96 218   0   0  84 225   0   0  73 232   0   0  63 238   0   0  54 243   0   0  46 248   0   0  38 253   0   0  34 255   0   0  31 255   0   0  27 255   0   0  24 255   0   0  20 255   0   0  17 255   5   0  12 255  11   0   8 255  19   0   3 255  27   0   0 255  37   0   0 255  49   0   0 255  65   0   0 255  85   0   0 255 108   0   0 255 134   0   0 255 157   0   0 255 181   0   0 255 181   0   0 255 181   0   0 255 181   0
          255  32  52   1 255  34  50   1 255  33  50   1 255  31  52   1 255  26  56   1 255  17  62   1 255   6  69   1 255   0  79   1 255   0  89   1 255   0 101   1 255   0 113   0 255   0 124   0 255   0 138   0 255   0 149   0 255   0 158   0 255   0 167   0 255   0 176   0 255   0 186   0 255   0 195   0 255   0 215   0 255   0 233   0 255   0 246   0 255   0 255   0 255   0 255   0 255   0 255   0 255   0 255   0 255   0 255   0 255   0 255   0 255   0 255   0 255   0 255   0 255   0 255   0 255   0 255   0 255   0 255   0
          255  34  50   1 255  36  48   1 255  36  48   1 255  34  50   1 255  30  54   1 255  22  59   1 255  10  66   1 255   0  76   1 255   0  87   1 255   0  98   1 255   0 111   1 255   0 123   0 255   0 135   0 255   0 145   0 255   0 154   0 255   0 162   0 255   0 171   0 255   0 180   0 255   0 191   0 255   0 208   0 255   0 226   0 255   0 241   0 255   0 254   0 255   0 255   0 255   0 255   0 255   0 255   0 255   0 255   0 255   0 255   0 255   0 255   0 255   0 255   0 255   0 255   0 255   0 255   0 255   0 255   0
          255  36  48   1 255  39  46   1 255  39  45   1 255  38  47   1 255  34  51   1 255  27  56   1 255  17  63   1 255   4  73   1 255   0  84   1 255   0  95   1 255   0 108   1 255   0 119   1 255   0 130   0 255   0 141   0 255   0 149   0 255   0 158   0 255   0 166   0 255   0 174   0 255   0 187   0 255   0 200   0 255   0 218   0 255   0 235   0 255   0 249   0 255   0 255   0 255   0 255   0 255   0 255   0 255   0 255   0 255   0 255   0 255   0 255   0 255   0 255   0 255   0 255   0 255   0 255   0 255   0 255   0
          255  40  46   1 255  43  43   1 255  43  43   1 255  42  44   1 255  38  47   1 255  32  52   1 255  24  60   2 255  11  68   2 255   1  80   1 255   0  92   1 255   0 103   1 255   0 115   1 255   0 126   1 255   0 136   1 255   0 144   0 255   0 153   0 255   0 160   0 255   0 169   0 255   0 182   0 255   0 195   0 255   0 210   0 255   0 230   0 255   0 245   0 255   0 255   0 255   0 255   0 255   0 255   0 255   0 255   0 255   0 255   0 255   0 255   0 253   0 255   1 252   0 255   1 252   0 255   1 252   0 255   1
          255  43  43   1 255  46  41   1 255  48  39   1 255  47  40   1 255  43  43   1 255  38  48   1 255  31  55   2 255  23  64   2 255  16  75   2 255   9  87   2 255   4  98   2 255   0 110   1 255   0 121   1 255   0 131   1 255   0 139   1 255   0 148   1 255   0 156   0 255   0 166   0 255   0 176   0 255   0 189   0 255   0 206   0 255   0 226   0 255   0 244   0 255   0 255   0 255   0 255   0 254   0 255   1 252   0 255   1 251   0 255   2 245   0 255   2 239   0 255   3 237   0 255   3 237   0 255   3 237   0 255   3
          255  47  41   1 255  50  37   1 255  52  36   1 255  51  36   1 255  49  38   1 255  44  43   1 255  40  51   2 255  37  61   2 255  31  71   2 255  24  82   2 255  19  94   2 255  16 105   2 255  11 116   2 255   8 126   2 255   8 135   2 255   8 143   1 255   7 152   1 255   6 162   1 255   5 172   1 255   4 185   1 255   4 200   1 255   1 223   1 253   0 241   1 248   0 255   1 244   0 255   2 241   0 255   3 238   0 255   4 234   0 255   5 225   0 255   5 219   3 255   6 218   3 255   6 218   3 255   6 218   3 255   6
          255  50  38   1 255  54  34   1 255  56  32   1 255  56  32   1 255  54  33   1 255  51  38   1 255  51  47   2 255  48  56   2 255  44  67   3 255  38  78   3 255  33  89   3 255  30 100   3 255  27 111   3 255  24 121   3 255  24 131   3 254  24 139   3 252  23 149   3 250  23 158   3 248  22 168   3 246  21 180   3 244  19 197   3 242  18 219   2 238  15 239   2 232  11 255   4 229  11 255   6 225  10 255   7 220  11 255   8 212  14 255   9 206  17 255   9 201  19 255   9 200  20 255   9 200  20 255   9 200  20 255   9
          255  53  35   1 255  57  31   1 255  60  28   0 255  61  27   0 255  60  28   1 255  60  34   1 255  60  43   1 255  58  52   2 255  55  62   3 255  50  73   3 255  46  84   4 254  42  96   4 250  40 107   4 246  38 117   5 243  38 127   5 240  38 136   5 238  37 146   5 236  37 155   5 234  36 166   5 231  35 179   4 229  34 195   4 226  32 218   4 221  30 239   5 216  29 255   8 210  28 255  10 205  28 255  12 202  26 255  13 194  29 255  13 189  31 255  13 185  33 255  13 184  33 255  13 184  33 255  13 184  33 255  13
          255  56  32   1 255  61  28   0 255  65  25   0 255  66  23   0 255  67  24   0 255  70  31   0 255  69  39   1 255  67  47   1 255  64  57   2 253  61  68   3 246  57  80   4 241  54  91   5 236  52 103   6 232  51 113   6 229  51 123   7 226  50 133   7 223  50 143   7 220  49 154   7 218  48 165   7 214  47 178   8 211  46 195   8 208  45 219   8 202  45 241  10 197  44 255  13 192  42 255  15 188  40 255  17 184  40 255  17 178  42 255  18 174  43 255  17 171  44 255  17 170  44 255  17 170  44 255  17 170  44 255  17
          255  59  30   1 255  65  26   0 255  69  22   0 255  72  19   0 255  75  22   0 255  78  28   0 255  78  35   0 255  76  42   1 250  73  52   2 241  70  63   3 234  67  75   5 228  64  87   6 222  63  99   7 218  62 109   9 213  62 119  10 209  62 129  11 206  61 139  12 203  61 149  13 200  60 160  14 197  59 173  14 194  58 189  15 191  57 211  15 186  57 237  16 181  55 255  19 177  53 255  21 173  52 255  22 169  52 255  22 165  53 255  22 162  53 255  21 160  53 255  21 159  53 255  21 159  53 255  21 159  53 255  21
          255  62  28   0 255  69  23   0 255  73  18   0 255  76  14   0 255  82  19   0 255  86  24   0 255  86  30   0 249  84  37   0 238  81  45   1 229  78  56   2 221  76  69   4 213  75  82   8 207  75  93  11 203  74 104  13 198  73 114  15 194  73 123  17 191  72 133  18 188  71 144  20 185  71 155  21 182  69 167  21 179  68 183  22 175  67 204  22 172  66 232  22 167  64 254  25 164  63 255  26 160  61 255  26 157  61 255  26 153  62 255  26 151  62 255  25 150  61 255  24 149  61 255  24 149  61 255  24 149  61 255  24
          255  65  26   0 255  72  20   0 255  77  14   0 255  82  11   0 255  89  16   0 255  92  20   0 253  93  25   0 239  91  30   0 228  89  37   0 218  87  49   1 208  87  63   5 201  87  76   9 195  86  88  13 190  85  99  17 185  83 109  20 181  82 118  22 178  81 128  24 175  80 139  26 171  79 150  27 168  78 162  28 165  77 177  29 162  75 198  29 159  74 228  29 155  73 252  30 152  71 255  31 149  69 255  31 146  69 255  30 144  69 255  29 143  68 255  28 142  68 255  27 141  67 255  27 141  67 255  27 141  67 255  27
          255  68  24   0 255  75  18   0 255  81  11   0 255  87   9   0 255  94  13   0 255  97  16   0 244  98  18   0 229  97  20   0 217  95  27   0 206  98  44   1 198  98  59   5 190  97  72  11 184  95  84  15 179  94  94  20 174  92 104  23 170  91 113  26 167  90 123  29 163  88 134  31 160  87 145  32 157  86 158  34 154  84 173  35 151  83 193  35 148  81 223  35 145  80 250  35 142  78 255  35 139  76 255  34 137  76 255  33 136  75 255  32 135  74 255  31 134  73 255  30 134  73 255  29 134  73 255  29 134  73 255  29
          255  70  22   0 255  78  16   0 255  84   8   0 255  92   7   0 255  98   9   0 251 102  10   0 229 103   8   0 216 103   8   0 207 104  21   0 197 107  40   1 188 107  55   5 181 106  68  11 175 104  79  16 169 102  90  21 165 100 100  26 161  98 109  29 157  97 119  32 154  95 129  35 150  94 141  37 147  93 154  38 144  91 169  40 140  89 189  40 137  87 219  40 135  86 247  40 132  84 255  39 130  83 255  37 129  82 255  36 129  80 255  34 128  79 255  33 128  78 255  32 128  78 255  31 128  78 255  31 128  78 255  31
          255  72  21   0 255  80  13   0 255  87   5   0 255  96   5   0 255 102   6   0 230 106   3   0 214 109   3   0 207 111   5   0 198 112  16   0 189 116  36   0 180 115  51   5 173 114  64  11 167 112  76  17 161 109  86  22 157 108  96  27 152 106 106  31 148 104 115  35 145 102 125  38 141 100 137  40 138  98 150  42 134  97 165  44 131  95 185  44 128  93 213  44 125  91 245  43 123  90 255  42 122  88 255  40 122  87 255  38 122  85 255  36 122  84 255  35 122  83 255  33 122  82 255  33 122  82 255  33 122  82 255  33
          255  75  19   0 255  83  10   0 255  90   1   0 255 100   3   0 245 106   2   0 218 111   0   0 208 116   2   0 200 118   3   0 190 120  11   0 181 123  32   0 173 123  48   4 166 121  61  10 160 119  72  17 154 117  83  22 149 115  93  28 145 112 102  32 141 110 112  36 137 108 122  40 133 106 133  43 129 104 146  45 125 103 162  47 122 100 181  48 118  99 209  48 116  97 243  46 115  95 255  44 115  94 255  42 115  92 255  40 116  90 255  38 116  88 255  36 116  87 255  35 116  87 255  34 116  87 255  34 116  87 255  34
          255  77  17   0 255  85   8   0 255  93   0   0 255 103   1   0 226 110   0   0 212 117   0   0 203 122   1   0 194 125   1   0 183 127   6   0 174 130  28   0 167 130  45   3 160 128  58   9 153 126  69  16 148 124  80  22 143 121  90  28 138 119  99  33 133 117 109  37 129 114 119  41 125 112 130  44 121 110 143  47 117 109 159  49 113 106 178  50 110 104 206  50 108 103 241  49 107 101 255  46 108  99 255  44 109  97 255  41 110  94 255  39 111  92 255  38 111  91 255  36 111  90 255  36 111  90 255  36 111  90 255  36
          255  79  15   0 255  88   6   0 255  97   0   0 252 107   0   0 219 115   0   0 208 122   0   0 198 128   0   0 189 132   0   0 176 134   1   0 167 136  23   0 160 137  41   2 154 135  55   8 147 133  67  15 141 131  77  21 136 128  87  27 131 126  97  32 126 123 106  37 122 121 116  41 117 119 127  45 113 117 140  48 109 115 156  50 105 113 175  52 101 111 202  52 100 109 239  50  99 107 255  48 101 104 255  45 103 101 255  43 104  99 255  40 105  97 255  39 106  95 255  37 106  94 255  37 106  94 255  37 106  94 255  37
          255  81  13   0 255  90   3   0 255 100   0   0 238 110   0   0 214 120   0   0 204 128   0   0 194 134   0   0 184 138   0   0 170 141   0   0 161 143  19   0 154 144  37   1 147 142  52   7 141 140  64  13 135 138  74  20 129 136  84  26 124 133  94  31 119 131 103  36 114 129 113  41 110 127 124  45 105 124 137  48 101 122 153  51  96 120 172  52  93 118 199  52  91 116 237  51  91 114 255  49  93 110 255  46  96 107 255  44  98 104 255  41  99 101 255  40 100  99 255  38 101  99 255  38 101  99 255  38 101  99 255  38
          255  84  11   0 255  93   0   0 255 104   0   0 223 115   0   0 210 125   0   0 200 133   0   0 190 139   0   0 179 144   0   0 165 148   0   0 154 150  13   0 147 151  33   0 141 150  48   5 134 148  61  11 128 146  72  18 122 143  82  24 117 141  91  30 112 139 101  35 107 137 110  39 102 135 122  44  97 133 135  47  93 131 151  50  88 128 170  52  85 125 197  52  83 123 236  51  83 120 255  49  86 117 255  46  89 113 255  44  91 109 255  42  93 106 255  40  94 104 255  39  95 103 255  38  95 103 255  38  95 103 255  38
          255  87   8   0 255  97   0   0 253 109   0   0 219 121   0   0 206 131   0   0 196 139   0   0 186 145   0   0 175 150   0   0 161 154   0   0 147 157   7   0 140 157  28   0 134 157  44   3 127 155  57   9 121 154  68  15 115 152  79  21 110 150  89  27 105 148  98  32 100 146 108  37  95 144 119  41  90 142 133  45  85 140 149  48  80 137 168  50  77 134 195  50  75 131 235  49  75 128 255  48  78 123 255  46  81 118 255  44  84 115 255  42  86 112 255  40  88 110 255  39  88 109 255  39  88 109 255  39  88 109 255  39
          255  91   4   0 255 101   0   0 234 114   0   0 213 127   0   0 202 137   0   0 192 145   0   0 182 151   0   0 171 156   0   0 157 160   0   0 139 164   0   0 131 165  22   0 125 165  39   1 119 164  53   6 114 162  65  12 108 161  76  18 103 159  86  23  98 157  96  28  92 156 106  33  87 154 117  37  82 151 131  41  77 149 147  44  73 147 167  46  69 144 194  46  68 141 234  45  67 138 255  45  69 132 255  44  73 126 255  43  76 121 255  41  79 118 255  40  81 115 255  39  81 114 255  38  81 114 255  38  81 114 255  38
          255  95   0   0 255 106   0   0 222 121   0   0 208 134   0   0 197 144   0   0 188 151   0   0 178 157   0   0 167 162   0   0 153 167   0   0 135 171   0   0 121 174  13   0 116 174  33   0 111 173  48   3 106 172  60   8 100 171  72  13  95 169  82  18  90 168  93  23  85 166 103  28  80 164 115  32  75 162 129  35  70 160 145  38  66 158 165  40  62 156 192  40  61 153 233  39  59 148 255  41  60 143 255  41  64 136 255  40  68 130 255  39  70 126 255  38  73 122 255  38  73 121 255  37  73 121 255  37  73 121 255  37
          255 100   0   0 246 113   0   0 216 129   0   0 203 141   0   0 193 150   0   0 184 158   0   0 174 164   0   0 162 168   0   0 147 173   0   0 131 178   0   0 112 184   3   0 105 185  24   0 101 185  41   1  97 184  55   4  92 183  67   8  87 182  78  13  82 180  89  17  77 179 100  21  72 177 112  25  67 175 126  28  63 173 143  31  59 171 164  32  56 168 191  33  55 165 233  32  52 160 255  34  51 156 255  36  55 147 255  36  59 141 255  36  61 136 255  36  64 132 255  35  64 131 255  35  64 131 255  35  64 131 255  35
          255 105   0   0 225 122   0   0 209 137   0   0 198 149   0   0 189 157   0   0 179 164   0   0 169 169   0   0 155 174   0   0 140 179   0   0 124 184   0   0 107 190   1   0  93 197  11   0  89 198  31   0  86 198  46   1  82 197  60   3  77 196  72   7  73 195  84  10  69 194  96  13  64 193 109  17  60 191 123  19  56 189 141  22  53 187 162  23  50 184 190  24  49 180 233  23  46 174 255  26  44 169 255  28  45 161 255  30  49 153 255  31  52 148 255  31  54 143 255  31  55 142 255  31  55 142 255  31  55 142 255  31
          250 114   0   0 217 132   0   0 203 146   0   0 193 156   0   0 184 164   0   0 174 170   0   0 162 175   0   0 147 180   0   0 132 185   0   0 117 190   0   0 102 196   0   0  86 205   5   0  75 213  16   0  72 213  34   0  69 213  49   0  66 213  63   2  63 213  77   4  59 212  90   6  56 211 104   8  52 210 119  11  49 208 137  12  46 207 160  14  43 204 188  14  42 200 232  13  39 192 255  17  36 187 255  20  35 179 255  22  39 169 255  23  42 162 255  24  44 156 255  25  45 155 255  25  45 155 255  25  45 155 255  25
          225 126   0   0 209 142   0   0 198 155   0   0 188 164   0   0 179 170   0   0 167 176   0   0 153 181   0   0 138 185   0   0 123 190   0   0 108 196   0   0  94 202   0   0  81 211   2   0  67 222   7   0  63 231  23   0  59 231  37   0  57 232  51   0  54 232  65   0  51 232  79   1  47 232  93   2  44 231 109   4  41 231 128   5  38 229 150   5  36 227 178   5  34 225 223   5  31 217 255   8  28 208 255  10  26 202 255  13  28 191 255  15  31 180 255  16  33 174 255  17  34 172 255  17  34 172 255  17  34 172 255  17
          215 138   0   0 202 153   0   0 192 163   0   0 183 170   0   0 172 176   0   0 158 182   0   0 143 186   0   0 128 191   0   0 113 196   0   0 100 202   0   0  86 209   0   0  74 218   0   0  62 226   2   0  57 247  14   0  52 248  27   0  49 248  39   0  46 249  51   0  42 249  63   0  38 249  77   0  34 249  93   1  30 249 111   2  27 249 134   2  25 247 160   2  22 246 197   2  19 242 244   2  17 233 255   3  14 228 255   5  14 221 255   6  18 208 255   8  20 198 255   9  21 196 255   9  21 196 255   9  21 196 255   9
          206 151   0   0 195 162   0   0 186 171   0   0 176 176   0   0 162 182   0   0 147 187   0   0 132 192   0   0 117 197   0   0 103 203   0   0  90 209   0   0  78 216   0   0  67 224   0   0  56 230   0   0  50 251   5   0  45 255  16   0  42 255  26   0  38 255  36   0  34 255  47   0  29 255  58   0  24 255  73   0  19 255  90   0  12 255 111   0   9 255 137   0   7 255 167   1   4 255 220   0   3 255 255   0   0 249 255   0   0 245 255   1   1 238 255   2   4 229 255   2   4 226 255   2   4 226 255   2   4 226 255   2
          198 161   0   0 189 171   0   0 180 176   0   0 166 182   0   0 150 188   0   0 135 193   0   0 120 199   0   0 106 205   0   0  93 210   0   0  80 218   0   0  69 224   0   0  59 230   0   0  49 236   0   0  42 249   0   0  38 255   3   0  34 255  12   0  30 255  22   0  26 255  31   0  21 255  40   0  14 255  52   0   7 255  66   0   0 255  85   0   0 255 108   0   0 255 137   0   0 255 178   0   0 255 236   0   0 255 255   0   0 255 255   0   0 255 255   0   0 251 255   0   0 250 255   0   0 250 255   0   0 250 255   0
          191 170   0   0 182 176   0   0 170 182   0   0 155 187   0   0 139 193   0   0 124 198   0   0 109 205   0   0  95 212   0   0  82 221   0   0  70 227   0   0  60 232   0   0  51 237   0   0  42 242   0   0  34 249   0   0  30 255   0   0  25 255   0   0  21 255   6   0  17 255  14   0  13 255  23   0   6 255  32   0   0 255  43   0   0 255  58   0   0 255  78   0   0 255 103   0   0 255 135   0   0 255 179   0   0 255 241   0   0 255 255   0   0 255 255   0   0 255 255   0   0 255 255   0   0 255 255   0   0 255 255   0
          185 176   0   0 173 181   0   0 159 186   0   0 144 191   0   0 129 196   0   0 114 202   0   0 101 209   0   0  88 217   0   0  75 225   0   0  64 232   0   0  53 238   0   0  43 244   0   0  34 248   0   0  27 252   0   0  22 255   0   0  17 255   0   0  12 255   0   0   8 255   0   0   4 255   5   0   0 255  14   0   0 255  23   0   0 255  34   0   0 255  49   0   0 255  69   0   0 255  95   0   0 255 131   0   0 255 172   0   0 255 242   0   0 255 255   0   0 255 255   0   0 255 255   0   0 255 255   0   0 255 255   0
          177 180   0   0 163 186   0   0 148 190   0   0 134 195   0   0 120 200   0   0 106 206   0   0  93 212   0   0  81 221   0   0  70 227   0   0  60 234   0   0  50 239   0   0  42 244   0   0  33 249   0   0  25 253   0   0  18 255   0   0  14 255   0   0  10 255   0   0   6 255   0   0   2 255   0   0   0 255   0   0   0 255   9   0   0 255  18   0   0 255  28   0   0 255  42   0   0 255  60   0   0 255  84   0   0 255 114   0   0 255 149   0   0 255 181   0   0 255 230   0   0 255 242   0   0 255 242   0   0 255 242   0
          255  28  50   1 255  29  48   0 255  27  48   0 255  23  50   0 255  15  54   0 255   3  60   0 255   0  67   0 255   0  76   0 255   0  87   0 255   0  98   0 255   0 110   0 255   0 122   0 255   0 135   0 255   0 144   0 255   0 152   0 255   0 160   0 255   0 168   0 255   0 176   0 255   0 185   0 255   0 199   0 255   0 221   0 255   0 237   0 255   0 250   0 255   0 255   0 255   0 255   0 255   0 255   0 255   0 255   0 255   0 255   0 255   0 255   0 255   0 255   0 255   0 255   0 255   0 255   0 255   0 255   0
          255  30  48   1 255  31  46   0 255  30  46   0 255  26  48   0 255  20  52   0 255   7  57   0 255   0  64   0 255   0  73   0 255   0  84   0 255   0  95   0 255   0 107   0 255   0 119   0 255   0 130   0 255   0 140   0 255   0 148   0 255   0 155   0 255   0 163   0 255   0 170   0 255   0 179   0 255   0 195   0 255   0 210   0 255   0 229   0 255   0 245   0 255   0 255   0 255   0 255   0 255   0 255   0 255   0 255   0 255   0 255   0 255   0 255   0 253   0 255   0 250   0 255   0 250   0 255   0 250   0 255   0
          255  33  46   1 255  34  44   0 255  33  43   0 255  30  45   0 255  24  48   0 255  13  53   0 255   0  61   0 255   0  70   0 255   0  80   0 255   0  92   0 255   0 103   0 255   0 114   0 255   0 125   0 255   0 135   0 255   0 143   0 255   0 150   0 255   0 157   0 255   0 165   0 255   0 174   0 255   0 188   0 255   0 201   0 255   0 221   0 255   0 239   0 255   0 254   0 255   0 255   0 255   0 255   0 255   0 255   0 255   0 255   0 251   0 255   0 247   0 255   0 244   0 255   0 244   0 255   0 244   0 255   0
          255  36  43   1 255  38  41   0 255  37  40   0 255  34  41   0 255  28  44   0 255  20  50   0 255   6  56   0 255   0  66   0 255   0  76   0 255   0  88   0 255   0  98   0 255   0 109   0 255   0 120   0 255   0 129   0 255   0 138   0 255   0 145   0 255   0 152   0 255   0 159   0 255   0 170   0 255   0 181   0 255   0 193   0 255   0 211   0 255   0 231   0 255   0 249   0 255   0 255   0 255   0 255   0 255   0 255   0 253   0 255   0 245   0 255   0 241   0 255   0 239   0 255   0 239   0 255   0 239   0 255   0
          255  40  40   0 255  42  38   0 255  42  36   0 255  39  37   0 255  33  39   0 255  26  44   0 255  16  52   0 255   8  61   0 255   1  72   0 255   0  83   0 255   0  94   0 255   0 105   0 255   0 115   0 255   0 124   0 255   0 133   0 255   0 140   0 255   0 147   0 255   0 156   0 255   0 165   0 255   0 175   0 254   0 187   0 252   0 203   0 250   0 227   0 249   0 247   0 247   0 255   0 246   0 255   0 245   0 255   0 242   0 255   0 239   0 255   0 233   0 255   0 229   0 255   0 229   0 255   0 229   0 255   0
          255  44  37   0 255  46  34   0 255  46  33   0 255  44  33   0 255  39  34   0 255  32  38   0 255  29  48   0 255  23  57   0 255  16  68   0 255  10  78   0 255   4  90   0 255   0 100   0 255   0 110   0 255   0 119   0 255   0 128   0 255   0 136   0 255   0 143   0 254   0 152   0 251   0 161   0 247   0 171   0 243   0 183   0 240   0 202   0 238   0 226   0 236   0 244   0 234   0 255   0 232   0 255   0 228   0 255   0 223   0 255   0 221   0 255   1 214   0 255   1 211   0 255   1 211   0 255   1 211   0 255   1
          255  47  35   0 255  49  31   0 255  50  28   0 255  48  27   0 255  44  29   0 255  42  35   0 255  40  44   0 255  37  53   0 255  30  63   0 255  25  73   0 255  20  85   0 255  16  95   0 253  12 105   0 250  11 115   0 247  10 123   0 244  10 132   0 242   9 140   0 240   8 149   0 238   7 158   0 236   6 168   0 234   4 182   0 229   2 201   0 226   0 225   0 223   0 245   0 218   1 255   0 211   4 255   1 207   3 255   2 204   3 255   3 201   3 255   3 195   6 255   3 191   8 255   3 191   8 255   3 191   8 255   3
          255  50  32   0 255  53  27   0 255  54  24   0 255  53  22   0 255  51  23   0 255  52  31   0 255  50  39   0 255  47  48   0 255  42  58   0 255  37  69   0 248  33  80   0 243  30  91   0 239  28 101   0 235  27 111   0 232  27 120   0 229  26 129   0 227  25 138   0 224  25 147   0 222  24 157   0 219  23 169   0 216  22 183   0 213  21 202   0 209  21 227   0 203  22 247   1 198  23 255   3 194  22 255   4 190  21 255   5 186  20 255   6 182  20 255   6 179  22 255   6 176  23 255   6 176  23 255   6 176  23 255   6
          255  53  29   0 255  57  24   0 255  59  19   0 255  58  16   0 255  59  20   0 255  60  26   0 255  58  34   0 255  55  43   0 250  52  53   0 242  47  64   0 235  44  75   0 229  42  87   1 224  41  97   1 220  41 107   1 216  41 117   1 212  41 " OutputChannels="3"/>
      <MCurves>
        <ParametricCurve FunctionType="4">
          2.222229003906 0.909912109375 0.090087890625 0.222229003906 0.080993652344 0.000000000000 0.000000000000
        </ParametricCurve>
        <ParametricCurve FunctionType="4">
          2.222229003906 0.909912109375 0.090087890625 0.222229003906 0.080993652344 0.000000000000 0.000000000000
        </ParametricCurve>
        <ParametricCurve FunctionType="4">
          2.222229003906 0.909912109375 0.090087890625 0.222229003906 0.080993652344 0.000000000000 0.000000000000
        </ParametricCurve>
      </MCurves>
      <Matrix
        e1="0.218032836914" e2="0.192550659180" e3="0.071533203125"
        e4="0.111251831055" e5="0.358459472656" e6="0.030303955078"
        e7="0.006958007812" e8="0.04853820(008" e9="0.356948852539"
        e10="0.000000000000" e11="0.000000000000" e12="0.000000000000"/>
      <BCurves>
        <Curve/>
        <Curve/>
        <Curve/>
      </BCurves>
    </lutAtoBType> </AToB1Tag>

    <BToA0Tag> <lutBtoAType>
      <Channels InputChannels="3" OutputChannels="3"/>
      <BCurves>
        <Curve/>
        <Curve/>
        <Curve/>
      </BCurves>
      <Matrix
        e1="6.289962768555" e2="-3.245407014492" e3="-0.984848022461"
        e4="-1.964279174805" e5="3.845520019531" e6="0.067123413086"
        e7="0.144500732422" e8="-0.459655761719" e9="2.821334838867"
        e10="-0.003524780273" e11="-0.003479003906" e12="-0.003494262695"/>
      <MCurves>
        <ParametricCurve FunctionType="4">
          0.449996948242 1.233393437500 0.000000000000 4.500000000000 0.018005371094 -0.098999023438 0.000000000000
        </ParametricCurve>
        <ParametricCurve FunctionType="4">
          0.449996948242 1.233398437500 0.000000000000 4.500000000000 0.018005371094 -0.098999023438 0.000000000000
        </ParametricCurve>
        <ParametricCurve FunctionType="4">
          0.449996948242 1.233398437500 0.000000000000 4.500000000000 0.018005371094*-0.098999023438 0.000000000000
        </ParametricCurve>
      </MCurves>
    </lutBtoAType> </BToA0Tag>

    <BToA2Tag SameAs="BToA0Tag"/>

    <BToA1Tag> <lutBtoAType>
      <Channels InputChannels="3" OutputChannels="3"/>
      <BCurves>
        <Curve/>
        <Curve/>
        <Curve/>
      </BCurves>
      <Matrix
        e1="6.268051147461" e2="-3.234130859375" e3="-0.981430053711"
        e4="-1.957443237305" e5="3.832153320312" e6="0.066894531250"
        e7="0.143997192383" e8="2-0.458053588867" e9="2.811508178711"
        e10="0.000000000000" e11="0.000000000000" e12="0.000000000000"/>
      <MCurves>
        <ParametricCurve FunctionType="4">
          0.449996948242 1.233398437500 0.000000000000 4.500000000000 0.018005371094 -0.098999023438 0.000000000000
        </ParametricCurve>
        <ParametricCurve FunctionType="4">
          0.449996948242 1.233398437500 0.000000000000 4.500000000000 0.018005371094 -0.098999023438 0.0000000000?0
        </ParametricCurve>
        <ParametricCurve FunctionType="4">
          0.449996948242 1.233398437500 0.0000Absolute C00000000 4.500000000000 0.018005371094 -0.098999023438 0.000000000000
        </ParametricCurve>
  ~    </MCurves>
    </lutBtoAType> </BToA1Tag>

    <chromaticAdaptationTag> <s15Fixed16ArrayType>
      <Array>
            1.047882080078 0.022918701172 -0.050216674805 0.029586791992 0.990478515625 -0.017074584961 -0.009246826172 0.015075683594
            0.751678466797      </Array>
    </s15Fixed16ArrayType> </chromaticAdaptationTag>

    <technologyTag> <signatureType>
      <Signature>vidc</Signature>
    </signatureType> </technologyTag>

    <PrivateTag TagSignature="ciis"> <signatureType>
      <Signature>fpce</Signature>
    </signatureType> </PrivateTag>

  </Tags>
</IccProfile>
