<?xml version="1.0" encoding="UTF-8"?>
<IccProfile>
	<Header>
		<ProfileVersion>5.0</ProfileVersion>
		<ProfileDeviceClass>cenc</ProfileDeviceClass>
		<DataColourSpace>RGB? </DataColourSpace>
	</Header>
	<Tags>
		<utf8TextType>
			<TagSignature>rfnm</TagSignature>
			<TextData>ISO 22028-1</TextData>
		</utf8TextType>
		<utf8TextType>
			<TagSignature>csnm</TagSignature>
			<TextData>sRGB</TextData>
		</utf8TextType>
		<tagStructureType>
			<TagSignature>cept</TagSignature>
			<StructureSignature>ce 29   0  53  41  35   0  51  41  40   0  50  42  47   0  49  42  53   0  48  43  60   0  47  43  68   0  46  44  77   0  45  44  87   0  44  44  98   0  4 43 4 110   0  41  44 124   0  40  43 140   0  40  42 158   0  39  40 178   0  39  38 203   0  39  36 229   0  40  35 245   0  40  34 254   0
          155  37   0   0 136  41   0   0 121  44   0   0 108  45   0   0  98  46   0   0  90  46   0   0  83  46   0   0  77  46   0   0  71  45   0   0  66  45   0   0  62  45   0   0  58  46   5   0  55  46  13   0  52  46  20   0  50  46  27   0  48  46  33   0  47  46  39   0  45  47  45   0  44  47  51   0  43  47  58   0  42  48  66   0  41  48  75   0  40  48  85   0  39  48  96   0  38  48 108   0  37  48 123   0  36  47 139   0  35  46 157   0  34  44 177   0  34  42 202   0  34  40 228   0  35  39 245   0  36  38 254   0
          152  39   0   0 133  44   0   0 118  46   0   0 106  47   0   0  96  48   0   0  87  49   0   0  80  48   0   0  74  48   0   0  68  48   0   0  61  49   0   0  57  50   0   0  53  50   2   0  50  50  10   0  47  51  18   0  45  51  24   0  43  51  31   0  42  51  37   0  40  52  43   0  39  52  49   0  38  52  56   0  37  52  64   0  36  52  7k3   0  35  53  83   0  33  52  94   0  32  52 107   0  31  52 121   0  31  51 138   0  30  50 156   0  29  48 176   0  29  46 201   0  30  44 227   0  30  43 244   0  31  42 254   0
          148  42   0   0 130  46   0   0 115  49   0   0 103  50   0   0  93  51   0   0  84  51   0   0  77  51   0   0  71  51   0   0  64  51   0   0  57  53   0   0  53  53   0   0  48  55   0   0  45  55   7   0  41  56  15   0  39  56  22   0  38  57  28   0  36  57  34   0  35  57  41   0  34  57  47   0  32  57  54   0  31  57  62   0  30  57  71   0  29  57  81   0  28  57  93   0  27  57 105   0  26  56 120   0  25  55 136   0  24  54 154   0  24  52 175   0  24  50 199   0  24  48 226   0  25  47 244   0  26  46 253   0
          144  46   0   0 126  49   0   0 111  51   0   0 100  52   0   0  90  53   0   0  81  53   0   0  74  53   0   0  68  54   0   0  61  55   0   0  55  56   0   0  51  57   0   0  46  58   0   0  40  60   4   0  36  61  12   0  33  62  20   0  32  62  26   0  30  62  32   0  29  62  38   0  28  62  45   0  27  62  52   0  25  62  60   0  24  62  69   0  23  62  79   0  22  62  90   0  21  61 103   0  20  61 118   0  19  60 135   0  18  58 153   0  eobs57 173   0  18  55 198   0  18  53 225   0  20  51 243   0  20  50 253   0
          139  49   0   0 122  52   0   0 108  54   0   0  96  55   0   0  87  55   0   0  78  56   0   0  71  56   0   0 100   0  67   0  98   0  72   0  97   0  77   0  95   0  84   0  94   1  91   0  92   1  99   0  90   2 108   0  88   2 119   0  86   2 131   0  85   1 146   0  83   0 161   0  82   0 179   0  82   0 203   0  81   0 228   0  81   0 243   0  81   0 251   0
          190   5   0   0 166  13   0   0 150  18   0   0 137  20   0   0 126  21   0   0 119  20   0   0 113  19   0   0 110  16   0   0 108  10   6   0 107   5  14   0 104   4  23   0 102   5  30   0  99   6  37   0  98   6  43   0  96   7  48   0  94   7  53   0  93   8  58   0  92   8  63   0  90   8  69   0  89   9  75   0  87   9  81   0  85  10  89   0  83  10  97   0  82  10 107   0  80  11 118   0  78  11 131   0  76  10 146   0  75   9 162   0  74   7 181   0  73   6 203   0  73   4 227   0  73   3 241   0  72   2 249   0
          183  11   0   0 160  20   0   0 144  24   0   0 130  26   0   0 120  27   0   0 112  27   0   0 107  25   0   0 103  23   0   0 100  20   0   0  99  15   8   0  97  13  18   0  94  14  26   0  92  14  32   0  90  14  39   0  88  15  44   0  87  16  50   0  85  16  55   0  84  16  61   0  82  17  66   0  81  17  72   0  79  17  79   0  77  18  87   0  75  18  96   0  73  19 106   0  72  19 117   0  70  19 131   0  68  18 146   0  67  17 163   0  66  16 184   0  65  13 206   0  65  12 229   0  65  11 243   0  65  10 250   0
          176  18   0   0 155  24   0   0 139  29   0   0 125  31   0   0 115  32   0   0 107  31   0   0 102  30   0   0  97  28   0   0  94  26   0   0  92  23   3   0  89  21  13   0  87  21  22   0  85  21  29   0  83  22  35   0  81  22  41   0  79  22  46   0  78  22  52   0  76  23  57   0  75  23  63   0  73  23  69   0  71  24  77   0  70  24  85   0  68  25  94   0  66  25 104   0  65  25 116   0  63  25 129   0  62  24 145   0  60  24 162   0  59  22 182   0  59  20 207   0  59  19 232   0  59  18 246   0  59  17 254   0
          171  23   0   0 151  29   0   0 135  32   0   0 121  35   0   0 111  35   0   0 103  35   0   0  97  35   0   0  92  33   0   0  89  31   0   0  86  29   0   0  83  27   9   0  80  27  18   0  78  27  25   0  76  27  32   0  74  28  38   0  72  28  43   0  70  28  49   0  69  28  54   0  67  29  60   0  66  29  67   0  64  29  74   0  63  30  82   0  61  30  92   0  60  30 102   0  58  30 114   0  57  30 128   0  56  30 144   0  54  29 161   0  54  27 181   0  53  25 206   0  53  24 231   0  53  23 247   0  54  22 255   0
          166  27   0   0 147  32   0   0 131  36   0   0 118  38   0   0 107  39   0   0  99  39   0  tulc 0  93  38   0   0  88  36   0   0  84  34   0   0  80  33   0   0  77  33   6   0  74  32  14   0  71  32  22   0  69  32  29   0  67  32  35   0  65  33  40   0  64  33  46 ( 0  62  33  52   0  61  33  58   0  60  34  64   0  58  34  72   0  57  35  80   0  56  35  90   0  54  35 101   0  53  35 113   0  51  35 126   0  50  34 142   0  49  33 160   0  48  32 180   0  48  30 205   0  48  28 230   0  48  27 246   0  49  27 255   0
          162  31   0   0 143  36   0   0 127  39   0   0 114  40   0   0 104  41   0   0  96  42   0   0  89  41   0   0  84  40   0   0  80  37   0   0  75  37   0   0  71  37   2   0  68  37  11   0  65  37  19   0  63  37  26   0  61  37  32   0  59  37  37   0  58  37  43   0  56  37  49   0  55  38  55   0  54  38  62   0  53  39  70   0  51  39  78   0  50  40  88   0  49  40  99   0  48  40 111   0  46  40 125   0  45  39 141   0  44  38 159   0  44  36 179   0  43  34 204   0  43  32 230   0  44  31 246   0  45  30 255   0
          158  34   0   0 140  38   0   0 124  41   0   0 111  43   0   0 101  44   0   0  93  44   0   0  86  44   0   0  80  43   0   0  75  41   0   0  70  41   0   0  66  41   0   0  63  41   8   0  60  41  16   0  57  41  23   0  55  41  29   0  53  41  35   0  51  41  40   0  50  42  47   0  49  42  53   0  48  43  60   0  47  43  68   0  46  44  77   0  45  44  87   0  44  44  98   0  4 43 4 110   0  41  44 124   0  40  43 140   0  40  42 158   0  39  40 178   0  tmap38 203   0  39  36 229   0  40  35 245   0  40  34 254   0
          155  37   0   0 136  41   0   0 121  44   0   0 108  45   0   0  98  46   0   0  90  46   0   0  83  46   0   0  77  46   0   0  71  45   0   0  66  45   0   0  62  45   0   0  58  46   5   0  55  46  13   0  52  46  20   0  50  46  27   0  48  46  33   0  47  46  39   0  45  47  45   0  44  47  51   0  43  47  58   0  42  48  66   0  41  48  75   0  40  48  85   0  39  48  96   0  38  48 108   0  37  48 123   0  36  47 139   0  35  46 157   0  34  44 177   0  34  42 202   0  34  40 228   0  35  39 245   0  36  38 254   0
          152  39   0   0 133  44   0   0 118  46   0   0 106  47   0   0  96  48   0   0  87  49   0   0  80  48   0   0  74  48   0   0  68  48   0   0  61  49   0   0  57  50   0   0  53  50   2   0  50  50  10   0  47  51  18   0  45  51  24   0  43  51  31   0  42  51  37   0  40  52  43   0  39  52  49   0  38  52  56   0  37  52  64   0  36  52  7k3   0  35  53  83   0  33  52  94   0  32  52 107   0  31  52 121   0  31  51 138   0  30  50 156   0  29  48 176   0  29  46 201   0  30  44 227   0  30  43 244   0  31  42 254   0
          148  42   0   0 130  46   0   0 115  49   0   0 103  50   0   0  93  51   0   0  84  51   0   0  77  51   0   0  71  51   0   0  64  51   0   0  57  53   0   0  53  53   0   0  48  55   0   0  45  55   7   0  41  56  15   0  39  56  22   0  38  57  28   0  36  57  34   0  35  57  41   0  34  57  47   0  32  57  54   0  31  57  62   0  30  57  71   0  29  57  81   0  28  57  93   0  27  57 105   0  26  56 120   0  25  55 136   0  24  54 154   0  24  52 175   0  24  50 199   0  24  48 226   0  25  47 244   0  26  46 253   0
          144  46   0   0 126  49   0   0 111  51   0   0 100  52   0   0  90  53   0   0  81  53   0   0  74  53   0   0  68  54   0   0  61  55   0   0  55  56   0   0  51  57   0   0  46  58   0   0  40  60   4   0  36  61  12   0  33  62  20   0  32  62  26   0  30  62  32   0  29  62  38   0  28  62  45   0  27  62  52   0  25  62  60   0  24  62  69   0  23  62  79   0  22  62  90   0  21  61 103   0  20  61 118   0  19  60 135   0  18  58 153   0  18  57 173   0  18  55 198   0  18  53 225   0  20  51 243   0  20  50 253   0
          139  49   0   0 122  52   0   0 108  54   0   0  96  55   0   0  87  55   0   0  78  56   0   0  71  56   0   0  65  56   0   0  58  58   0   0  53  59   0   0  48  60   0   0  43  62   0   0  37  64   1   0  30  67   9   0  27  68  17   0  25  68  23   0  24  68  30   0  22  68  36   0  21  68  42   0  20  68  49   0  19  68  57   0  17  68  66   0  16  68  76   0  14  68  88   0  13  67 101   0  12  66 115   0  11  65 131   0  10  64 150   0  10  62 170   0  10  60 193   0  10  58 220   0  12  56 239   0  13  55 250   0
          134  53   0   0 117  55   0   0 104  57   0   0  93  58   0   0  83  58   0   0  75  58   0   0  69  59   0   0  62  59   0   0  56  61   0   0  51  62   0   0  45  64   0   0  40  66   0   0  33  69   0   0  26  72   5   0  19  75  13   0  17  75  20   0  16  75  26   0  14  75  33   0  12  75  39   0  11  75  46   0  10  75  54   0   9  74  63   0   7  74  73   0   6  74  84   0   5  73  97   0   4  72 111   0   2  71 127   0   2  69 145   0   1  68 165   0   1  66 187   0   3  64 212   0   4  62 233   0   5  61 244   0
          129  57   0   0 113  59   0   0 100  60   0   0  89  61   0   0  80  61   0   0  73  61   0   0  66  62   0   0  60  63   0   0  54  65   0   0  48  67   0   0  42  69   0   0  36  72   0   0  29  75   0   0  22  78   1   0  13  81   9   0   8  82  17   0   6  82  23   0   5  82  30   0   3  81  36   0   2  81  43   0   1  81  50   0   0  81  59   0   0  81  69   0   0  80  80   0   0  80  93   0   0  79 107   0   0  78 123   0   0  77 141   0   0  74 161   0   0  73 182   0   0  70 207   0   0  69 230   0   0  67 241   0
          123  61   0   0 108  63   0   0  96  64   0   0  86  64   0      0   0 106  54   0   0 106  65   0   0 105  77   0   0 105  92   0   0 103 108   0   0 102 127   0   0 100 148   0   0  99 169   0   0  96 194   0   0  95 220   0   0  94 235   0
          105  75   0   0  94  75   0   0  85  75   0   0  78  75   0   0  73  75   0   0  64  78   0   0  56  83   0   0  47  87   0   0  39  91   0   0  32  94   0   0  24  97   0   0  16 100   0   0   8 103   0   0   0 106   0   0   0 109   0   0   0 110   4   0   0 111   9   0   0 112  14   0   0 113  19   0   0 114  24   0   0 115  31   0   0 116  38   0   0 117  47   0   0 117  58   0   0 117  70   0   0 116  85   0   0 115 102   0   0 114 120   0   0 112 141   0   0 110 163   0   0 109 188   0   0 106 212   0   0 105 231   0
          100  80   0   0  90  80   0   0  83  80   0   0  78  79   0   0  182   0 151   0 180   0 166   0 177   0 185   0 175   0 215   0 173   0 247   0 172   0 255   0 170   0 255   0 167   0 255   0 164   0 255   0
          255   0   0   0 255   0   0   0 255   0   0   0 241   0   2   0 228   0  10   0 216   0  19   0 209   0  28   0 202   0  36   0 198   0  44   0 195   0  51   0 194   0  58   0 192   0  64   0 190   0  71   0 188   0  76   0 186   0  81   0 184   0  85   0 182   0  89   0 179   0  94   0 177   0  98   0 175   0 103   0 173   0 108   0 171   0 115   0 169   0 124   0 166   0 134   0 164   0 145   0 162   0 159   0 160   0 176   0 158   0 201   0 157   0 236   0 156   0 255   0 156   0 255   0 155   0 255   0 153   0 255   0
          255   0   0   0 253   0   0   0 237   0   0   0 221   0   0   0 203   0   6   0 194   0  15   0 186   0  24   0 182   0  32   0 179   0  40   0 177   0  47   0 175   0  53   0 172   0  59   0 171   0  65   0 168   0  71   0 166   0  75   0 164   0  80   0 163   0  84   0 161   0  88   0 160   0  93   0 159   0  98   0 157   0 103   0 156   0 109   0 154   0 118   0 152   0 127   0 150   0 138   0 148   0 151   0 146   0 167   0 144   0 189   0 143   0 223   0 142   0 249   0 141   0 255   0 140   0 255   0 140   0 255   0
          255   0   0   0 238   0   0   0 216   0   0   0 196   0   0   0 184   0   2   0 174   0  11   0 169   0  19   0 165   0  27   0 162   0  35   0 158   0  42   0 157   0  49   0 156   0  55   0 155   0  60   0 154   0  65   0 152   0  70   0 151   0  75   0 149   0  79   0 148   0  83   0 147   0  88   0 145   0  93   0 144   0  98   0 142   0 104   0 141   0 112   0 139   0 121   0 137   0 132   0 135   0 145   0 133   0 159   0 131   0 179   0 130   0 207   0 128   0 238   0 128   0 255   0 127   0 255   0 127   0 255   0
          241   0   0   0 219   0   0   0 196   0   0   0 178   0   0   0 167   0   0   0 159   0   6   0 154   0  14   0 150   0  23   0 147   0  30   0 145   0  37   0 144   0  44   0 142   0  50   0 142   0  55   0 141   0  60   0 139   0  65   0 138   0  69   0 136   0  74   0 135   0  78   0 134   0  83   0 132   0  88   0 131   0  93   0 129   0  99   0 128   0 106   0 125   0 116   0 123   0 126   0 121   0 139   0 120   0 153   0 118   0 171   0 117   0 195   0 116   0 226   0 115   0 248   0 115   0 255   0 114   0 255   0
          226   0   0   0 198   0   0   0 177   0   0   0 164   0   0   0 154   0   0   0 147   0   2   0 141   0  10   0 137   0  18   0 135   0  26   0 133   0  32   0 131   0  39   0 130   0  45   0 129   0  50   0 128   0  55   0 127   0  60   0 125   0  64   0 124   0  69   0 123   0  73   0 121   0  78   0 120   0  83   0 119   0  89   0 117   0  95   0 115   0 102   0 113   0 111   0 111   0 121   0 110   0 134   0 108   0 148   0 106   0 165   0 105   0 185   0 104   0 212   0 103   0 241   0 103   0 255   0 103   0 255   0
          209   0   0   0 183   0   0   0 164   0   0   0 151   0   0   0 142   0   0   0 135   0   0   0 130   0   6   0 126   0  13   0 124   0  21   0 122   0  28   0 120   0  34   0 119   0  40   0 118   0  46   0 117   0  51   0 116   0  55   0 114   0  60   0 113   0  64   0 111   0  69   0 110   0  74   0 108   0  79   0 107   0  84   0 105   0   1 9 0 104   0  98   0 102   0 107   0 100   0 117   0  98   0 129   0  97   0 144   0  96   0 159   0  94   0 178   0  93   0 204   0  93   0 233   0  92   0 249   0  92   0 255   0
          195   0   0   0 171   0   0   0 154   0   0   0 141   0   0   0 131   1   0   0 124   0   0   0 121   0   0   0 117   0   8   0 115   0  16   0 113   0  23   0 111   0  29   0 109   0  35   0 108   0  41   0 106   0  46   0 105   0  51   0 104   0  56   0 102   0  60   0 101   0  64   0 100   0  70   0  99   0  75   0  97   0  81   0  96   0  87   0  94   0  95   0  92   0 104   0  91   0 114   0  89   0 126   0  87   0 140   0  86   0 155   0  85   0 173   0  84   0 198   0  83   0 225   0  83   0 243   0  83   0 253   0
          185   0   0   0 163   1   0   0 146   6   0   0 133   9   0   0 123  10   0   0 116   9   0   0 111   7   0   0 109   2   3   0 107   0  11   0 104   0  18   0 103   0  24   0 101   0  31   0  99   0  37   0  98   0  42   0  96   0  47   0  95   0  52   0  94   0  56   0  92   0  61   0  91   0  66   0  90   0  71   0  88   0  77   0  87   0  84   0  85   0  92   0  83   0 101   0  82   0 112   0  80   0 124   0  78   0 138   0  77   0 153   0  76   0 171   0  75   0 193   0  74   0 219   0  74   0 238   0  75   0 251   0
          175   2   0   0 155   9   0   0 139  13   0   0 126  17   0   0 116  17   0   0 109  17   0   0 104  16   0   0 100  12   0   0  99   8   4   0  97   3  12   0  96   0  19   0  94   0  26   0  92   0  32   0  90   1  38   0  88   1  43   0  87   1  48   0  85   2  53   0  84   2  58   0  83   2  63   0  81   3  68   0  80   3  75   0  78   4  82   0  77   4  90   0  75   5 100   0  73   5 110   0  71   5 123   0  70   5 137   0  69   4 153   0  67   2 170   0  67   1 190   0  66   0 217   0  66   0 236   0  66   0 246   0
          168   9   0   0 149  16   0   0 133  20   0   0 120  22   0   0 110  23   0   0 103  23   0   0  97  22   0   0  94  20   0   0  91  17   0   0  90  12   6   0  89   8  14   0  86   7  22   0  84   8  28   0  82   8  34   0  81   9  40   0  79   9  45   0  78   9  50   0  76  10  55   0  75  10  60   0  74  11  66   0  72  11  73   0  70  12  81   0  69  12  89   0  67  13  99   0  65  13 110   0  63  13 123   0  62  12 138   0  61  12 154   0  60  10 172   0  59   8 192   0  59   6 216   0  59   4 234   0  59   4 245   0
          163  14   0   0 144  20   0   0 128  24   0   0 115  26   0   0 105  27   0   0  98  28   0   0  92  26   0   0  88  24   0   0  85  22   0   0  83  20   1   0  81  16   8   0  80  14  17   0  77  15  24   0  75  16  30   0  74  16  36   0  72  16  42   0  70  17  47   0  69  17  52   0  68  17  58   0  66  18  64   0  65  18  71   0  63  19  79   0  61  19  88   0  60  20  98   0  58  20 109   0  56  20 122   0  55  20 138   0  54  19 154   0  53  17 174   0  52  14 197   0  52  13 220   0  52  12 236   0  52  11 246   0
          158  18   0   0 139  24   0   0 124  28   0   0 111  30   0   0 101  31   0   0  94  31   0   0  88  30   0   0  83  29   0   0  80  27   0   0  77  25   0   0  75  23   4   0  72  22  13   0  70  21  21   0  68  22  27   0  66  22  33   0  65  22  38   0  63  22  44   0  62  23  49   0  61  23  55   0  59  23  61   0  58  24  68   0  56  24  76   0  55  25  86   0  53  25  96   0  52  25 108   0  50  25 121   0  49  25 136   0  48  24 153   0  47  22 172   0  46  20 195   0  46  19 222   0  47  17 240   0  47  0   0  83 167   0   0  81 193   0   0  79 219   0
           76  56   0   0  66  56   0   0  59  56   0   0  54  55   0   0  51  54   0   0  45  56   0   0  38  60   0   0  30  64   0   0  23  68   0   0  16  71   0   0   9  75   0   0   3  78   0   0   0  81   0   0   0  84   0   0   0  86   0   0   0  89   0   0   0  90   1   0   0  92   4   0   0  93   8   0   0  95  12   0   0  97  17   0   0  99  23   0   0 101  30   0   0 103  39   0   0 103  49   0   0 103  62   0   0 102  76   0   0 101  94   0   0  99 114   0   0  97 137   0   0  95 161   0   0  93 187   0   0  92 214   0
           71  60   0   0  64  60   0   0  58  59   0   0  55  58   0   0  49  60   0   0  41  64   0   0  33  68   0   0  25  73   0   0  17  78   0   0   9  82   0   0   2  85   0   0   0  88   0   N2S20   0  91   0   0   0  94   0   0   0  97   0   0   0  99   0   0   0 100   0   0   0 102   0   0   0 104   3   0   0 105   7   0   0 107  12   0   0 109  18   0   0 111  24   0   0 114  33   0   0 117  43   0   0 116  55   0   0 115  70   0   0 114  88   0   0 113 107   0   0 111 130   0   0 108 155   0   0 106 180   0   0 105 206   0
           69  64   0   0  63  63   0   0  60  62   in  0  54  64   0   0  45  69   0   0  36  74   0   0  28  79   0   0  19  84   0   0  10  89   0   0   1  93   0   0   0  96   0   0   0  99   0   0   0 102   0   0   0 105   0   0   0 108   0   0   0 110   0   0   0 112   0   0   0 114   0   0   0 116   0   0   0 118   1   0   0 120   5   0   0 122  10   0   0 124  17   0   0 127  25   0   0 131  35   0   0 134  47   0   0 133  62   0   0 132  79   0   0 130  99   0   0 128 121   0   0 125 146   0   0 123 170   0   0 121 194   0
           68  69   0   0  65  67   0   0  60  68   0   0  50  74   0   0  41  80   0   0  31  86   0   0  22  91   0   0  11  96   0   0   3 101   0   0   0 105   0   0   0 109   0   0   0 111   0   0   0 114   0   0   0 117   0   0   0 120   0   0   0 123   0   0   0 125   0   0   0 127   0   0   0 129   0   0   0 132   0   0   0 134   0   0   0 137   3   0   0 140   8   0   0 143  17   0   0 147  26   0   0 151  37   0   0 154  52   0   0 152  69   0   0 150  89   0   0 148 111   0   0 146 135   0   0 143 159   0   0 141 180   0
           71  72   0   0  66  73   0   0  56  79   0   0  46  85   0   0  36  92   0   0  25  99   0   0  15 104   0   0   5 109   0   0   0 114   0   0   0 118   0   0   0 122   0   0   0 125   0   0   0 128   0   0   0 131   0   0   0 134   0   0   0 136   0   0   0 139   0   0   0 141   0   0   0 143   0   0   0 145   0   0   0 148   0   0   0 150   0   0   0 154   1   0   0 157   8   0   0 161  18   0   0 166  29   0   0 171  43   0   0 173  60   0   0 171  81   0   0 168 102   0   0 166 125   0   0 163 149   0   0 161 170   0
           73  78   0   0  63  85   0   0  53  91   0   0  42  98   0   0  31 106   0   0  20 112   0   0   8 119   0   0   0 124   0   0   0 129   0   0   0 133   0   0   0 137   0   0   0 140   0   0   0 142   0   0   0 145   0   0   0 147   0   0   0 149   0   0   0 151   0   0   0 153   0   0   0 156   0   0   0 158   0   0   0 161   0   0   0 164   0   0   0 167   0   0   0 172   0   0   0 176   9   0   0 182  20   0   0 189  34   0   0 196  51   0   0 195  71   0   0 192  93   0   0 189 116   0   0 184 139   0   0 182 160   0
          255   0   0   0 252   0   0   0 247   0   0   0 244   0   1   0 243   0   8   0 231   0  17   0 227   0  25   0 223   0  34   0 221   0  41   0 219   0  49   0 218   0  55   0 217   0  61   0 216   0  67   0 214   0  72   0 211   0  77   0 208   0  81   0 206   0  86   0 203   0  90   0 200   0  94   0 197   0  99   0 193   0 105   0 190   0 113   0 186   0 122   0 183   0 132   0 180   0 145   0 177   0 160   0 175   0 181   0 174   0 214   0 172   0 251   0 163   0 255   0 156   0 255   0 151   0 255   0 148   0 255   0
          253   0   0   0 244   0   0   0 238   0   0   0 234   0   0   0 216   0   4   0 208   0  12   0 202   0  21   0 198   0  29   0 196   0  37   0 195   0  44   0 193   0  50   0 190   0  56   0 187   0  62   0 185   0  67   0 181   0  72   0 179   0  77   0 177   0  81   0 175   0  85   0 174   0  89   0 172   0  94   0 170   0 100   0 168   0 106   0 166   0 115   0 163   0 126   0 161   0 138   0 158   0 152   0 156   0 171   0 154   0 199   0 152   0 238   0 147   0 255   0 143   0 255   0 140   0 255   0 137   0 255   0
          245   0   0   0 235   0   0   0 224   0   0   0 205   0   0   0 192   0   0   0 184   0   8   0 179   0  17   0 176   0  25   0 172   0  32   0 167   0  39   0 166   0  45   0 166   0  51   0 165   0  57   0 165   0  62   0 164   0  66   0 162   0  71   0 160   0  75   0 159   0  79   0 157   0  84   0 156   0  89   0 154   0  94   0 152   0 100   0 150   0 107   0 148   0 118   0 146   0 130   0 144   0 144   0 142   0 161   0 139   0 186   0 138   0 224   0 135   0 255   0 129   0 255   0 126   0 255   0 124   0 255   0
          234   0   0   0 223   0   0   0 198   0   0   0 180   0   0   0 170   0   0   0 164   0   5   0 159   0  12   0 153   0  20   0 151   0  27   0 150   0  34   0 149   0  40   0 149   0  46   0 148   0  52   0 148   0  57   0 147   0  61   0 145   0  65   0 144   0  69   0 142   0  74   0 141   0  78   0 139   0  83   0 138   0  88   0 136   0  94   0 134   0 101   0 132   0 110   0 130   0 123   0 128   0 136   0 126   0 152   0 124   0 174   0 123   0 205   0 121   0 251   0 118   0 255   0 115   0 255   0 113   0 255   0
          222   0   0   0 194   0   0   0 174   0   0   0 161   0   0   0 153   0   0   0 146   0   0   0 139   0   8   0 137   0  16   0 135   0  23   0 134   0  29   0 132   0  35   0 132   0  41   0 132   0  46   0 131   0  51   0 131   0  56   0 130   0  60   0 128   0  64   0 127   0  68   0 126   0  72   0 124   0  77   0 123   0  83   0 121   0  89   0 120   0  96   0 118   0 104   0 116   1 115   0 114   0 129   0 112   0 144   0 111   0 164   0 109   0 190   0 107   0 238   0 106   0 255   0 104   0 255   0 103   0 255   0
          199   0   0   0 174   0   0   0 157   0   0   0 145   0   0   0 137   0   0   0 129   0   0   0 124   0   4   0 121   0  11   0 120   0  19   0 119   0  25   0 118   0  31   0 117   0  36   0 117   0  41   0 117   0  46   0 116   0  51   0 115   0  55   0 114   0  59   0 113   0  63   0 111   0  67   0 110   0  72   0 109   0  77   0 107   0  84   0 106   0  91   0 104   0  99   0 103   0 109   0 101   0 123   0  99   0 137   0  98   0 156   0  97   0 178   0  95   0 223   0  94   0 253   0  93   0 255   0  92   0 255   0
          179   0   0   0 157   0   0   0 143   0   0   0 131   0   0   0 121   0   0   0 115   0   0   0 111   0   0   0 109   0   7   0 107   0  14   0 106   0  20   0 105   0  26   0 104   0  32   0 104   0  37   0 103   0  41   0 103   0  46   0 103   0  50   0 102   0  54   0 100   0  58   0  99   0  62   0  98   0  67   0  97   0  72   0  95   0  79   0  94   0  86   0  92   0  94   0  91   0 103   0  89   0 117   0  87   0 131   0  86   0 149   0  85   0 169   0  83   0 206   0  82   0 242   0  82   0 255   0  82   0 255   0
          166   0   0   0 146   0   0   0 132   0   0   0 118   0   0   0 110   0   0   0 104   0   0   0 100   0   0   0  98   0   4   0  96   0  10   0  94   0  16   0  94   0  22   0  93   0  27   0  93   0  32   0  92   0  37   0  92   0  41   0  92   0  45   0  90   0  49   0  89   0  53   0  88   0  58   0  87   0  63   0  85   0  68   0  84   0  74   0  83   0  81   0  81   0  90   0  80   0  99   0  78   0 112   0  77   0 126   0  75   0 143   0  74   0 164   0  72   0 193   0  72   0 230   0  71   0 254   0  71   0 255   0
          154   0   0   0 137   0   0   0 121   0   0   0 109   0   0   0 101   0   0   0  95   0   0   0  91   0   0   0  88   0   1   0  86   0   6   0  85   0  12   0  84   0  18   0  83   0  23   0  82   0  28   0  82   0  32   0  81   0  37   0  81   0  41   0  80   0  45   0  79   0  49   0  78   0  53   0  77   0  58   0  75   0  64   0  74   0  70   0  73   0  77   0  71   0  86   0  70   0  95   0  68   0 108   0  67   0 121   0  65   0 138   0  64   0 159   0  63   0 182   0  62   0 216   0  62   0 245   0  62   0 255   0
          147   0   0   0 128   0   0   0 112   0   0   0 102   0   0   0  93   1   0   0  86   1   0   0  82   0   0   0  79   0   0   0  78   0   3   0  76   0   9   0  75   0  14   0  74   0  19   0  73   0  24   0  73   0  28   0  72   0  33   0  72   0  37   0  71   0  41   0  69   0  45   0  68   0  50   0  67   0  54   0  66   0  60   0  64   0  66   0  63   0  74   0  62   0  82   0  61   0  92   0  59   0 104   0  58   0 118   0  57   0 133   0  55   0 153   0  55   0 175   0  54   0 203   0  54   0 235   0  54   0 252   0
          139   0   0   0 122   0   0   0 106   4   0   0  95   6   0   0  87   7   0   0  80   7   0   0  75   6   0   0  72   4   0   0  70   2   0   0  68   0   5   0  67   0  10   0  66   0  16   0  65   0  20   0  64   0  25   0  63   0  29   0  63   0  33   0  62   0  38   0  61   0  42   0  60   0  46   0  59   0  51   0  58   0  57   0  56   0  63   0  55   0  71   0  54   0  79   0  53   0  89   0  51   0 101   0  50   0 114   0  49   0 131   0  48   0 149   0  47   0 169   0  47   0 194   0  46   0 224   0  46   0 244   0
          133   0   0   0 115   4   0   0 102   8   0   0  90  10   0   0  81  12   0   0  74  12   0   0  69  11   0   0  65  10   0   0  63   8   0   0  61   5   2   0  60   2   7   0  59   0  11   0  5 6   0  85   0  12   0  84   0  18   0  83   0  23   0  82   0  28   0  82   0  32   0  81   0  37   0  81   0  41   0  80   0  45   0  79   0  49   0  78   0  53   0  77   0  58   0  75   0  64   0  74   0  70   0  73   0  77   0  71   0  86   0  70   0  95   0  68   0 108   0  67   0 121   0  65   0 138   0  64   0 159   0  63   0 182   0  62   0 216   0  62   0 245   0  62   0 255   4
          147   0   0   0 128   0   0   0 112   0   0   0 102   0   0   0  93   1   0   0  86   1   0   0  82   0   0   0  79   0   0   0  78   0   3   0  76   0   9   0  75   0  14   0  74   0  19   0  73   0  24   0  73   0  28   0  72   0  33   0  72   0  37   0  71   0  41   0  69   0  45   0  68   0  50   0  67   0  54   0  66   0  60   0  64   0  66   0  63   0  74   0  62   0  82   0  61   0  92   0  59   0 104   0  58   0 118   0  57   0 133   0  55   0 153   0  55   0 175   0  54   0 203   0  54   0 235   0  54   0 252   0
          139   0   0   0 122   0   0   0 106   4   0   0  95   6   0   0  87   7   0   0  80   7   0   0  75   6   0   0  72   4   0   0  70   2   0   0  68   0   5   0  67   0  10   0  66   0  16   0  65   0  20   0  64   0  25   0  63   0  29   0  63   0  33   0  62   0  38   0  61   0  42   0  60   0  46   0  59   0  51   0  58   0  57   0  56   0  63   0  55   0  71   0  54   0  79   0  53   0  89   0  51   0 101   0  50   0 114   0  49   0 131   0  48   0 149   0  47   0 169   0  47   0 194   0  46   0 224   0  46   0 244   0
          133   0   0   0 115   4   0   0 102   8   0   0  90  10   0   0  81  12   0   0  74  12   0   0  69  11   0   0  65  10   0   0  63   8   0   0  61   5   2   0  60   2   7   0  59   0  11   0  58   0  17   0  57   0  21   0  56   0  26   0  55   0  30   0  55   0  34   0  53   0  39   0  52   0  43   0  51   0  48   0  50   0  54   0  49   0  61   0  48   0  68   0  47   0  77   0  45   0  88   0  44   0  99   0  43   0 112   0  42   0 128   0  41   0 145   0  40   0 165   0  40   0 186   0  40   0 212   0  40   0 236   0
          128   3   0   0 110   9   0   0  97  11   0   0  86  14   0   0  77  16   0   0  70  16   0   0  64  16   0   0  60  14   0   0  57  13   0   0  55  11   0   0  54   8   3   0  53   6   8   0  52   3  13   0  51   2  18   0  50   1  22   0  49   0  27   0  48   0  31   0  47   0  36   0  45   0  40   0  44   1  46   0  43   1  51   0  42   2  58   0  41   2  66   0  40   3  75   0  39   3  86   0  37   4  98   0  36   3 111   0  35   3 126   0  34   1 143   0  34   0 161   0  33   0 181   0  34   0 208   0  34   0 232   0
          123   6   0   0 106  12   0   0  94  15   0   0  82  17   0   0  73  19   0   0  66  19   0   0  60  19   0   0  56  18   0   0  52  17   0   0  50  15   0   0  48  13   1   0  47  11   4   0  46   8   9   0  46   6  13   0  44   6  19   0  43   5  24   0  41   5  28   0  40    eq if { 1 1 1 sub(3) abs(3) 0.00001 0.00001 0.00001 lt(3) } 
else { 0 0 0 eq(3) }
sum(3)
3 eq
tput(22)

1 2 3 4
5 6 7 8
tran(2,4)
1 5
2 6
3 7
4 8
eq(8) and(8)
tput(23)

2 3 4 5
prod(4)
120 eq
tput(24)

5 3 1 2 4
min(5)
1 eq
tput(25)

1 3 5 4 2
max(5)
5 eq
tput(26)

1 1 1 1 1
and(5)
tput(27)

0 0 1 0 0
or(5)
tput(28)

pi 
3.1415 sub abs 
0.1 lt
tput(29)

+INF
1.0E35 gt
tput(30)

-INF
-1.0E35 lt
tput(31)

NaN NaN eq
tput(32)

1 2 3 4
-1 -2 -3 -4
add(4)
sum(4)
0 eq
tput(33)

1 2 3 4 1 2 3 4
sub(4)
sum(4)
0 eq
tput( 17   0  57   0  21   0  56   0  26   0  55   0  30   0  55   0  34   0  53   0  39   0  52   0  43   0  51   0  48   0  50   0  54   0  49   0  61   0  48   0  68   0  47   0  77   0  45   0  88   0  44   0  99   0  43   0 112   0  42   0 128   0  41   0 145   0  40   0 165   0  40   0 186   0  40   0 212   0  40   0 236   0
          128   3   0   0 110   9   0   0  97  11   0   0  86  14   0   0  77  16   0   0  70  16   0   0  64  16   0   0  60  14   0   0  57  13   0   0  55  11   0   0  54   8   3   0  53   6   8   0  52   3  13   0  51   2  18   0  50   1  22   0  49   0  27   0  48   0  31   0  47   0  36   0  45   0  40   0  44   1  46   0  43   1  51   0  42   2  58   0  41   2  66   0  40   3  75   0  39   3  86   0  37   4  98   0  36   3 111   0  35   3 126   0  34   1 143   0  34   0 161   0  33   0 181   0  34   0 208   0  34   0 232   0
          123   6   0   0 106  12   0   0  94  15   0   0  82  17   0   0  73  19   0   0  66  19   0   0  60  19   0   0  56  18   0   0  52  17   0   0  50  15   0   0  48  13   1   0  47  11   4   0  46   8   9   0  46   6  13   0  44   6  19   0  43   5  24   0  41   5  28   0  40    eq if { 1 1 1 sub(3) abs(3) 0.00001 0.00001 0.00001 lt(3) } 
else { 0 0 0 eq(3) }
sum(3)
3 eq
tput(22)

1 2 3 4
5 6 7 8
tran(2,4)
1 5
2 6
3 7
4 8
eq(8) and(8)
tput(23)

2 3 4 5
prod(4)
120 eq
tput(24)

5 3 1 2 4
min(5)
1 eq
tput(25)

1 3 5 4 2
max(5)
5 eq
tput(26)

1 1 1 1 1
and(5)
tput(27)

0 0 1 0 0
or(5)
tput(28)

pi 
3.1415 sub abs 
0.1 lt
tput(29)

+INF
1.0E35 gt
tput(30)

-INF
-1.0E35 lt
tput(31)

NaN NaN eq
tput(32)

1 2 3 4
-1 -2 -3 -4
add(4)
sum(4)
0 eq
tput(33)

1 2 3 4 1 2 3 4
sub(4)
sum(4)
0 eq
tput(34)

2 4 6 8
0.5 0.5 0.5 0.5
mul(4)
1 2 3 4
sub(4)
sum(4)
0 eq
tput(35)

2 4 6 8
2 2 2 2
div(4)
1 2 3 4
sub(4)
sum(4)
0 eq
tput(36)

5 11 3.25 2 4 1
mod(3)
1 3 0.25
sub(3)
sum(3)
0 eq
tput(37)

2 2 2 2
2 3 4 5
pow(4)
4 8 16 32
sub(4)
sum(4)
0 eq
tput(38)

2 3 4 2
gama(3)
4 9 16
sub(3)
sum(3)
0 eq
tput(39)

2 3 4 2
sadd(3)
4 5 6
sub(3)
sum(3)
0 eq
tput(40)

3 4 5 2
ssub(3)
1 2 3
sub(3)
sum(3)
0 eq
tput(41)

2 3 4 2
smul(3)
4 6 8
sub(3)
sum(3)
0 eq
tput(42)

2 4 8 2
sdiv(3)
1 2 4
sub(3)
sum(3)
0 eq
tput(43)

2 3 4
sq(3)
4 9 16
sub(3)
sum(3)
0 eq
tput(44)

4 9 16
sqrt(3)
2 3 4
sub(3)
sum(3)
0 eq
tput(45)

2 3 4
cb(3)
8 27 64
sub(3)
sum(3)
0 eq
tput(46)

8 27 64
cbrt(3)
2 3 4
sub(3)
sum(3)
0 eq
tput(47)

2 3 4
cb(3)
8 27 64
sub(3)
sum(3)
0 eq
tput(48)

8 27 64
cbrt(3)
2 3 4
sub(3)
sum(3)
0 eq
tput(49)

1 -2 3 -4 5
absFs0(5)
sum(5)
15 eq
tput(50)

1 2 3 4
neg(4)
-1 -2 -3 -4
sub(4)
sum(pt</StructureSignature>
			<MemberTags>
				<float32NumberType>
					<TagSignature>bXYZ</TagSignature>
					<Data>0.15 0.06</Data>
				</float32NumberType>
				<float32NumberType>
					<TagSignature>gXYZ</TagSignature>
					<Data>0.30 0.60</Data>
				</float32NumberType>
				<float32NumberType>
					<TagSignature>rXYZ</TagSignature>
					<Data>0.64 0.33</Data>
				</float32NumberType>
				<segmentedCurveType>
					<TagSignature>func</TagSignature>
					<SegmentedCurve>
						<FormulaSegment Start="-inf" End="0srpc.0031308" FunctionType="0">1.0 12.92 0 0</FormulaSegment>
						<FormulaSegment Start="0.0031308" End="+inf" FunctionType="0">0.41666666666666666666667 1.1371189658248803997310804071743 0 -0.055</FormulaSegment>
					</SegmentedCurve>
				</segmentedCurveType>
				<float32NumberType>
					<TagSignature>wlum</TagSignature>
					<Data>80</Data>
				</float32NumberType>
				<float32NumberType>
					<TagSignature>wXYZ</TagSignature>
					<Data>0.3127 0.3290</Data>
				</float32NumberType>
				<float32NumberType>
					<TagSignature>eRng</TagSignature>
		&lt;			<Data>0 1</Data>
				</float32NumberType>
				<uInt8NumberType>
					<TagSignature>bits</TagSignature>
					<Data>0 8 16</Data>
				</uInt8NumberType>
				<signatureType>
					<TagSignature>imst</TagSignature>
					<Signature>dorc</Signature>
				</signatureType>
				<float32NumberType>
					<TagSignature>ibkg</TagSignature>
					<Data>16</Data>
				</float32NumberType>
				<float32NumberType>
					<TagSignature>srnd</TagSignature>
					<Data>4.1</Data>
				</float32NumberType>
				<float32NumberType>
					<TagSignature>ailm</TagSignature>
					<Data>64</Data>
				</float32NumberType>
				<float32NumberType>
					<TagSignature>mwpl</TagSignature>
					<Data>80</Data>
				</float32NumberType>
				<float32NumberType>
					<TagSignature>mwpc</TagSignature>
					<Data>0.3127 0.3290</Data>
				</float32NumberType>
				<float32NumberType>
					<TagSignature>mbpl</TagSignature>
					<Data>80</Data>
				</float32NumberType>
				<float32NumberType>
					<TagSignature>mbpc</TagSignature>
					<Data>0.3127 0.3290</Data>
				</float32NumberType>
			</MemberTags>
		</tagStructureType>
	</Tags>	
</IccProfile>
