<?xml version="1.0" encoding="UTF-8"?>
<IccProfile>
  <Header>
    <PreferredCMMType></PreferredCMMType>
    <ProfileVersion>5.00</ProfileVersion>
    <ProfileDeviceClass>link</ProfileDeviceClass>
    <DataColourSpace>GRAY</DataColourSpace>
    <PCS>GRAY</PCS>
    <CreationDateTime>now</CreationDateTime>
    <ProfileFlags EmbeddedInFile="true" UseWithEmbeddedDataOnly="false"/>
    <DeviceAttributes ReflectiveOrTransparency="reflective" GlossyOrMatte="glossy" MediaPolarity="positive" MediaColour="colour"/>
    <RenderingIntent>Relative Colorimetric</RenderingIntent>
    <PCSIlluminant>
      <XYZNumber X="0.84127808" Y="1.00000000" Z="0.96372986"/>
    </PCSIlluminant>
    <ProfileCreator></ProfileCreator>
    <ProfileID>DBCAE0DE4318E1AD0D2F70F71CFB2463</ProfileID>
  <ProfileDeviceSubClass>GSDF</ProfileDeviceSubClass>
  </Header>
  <Tags>
    <multiLocalizedUnicodeType>
      <TagSignature>desc</TagSignature>
      <LocalizedText LanguageCountry="enUS"><![CDATA[Grayscale GSD5
								 546.608829 546.995217 547.381689 547.768247 548.154888 548.541614 548.928424 549.315317 549.702295 550.089356 550.476501 550.863729 551.251041 551.638436 552.025914 552.413476
								 552.801120 553.188846 553.576656 553.964548 554.352522 554.740579 555.128718 555.516939 555.905242 556.293627 556.682093 557.070642 557.459271 557.847982 558.236774 558.625648
								 559.014602 559.403637 559.792753 560.181950 560.571227 560.960585 561.350023 561.739541 562.129140 562.518818 562.908576 563.298414 563.688331 564.078328 564.468404 564.858560
								 565.248795 565.639108 566.029501 566.419972 566.810522 567.201151 567.591858 567.982644 568.373507 568.764449 569.155469 569.546567 569.937742 570.328995 570.720325 571.111733
								 571.503219 571.894781 572.286421 572.678137 573.069930 573.461800 573.853747 574.245770 574.637869 575.030045 575.422297 575.814625 576.207028 576.599508 576.992063 577.384694
								 577.777400 578.170182 578.563039 578.955971 579.348978 579.742060 580.135216 580.528448 580.921753 581.315134 581.708588 582.102117 582.495720 582.889397 583.283147 583.676972
								 584.070870 584.464841 584.858886 585.253005 585.647196 586.041461 586.435798 586.830209 587.224692 587.619247 588.013876 588.408576 588.803349 589.198194 589.593111 589.988100
								 590.383161 590.778294 591.173498 591.568774 591.964121 592.359539 592.755029 593.150589 593.546221 593.941923 594.337696 594.733540 595.129454 595.525438 595.921493 596.317618
								 596.713813 597.110078 597.506412 597.902817 598.299291 598.695835 599.092447 599.489130 599.885881 600.282701 600.679591 601.076549 601.473576 601.870671 602.267835 602.665068
								 603.062368 603.459737 603.857174 604.254679 604.652251 605.049892 605.447600 605.845375 606.243218 606.641129 607.039106 607.437150 607.835262 608.233440 608.631685 609.029997
								 609.428375 609.826820 610.225331 610.623908 611.022551 611.421260 611.820035 612.218876 612.617783 613.016755 613.415793 613.814895 614.214064 614.613297 615.012595 615.411958
								 615.811386 616.210879 616.610436 617.010058 617.409744 617.809494 618.209309 618.609187 619.009130 619.409136 619.809206 620.209340 620.609537 621.009798 621.410122 621.810509
								 622.210959 622.611472 623.012048 623.412687 623.813389 624.214153 624.614979 625.015868 625.416819 625.817832 626.218908 626.620045 627.021244 627.422505 627.823827 628.225211
								 628.626656 629.028163 629.429730 629.831359 630.233049 630.634800 631.036611 631.438483 631.840416 632.242409 632.644463 633.046577 633.448750 633.850984 634.253278 634.655632
								 635.058045 635.460519 635.863051 636.265643 636.668294 637.071005 637.473775 637.876603 638.279491 638.682437 639.085442 639.488506 639.891628 640.294809 640.698048 641.101345
								 641.504700 641.908113 642.311584 642.715112 643.118699 643.522343 643.926044 644.329803 644.733619 645.137492 645.541423 645.945410 646.349454 646.753555 647.157712 647.561927
								 647.966197 648.370524 648.774907 649.179346 649.583842 649.988393 650.393000 650.797663 651.202382 651.607156 652.011985 652.416870 652.821810 653.226806 653.631856 654.036961
								 654.442121 654.847336 655.252606 655.657930 656.063308 656.468741 656.874228 657.279770 657.685365 658.091014 658.496717 658.902474 659.308285 659.714149 660.120066 660.526037
								 660.932061 661.338139 661.744269 662.150453 662.556689 662.962978 663.369320 663.775714 664.182161 664.588660 664.995211 665.401815 665.808470 666.215178 666.621937 667.028749
								 667.435612 667.842526 668.249493 668.656510 669.063579 669.470699 669.877870 670.285093 670.692366 671.099690 671.507064 671.914490 672.321966 672.729492 673.137069 673.544695
								 673.952373 674.360100 674.767877 675.175704 675.583581 675.991507 676.399483 676.807508 677.215583 677.623708 678.031881 678.440103 678.848375 679.256695 679.665065 680.073483
								 680.481949 680.890464 681.299028 681.707640 682.116300 682.525009 682.933765 683.342569 683.751422 684.160322 684.569270 684.978265 685.387308 685.796398 686.205536 686.614721
								 687.023953 687.433232 687.842558 688.251931 688.661351 689.070817 689.480330 689.889889 690.299495 690.709147 691.118846 691.528590 691.938380 692.348217 692.758099 693.168027
								 693.578001 693.988020 694.398085 694.808195 695.218350 695.628551 696.038797 696.449087 696.859423 697.269804 697.680229 698.090699 698.501213 698.911772 699.322376 699.733023
								 700.143715 700.554451 700.965231 701.376055 701.786923 702.197835 702.608790 703.019789 703.430831 703.841917 704.253046 704.664218 705.075433 705.486692 705.897993 706.309337
								 706.720724 707.132154 707.543626 707.955141 708.366698 708.778298 709.189940 709.601624 710.013350 710.425118 710.836928 711.248779 711.660673 712.072608 712.484585 712.896603
								 713.308662 713.720763 714.132905 714.545088 714.957312 715.369577 715.781883 716.194229 716.606616 717.019044 717.431512 717.844021 718.256570 718.669160 719.081789 719.494459
								 719.907168 720.319917 720.732707 721.145536 721.558404 721.971312 722.384260 722.797247 723.210273 723.623339 724.036443 724.449587 724.862770 725.275991 725.689251 726.102550
								 726.515888 726.929264 727.342678 727.756131 728.169623 728.583152 728.996719 729.410325 729.823968 730.237650 730.651369 731.065126 731.478920 731.892752 732.306621 732.720528
								 733.134472 733.548453 733.962472 734.376527 734.790619 735.204748 735.618914 736.033117 736.447356 736.861632 737.275944 737.690293 738.104677 738.519098 738.933556 739.348049
								 739.762578 740.177143 740.591744 741.006380 741.421052 741.835760 742.250503 742.665282 743.080096 743.494945 743.909829 744.324748 744.739702 745.154691 745.569715 745.984774
								 746.399867 746.814995 747.230158 747.645355 748.060586 748.475851 748.891151 749.306485 749.721852 750.137254 750.552689 750.968159 751.383662 751.799198 752.214768 752.630372
								 753.046009 753.461679 753.877383 754.293119 754.708889 755.124692 755.540527 755.956396 756.372297 756.788231 757.204197 757.620196 758.036228 758.452291 758.868388 759.284516
								 759.700676 760.116869 760.533093 760.949349 761.365637 761.781957 762.198309 762.614692 763.031106 763.447553 763.864030 764.280539 764.697078 765.113649 765.530252 765.946885
								 766.363548 766.780243 767.196969 767.613725 768.030512 768.447329 768.864176 769.281055 769.697963 770.114901( 770.531870 770.948869 771.365898 771.782956 772.200045 772.617163
								 773.034311 773.451488 773.868695 774.285932 774.703198 775.120493 775.537818 775.955171 776.372554 776.789966 777.207406 777.624876 778.042374 778.459901 778.877457 779.295041
								 779.712654 780.130295 780.547965 780.965662 781.383388 781.801142 782.218925 782.636735 783.054573 783.472439 783.890332 784.308254 784.726203 785.144179 785.562183 785.980215
								 786.398274 786.816360 787.234473 787.652613 788.070780 788.488975 788.907196 789.325444 789.743719 790.162020 790.580348 790.998703 791.417084 791.835492 792.253925 792.672385
								 793.090872 793.509384 793.927922 794.346487 794.765077 795.183693 795.602335 796.021003 796.439696 796.858415 797.277159 797.695928 798.114723 798.533544 798.952389 799.371260
								 799.790155 800.209076 800.628021 801.046992 801.465987 801.885007 802.304051 802.723120 803.142214 803.561332 803.980474 804.399641 804.818832 805.238047 805.657286 806.076550
								 806.495837 806.915148 807.334483 807.753841 808.173224 808.592630 809.012059 809.431512 809.850988 810.270488 810.690011 811.109557 811.529127 811.948719 812.368334 812.787973
								 813.207634 813.627318 814.047025 814.466754 814.886506 815.306281 815.726078 816.145898 816.565740 816.985604 817.405490 817.825398 818.245329 818.665282 819.085256 819.505252
								 819.925271 820.345310 820.765372 821.185455 821.605560 822.025686 822.445834 822.866003 823.286193 823.706405 824.126638 824.546891 824.967166 825.387462 825.807779 826.228116
								 826.648475 827.068854 827.489253 827.909673 828.330114 828.750575 829.171057 829.591559 830.012081 830.432623 830.853186 831.273768 831.694371 832.114993 832.535636 832.956298
								 833.376980 833.797682 834.218403 834.639144 835.059904 835.480684 835.901483 836.322301 836.743139 837.163996 837.584872 838.005767 838.426681 838.847614 839.268566 839.689536
								 840.110526 840.531534 840.952560 841.373606 841.794669 842.215752 842.636852 843.057971 843.479108 843.900264 844.321437 844.742629 845.163838 845.585066 846.006311 846.427575
								 846.848856 847.270154 847.691471 848.112805 848.534156 848.955525 849.376912 849.798315 850.219736 850.641174 851.062630 851.484102 851.905592 852.327098 852.748622 853.170162
								 853.591719 854.013293 854.434884 854.856491 855.278115 855.699755 856.121412 856.543085 856.964774 857.386480 857.808202 858.229940 858.651694 859.073464 859.495250 859.917052
								 860.338870 860.760704 861.182554 861.604419 862.026300 862.448196 862.870108 863.292036 863.713979 864.135937 864.557910 864.979899 865.401903 865.823922 866.245956 866.668005
								 867.090069 867.512147 867.934241 868.356350 868.778473 869.200611 869.622763 870.044930 870.467111 870.889307 871.311517 871.733742 872.155981 872.578234 873.000501 873.422782
								 873.845078 874.267387 874.689710 875.112047 875.534398 875.956763 876.379141 876.801533 877.223939 877.646358 878.068791 878.491237 878.913696 879.336169 879.758655 880.181154
								 880.603667 881.026192 881.448731 881.871282 882.293847 882.716424 883.139014 883.561617 883.984233 884.406861 884.829502 885.252155 885.674821 886.097500 886.520191 886.942894
								 887.365609 887.788337 888.211077 888.633829 889.056593 889.479369 889.902157 890.324957 890.747769 891.170592 891.593427 892.016275 892.439133 892.862004 893.284885 893.707779
								 894.130684 894.553600 894.976527 895.399466 895.822416 896.245377 896.668350 897.091333 897.514327 897.937333 898.360349 898.783376 899.206414 899.629463 900.052522 900.475592
								 900.898673 901.321764 901.744866 902.167978 902.591101 903.014234 903.437377 903.860531 904.283695 904.706868 905.130052 905.553246 905.976450 906.399664 906.822888 907.246122
								 907.669365 908.092619 908.515882 908.939154 909.362436 909.785728 910.209029 910.632340 911.055660 911.478990 911.902328 912.325676 912.749033 913.172400 913.595775 914.019159
								 914.442553 914.865955 915.289367 915.712787 916.136216 916.559653 916.983100 917.406555 917.830019 918.253491 918.676972 919.100461 919.523958 919.947464 920.370979 920.794501
								 921.218032 921.641571 922.065118 922.488673 922.912237 923.335808 923.759387 924.182974 924.606569 925.030171 925.453782 925.877400 926.301026 926.724659 927.148300 927.571948
								 927.995604 928.419268 928.842938 929.266616 929.690301 930.113994 930.537694 930.961400 931.385114 931.808835 932.232563 932.656298 933.080040 933.503788 933.927544 934.351306
								 934.775075 935.198850 935.622633 936.046421 936.470217 936.894019 937.317827 937.741642 938.165463 938.589290 939.013123 939.436963 939.860809 940.284661 940.708519 941.132384
								 941.556254 941.980130 942.404012 942.827900 943.251794 943.675693 944.099598 944.523509 944.947426 945.371348 945.795275 946.219208 946.643147 947.067091 947.491040 947.914995
								 948.338955 948.762920 949.186891 949.610866 950.034847 950.458833 950.882823 951.306819 951.730820 952.154825 952.578835 953.002851 953.426870 953.850895 954.274924 954.698958
								 955.122997 955.547040 955.971087 956.395139 956.819196 957.243257 957.667322 958.091391 958.515465 958.939543 959.363625 959.787711 960.211801 960.635895 961.059993 961.484095
								 961.908201 962.332311 962.756425 963.180543 963.604664 964.028789 964.452917 964.877050 965.301185 965.725325 966.149467 966.573614 966.997763 967.421916 967.846073 968.270232
								 968.694395 969.118561 969.542730 969.966903 970.391078 970.815257 971.239438 971.663622 972.087810 972.512000 972.936193 973.360389 973.784587 974.208789 974.632993 975.057199
								 975.481408 975.905620 976.329834 976.754051 977.178270 977.602492 978.026716 978.450942 978.875170 979.299401 979.723634 980.147869 980.572106 980.996345 981.420587 981.844830
								 982.269075 982.693323 983.117572 983.541822 983.966075 984.390330 984.814586 985.238844 985.663103 986.087364 986.511627 986.935891 987.360157 987.784424 988.208693 988.632963
								 989.057234 989.481507 989.905781 990.330056 990.754332 991.178610 991.602888 992.027168 992.451448 992.875730 993.300013 993.724296 994.148581 994.572866 994.997152 995.421439
								 995.845727 996.270015 996.694304 997.118593 997.542884 997.967174 998.391466 998.815757 999.240050 999.664342 1000.088635 1000.512928 1000.937222 1001.361516 1001.785810 1002.210104
								 1002.634398 1003.058693 1003.482987 1003.907282 1004.331577 1004.755871 1005.180166 1005.604460 1006.028754 1006.453048 1006.877342 1007.301636 1007.725929 1008.150222 1008.574515 1008.998807
								 1009.423099 1009.847390 1010.271681 1010.695971 1011.120261 1011.544550 1011.968839 1012.393126 1012.817413 1013.241700 1013.665985 1014.090270 1014.514554 1014.938837 1015.363119 1015.787400
								 1016.211680 1016.635960 1017.060238 1017.484515 1017.908790 1018.333065 1018.757339 1019.181611 1019.605882 1020.030152 1020.454420 1020.878687 1021.302952 1021.727217 1022.151479 1022.575740
						</SingleSampledCurve>
					</CurveSetElement>
					<!--curve{JNDtoL} converts Just Noticeable Difference level (JND) to Luminance (L) -->
					<CurveSetElement Name="JNDtoL" InputChannels="1" OutputChannels="1"> 
						<SingleSampledCurve Start="-infinity" End="+infinity" FirstEntry="1.0" LastEntry="1023.0" StorageType="0" ExtensionType="0">
							 0.049982 0.051232 0.052394 0.053532 0.054670 0.055818 0.056981 0.058160 0.059356 0.060569 0.061799 0.063045 0.064308 0.065586 0.066879 0.068188
							 0.069511 0.070850 0.072203 0.073570 0.074952 0.076347 0.077757 0.079181 0.080619 0.082071 0.083537 0.085016 0.086509 0.088016 0.089537 0.091072
							 0.092621 0.094183 0.095759 0.097349 0.098952 0.100570 0.102201 0.103846 0.105505 0.107178 0.108865 0.110566 0.112281 0.114010 0.115753 0.117509
							 0.119280 0.121066 0.122865 0.124678 0.126506 0.128348 0.130204 0.132074 0.133959 0.135858 0.137772 0.139700 0.141643 0.143600 0.145571 0.147557
							 0.149558 0.151573 0.153603 0.155648 0.157708 0.159782 0.161871 0.163975 0.166094 0.168228 0.170376 0.172540 0.174719 0.176913 0.179121 0.181345
							 0.183585 0.185839 0.188109 0.190394 0.192694 0.195009 0.197340 0.199687 0.202049 0.204426 0.206819 0.209227 0.211651 0.214091 0.216546 0.219017
							 0.221504 0.224006 0.226524 0.229059 0.231609 0.234175 0.236756 0.239354 0.241968 0.244598 0.247244 0.249906 0.252585 0.255279 0.257990 0.260717
							 0.263460 0.266220 0.268996 0.271789 0.274597 0.277423 0.280265 0.283123 0.285998 0.288890 0.291798 0.294723 0.297665 0.300624 0.303599 0.306591
							 0.309600 0.312626 0.315669 0.318729 0.321806 0.324900 0.328011 0.331139 0.334284 0.337447 0.340626 0.343823 0.347037 0.350269 0.353518 0.356784
							 0.360068 0.363370 0.366688 0.370025 0.373379 0.376750 0.380140 0.383546 0.386971 0.390414 0.393874 0.397352 0.400848 0.404362 0.407893 0.411443
							 0.415011 0.418597 0.422200 0.425822 0.429463 0.433121 0.436798 0.440492 0.444206 0.447937 0.451687 0.455455 0.459242 0.463047 0.466871 0.470713
							 0.474574 0.478453 0.482351 0.486268 0.490204 0.494158 0.498131 0.502123 0.506134 0.510164 0.514213 0.518280 0.522367 0.526473 0.530598 0.534742
							 0.538905 0.543087 0.547289 0.551510 0.555750 0.560010 0.564289 0.568587 0.572905 0.577242 0.581599 0.585976 0.590372 0.594787 0.599223 0.603678
							 0.608153 0.612647 0.617162 0.621696 0.626251 0.630825 0.635419 0.640033 0.644667 0.649322 0.653996 0.658691 0.663406 0.668141 0.672896 0.677672
							 0.682468 0.687284 0.692121 0.696978 0.701856 0.706754 0.711673 0.716613 0.721573 0.726554 0.731555 0.736577 0.741621 0.746685 0.751769 0.756875
							 0.762002 0.767150 0.772318 0.777508 0.782719 0.787951 0.793204 0.798479 0.803774 0.809091 0.814430 0.819789 0.825171 0.830573 0.835997 0.841443
							 0.846910 0.852399 0.857909 0.863441 0.868995 0.874570 0.880168 0.885787 0.891428 0.897091 0.902776 0.908483 0.914212 0.919963 0.925736 0.931531
							 0.937348 0.943188 0.949050 0.954934 0.960841 0.966770 0.972721 0.978695 0.984691 0.990710 0.996752 1.002816 1.008903 1.015012 1.021144 1.027299
							 1.033477 1.039678 1.045901 1.052148 1.058417 1.064710 1.071025 1.077364 1.083726 1.090111 1.096519 1.102951 1.109405 1.115883 1.122385 1.128910
							 1.135458 1.142030 1.148626 1.155245 1.161887 1.168554 1.175244 1.181958 1.188695 1.195457 1.202242 1.209051 1.215884 1.222742 1.229623 1.236528
							 1.243458 1.250411 1.257389 1.264391 1.271417 1.278468 1.285543 1.292643 1.299767 1.306915 1.314088 1.321286 1.328508 1.335755 1.343026 1.350322
							 1.357644 1.364990 1.372360 1.379756 1.387177 1.394623 1.402093 1.409589 1.417110 1.424657 1.432228 1.439825 1.447447 1.455094 1.462767 1.470465
							 1.478189 1.485938 1.493713 1.501513 1.509339 1.517191 1.525068 1.532972 1.540901 1.548856 1.556836 1.564843 1.572876 1.580935 1.589020 1.597131
							 1.605269 1.613432 1.621622 1.629838 1.638081 1.646349 1.654645 1.662967 1.671315 1.679690 1.688092 1.696520 1.704975 1.713457 1.721965 1.730501
							 1.739063 1.747652 1.756269 1.764912 1.773582 1.782280 1.791004 1.799756 1.808535 1.817342 1.826176 1.835037 1.843926 1.852842 1.861785 1.870757
							 1.879756 1.888782 1.897837 1.906919 1.916029 1.925166 1.934332 1.943526 1.952747 1.961997 1.971275 1.980581 1.989915 1.999277 2.008668 2.018087
							 2.027534 2.037010 2.046515 2.056047 2.065609 2.075199 2.084817 2.094465 2.104141 2.113846 2.123580 2.133342 2.143134 2.152955 2.162805 2.172683
							 2.182591 2.192529 2.202495 2.212491 2.222516 2.232570 2.242654 2.252768 2.262911 2.273083 2.283285 2.293517 2.303779 2.314070 2.324391 2.334742
							 2.345123 2.355534 2.365975 2.376447 2.386948 2.397479 2.408041 2.418633 2.429255 2.439908 2.450591 2.461305 2.472049 2.482823 2.493629 2.504465
							 2.515332 2.526229 2.537158 2.548117 2.559107 2.570128 2.581181 2.592264 2.603379 2.614524 2.625701 2.636910 2.648149 2.659420 2.670723 2.682057
							 2.693422 2.704820 2.716248 2.727709 2.739201 2.750725 2.762281 2.773869 2.785489 2.797141 2.808825 2.820542 2.832290 2.844071 2.855884 2.867729
							 2.879607 2.891517 2.903460 2.915435 2.927443 2.939483 2.951556 2.963663 2.975801 2.987973 3.000178 3.012416 3.024686 3.036990 3.049327 3.061698
							 3.074101 3.086538 3.099008 3.111512 3.124049 3.136620 3.149224 3.161862 3.174534 3.187239 3.199978 3.212751 3.225558 3.238399 3.251275 3.264184
							 3.277127 3.290105 3.303116 3.316163 3.329243 3.342358 3.355508 3.368692 3.381910 3.395163 3.408451 3.421774 3.435132 3.448524 3.461952 3.475414
							 3.488912 3.502444 3.516012 3.529615 3.543254 3.556927 3.570637 3.584381 3.598161 3.611977 3.625828 3.639715 3.653638 3.667597 3.681591 3.695622
							 3.709688 3.723791 3.737929 3.752104 3.766315 3.780562 3.794846 3.809166 3.823522 3.837916 3.852345 3.866811 3.881314 3.895854 3.910431 3.925044
							 3.939695 3.954382 3.969107 3.983868 3.998667 4.013503 4.028376 4.043287 4.058235 4.073221 4.088244 4.103305 4.118404 4.133540 4.148714 4.163926
							 4.179176 4.194464 4.209790 4.225154 4.240556 4.255996 4.271475 4.286992 4.302548 4.318142 4.333774 4.349445 4.365155 4.380904 4.396691 4.412518
							 4.428383 4.444287 4.460230 4.476213 4.492234 4.508295 4.524395 4.540534 4.556713 4.572932 4.589190 4.605487 4.621825 4.638202 4.654619 4.671076
							 4.687572 4.704109 4.720686 4.737303 4.753960 4.770658 4.787396 4.804174 4.820993 4.837852 4.854752 4.871693 4.888674 4.905696 4.922759 4.939863
							 4.957008 4.974194 4.991421 5.008690 5.026000 5.043351 5.060743 5.078177 5.095653 5.113170 5.130729 5.148329 5.165971 5.183656 5.201382 5.219150
							 5.236961 5.254813 5.272708 5.290645 5.308624 5.326646 5.344710 5.362817 5.380967 5.399159 5.417394 5.435672 5.453993 5.472357 5.490764 5.509214
							 5.527707 5.546243 5.564823 5.583446 5.602113 5.620823 5.639577 5.658375 5.677216 5.696101 5.715031 5.734004 5.753021 5.772082 5.791188 5.810337
							 5.829531 5.848770 5.868053 5.887380 5.906752 5.926169 5.945631 5.965137 5.984689 6.004285 6.023926 6.043613 6.063345 6.083122 6.102944 6.122812
							 6.142725 6.162684 6.182689 6.202739 6.222835 6.242977 6.263165 6.283399 6.303679 6.324006 6.344378 6.364797 6.385262 6.405774 6.426332 6.446937
							 6.467588 6.488287 6.509032 6.529824 6.550663 6.571549 6.592482 6.613463 6.634491 6.655564.870209 44.963195 45.056343 45.149654 45.243128 45.336766 45.430567 45.524533
							 45.618663 45.712958 45.807417 45.902041 45.996831 46.091787 46.186908 46.282195 46.377649 46.473270 46.569057 46.665012 46.761134 46.857424 46.953882 47.050508
							 47.147302 47.244266 47.341398 47.438700 47.536172 47.633813 47.731625 47.829607 47.927760 48.026083 48.124578 48.223245 48.322083 48.421093 48.520276 48.619631
							 48.719159 48.818860 48.918735 49.018784 49.119006 49.219403 49.319974 49.420720 49.521642 49.622738 49.724010 49.825459 49.927083 50.028884 50.130862 50.233016
							 50.335349 50.437858 50.540546 50.643412 50.746456 50.849679 50.953082 51.056663 51.160424 51.264365 51.368487 51.472788 51.577271 51.681934 51.786779 51.891806
							 51.997014 52.102405 52.207978 52.313734 52.419673 52.525795 52.632101 52.738591 52.845266 52.952125 53.059168 53.166397 53.273811 53.381411 53.489197 53.597170
							 53.705329 53.813674 53.922207 54.030928 54.139836 54.248933 54.358218 54.467691 54.577354 54.687206 54.797247 54.907479 55.017900 55.128512 55.239315 55.350309
							 55.461495 55.572872 55.684441 55.796203 55.908157 56.020304 56.132645 56.245179 56.357907 56.470829 56.583945 56.697257 56.810763 56.924465 57.038363 57.152456
							 57.266746 57.381233 57.495917 57.610798 57.725877 57.841153 57.956628 58.072301 58.188173 58.304245 58.420516 58.536986 58.653657 58.770529 58.887601 59.004874
							 59.122349 59.240025 59.357904 59.475984 59.594268 59.712754 59.831444 59.950338 60.069436 60.188737 60.308244 60.427955 60.547872 60.667995 60.788323 60.908858
							 61.029599 61.150547 61.271703 61.393066 61.514637 61.636416 61.758404 61.880601 62.003007 62.125623 62.248448 62.371484 62.494730 62.618188 62.741856 62.865736
							 62.989829 63.114133 63.238650 63.363380 63.488323 63.613480 63.738851 63.864436 63.990236 64.116250 64.242480 64.368926 64.495588 64.622466 64.749561 64.876873
							 65.004402 65.132149 65.260114 65.388297 65.516700 65.645321 65.774162 65.903223 66.032504 66.162005 66.291727 66.421671 66.551836 66.682223 66.812832 66.943664
							 67.074719 67.205997 67.337499 67.469225 67.601176 67.733351 67.865751 67.998377 68.131229 68.264307 68.397611 68.531142 68.664901 68.798887 68.933101 69.067544
							 69.202216 69.337116 69.472246 69.607606 69.743196 69.879016 70.015068 70.151350 70.287865 70.424611 70.561590 70.698802 70.836246 70.973925 71.111837 71.249983
							 71.388364 71.526980 71.665831 71.804918 71.944242 72.083801 72.223598 72.363632 72.503903 72.644413 72.785160 72.926147 73.067373 73.208838 73.350543 73.492488
							 73.634674 73.777102 73.919770 74.062681 74.205833 74.349228 74.492866 74.636748 74.780873 74.925242 75.069856 75.214715 75.359819 75.505169 75.650765 75.796607
							 75.942696 76.089032 76.235616 76.382448 76.529529 76.676858 76.824437 76.972265 77.120343 77.268672 77.417251 77.566082 77.715164 77.864498 78.014085 78.163924
							 78.314017 78.464363 78.614964 78.765818 78.916928 79.068293 79.219913 79.371790 79.523922 79.676312 79.828959 79.981864 80.135027 80.288448 80.442128 80.596068
							 80.750267 80.904726 81.059446 81.214427 81.369669 81.525173 81.680940 81.836969 81.993261 82.149816 82.306635 82.463719 82.621068 82.778681 82.936560 83.094705
							 83.253117 83.411795 83.570741 83.729954 83.889435 84.049185 84.209204 84.369492 84.530050 84.690879 84.851978 85.013348 85.174990 85.336903 85.499089 85.661548
							 85.824280 85.987286 86.150566 86.314121 86.477950 86.642055 86.806436 86.971093 87.136027 87.301238 87.466727 87.632494 87.798540 87.964864 88.131468 88.298351
							 88.465515 88.632960 88.800686 88.968693 89.136983 89.305555 89.474410 89.643549 89.812971 89.982678 90.152670 90.322946 90.493509 90.664358 90.835493 91.006915
							 91.178625 91.350623 91.522909 91.695484 91.868348 92.041503 92.214947 92.388682 92.562709 92.737027 92.911637 93.086540 93.261735 93.437225 93.613008 93.789086
							 93.965458 94.142126 94.319090 94.496350 94.673907 94.851761 95.029913 95.208363 95.387112 95.566160 95.745508 95.925155 96.105103 96.285353 96.465904 96.646756
							 96.827912 97.009370 97.191132 97.373198 97.555568 97.738243 97.921223 98.104509 98.288102 98.472002 98.656208 98.840723 99.025546 99.210678 99.396119 99.581870
							 99.767931 99.954303 100.140986 100.327981 100.515288 100.702908 100.890841 101.079088 101.267649 101.456525 101.645716 101.835223 102.025046 102.215186 102.405643 102.596417
							 102.787511 102.978922 103.170653 103.362704 103.555075 103.747767 103.940781 104.134116 104.327773 104.521753 104.716057 104.910684 105.105636 105.300913 105.496515 105.692443
							 105.888697 106.085279 106.282188 106.479425 106.676990 106.874884 107.073108 107.271663 107.470547 107.669763 107.869311 108.069190 108.269403 108.469948 108.670828 108.872042
							 109.073590 109.275474 109.477694 109.680250 109.883144 110.086374 110.289943 110.493850 110.698097 110.902683 111.107609 111.312876 111.518485 111.724435 111.930728 112.137363
							 112.344342 112.551665 112.759332 112.967345 113.175703 113.384407 113.593458 113.802856 114.012603 114.222697 114.433141 114.643934 114.855077 115.066570 115.278415 115.490612
							 115.703160 115.916062 116.129317 116.342926 116.556890 116.771208 116.985883 117.200913 117.416300 117.632045 117.848148 118.064609 118.281429 118.498608 118.716148 118.934049
							 119.152311 119.370935 119.589921 119.809271 120.028984 120.249061 120.469503 120.690311 120.911484 121.133024 121.354931 121.577206 121.799849 122.022861 122.246243 122.469994
							 122.694116 122.918610 123.143475 123.368712 123.594323 123.820307 124.046665 124.273398 124.500507 124.727991 124.955852 125.184090 125.412706 125.641700 125.871074 126.100826
							 126.330959 126.561473 126.792368 127.023645 127.255305 127.487348 127.719774 127.952585 128.185781 128.419363 128.653331 128.887686 129.122428 129.357558 129.593077 129.828986
							 130.065284 130.301973 130.539053 130.776525 131.014389 131.252646 131.491297 131.730343 131.969783 132.209619 132.449851 132.690479 132.931506 133.172930 133.414753 133.656975
							 133.899597 134.142620 134.386044 134.629870 134.874099 135.118730 135.363766 135.609206 135.855051 136.101301 136.347958 136.595022 136.842494 137.090374 137.338663 137.587362
							 137.836470 138.085990 138.335921 138.586265 138.837021 139.088191 139.339775 139.591774 139.844189 140.097019 140.350266 140.603931 140.858014 141.112516 141.367437 141.622779
							 141.878541 142.134725 142.391331 142.648359 142.905811 143.163688 143.421989 143.680715 143.939868 144.199448 144.459455 144.719890 144.980755 145.242048 145.503773 145.765928
							 146.028514 146.291533 146.554985 146.818871 147.083191 147.347946 147.613137 147.878765 148.144829 148.411331 148.678272 148.945652 149.213472 149.481733 149.750435 150.019579
							 150.289166 150.559196 150.829670 151.100589 151.371954 151.643765 151.916023 152.188728 152.461882 152.735485 153.009538 153.284041 153.558996 153.834402 154.110262 154.386574
							 154.663341 154.940563 155.218240 155.496373 155.774964 156.054012 156.333518 156.613484 156.893910 157.174796 157.456144 157.737954 158.020227 158.302963 158.586163 158.869829
							 159.153960 159.438558 159.723624 160.009157 160.295159 160.581631 160.868572 161.155985 161.443870 161.732227 162.021057 162.310361 162.600140 162.890395 163.181126 163.472333
							 163.764019 164.056183 164.348827 164.641950 164.935554 165.229640 165.524208 165.819260 166.114795 166.410815 166.707320 167.004312 167.301790 167.599756 167.898211 168.197155
							 168.496589 168.796514 169.096930 169.397839 169.699241 170.001137 170.303528 170.606414 170.909797 171.213677 171.518055 171.822931 172.128307 172.434183 172.740560 173.047439
							 173.354821 173.662706 173.971096 174.279991 174.589391 174.899298 175.209713 175.520636 175.832068 176.144010 176.456462 176.769426 177.082903 177.396893 177.711396 178.026415
							 178.341949 178.657999 178.974567 179.291652 179.609257 179.927381 180.246026 180.565193 180.884881 181.205092 181.525828 181.847088 182.168873 182.491185 182.814024 183.137391
							 183.461287 183.785713 184.110669 184.436157 184.762177 185.088730 185.415816 185.743438 186.071595 186.400289 186.729520 187.059289 187.389598 187.720446 188.051835 188.383765
							 188.716239 189.049255 189.382816 189.716921 190.051573 190.386771 190.722517 191.058812 191.395656 191.733050 192.070996 192.409493 192.748543 193.088148 193.428307 193.769021
							 194.110292 194.452120 194.794506 195.137452 195.480957 195.825023 196.169652 196.514842 196.860597 197.206915 197.553799 197.901250 198.249267 198.597853 198.947007 199.296731
							 199.647026 199.997893 200.349332 200.701345 201.053932 201.407095 201.760833 202.115149 202.470040 202.825516 203.181568 203.538202 203.895417 204.253215 204.611596 204.970562
							 205.330114 205.690252 206.050977 206.412290 206.774193 207.136685 207.499769 207.863445 208.227713 208.592576 208.958033 209.324086 209.690736 210.057984 210.425830 210.794275
							 211.163321 211.532969 211.903219 212.274072 212.645530 213.017593 213.390262 213.763539 214.137423 214.511917 214.887021 215.262736 215.639063 216.016004 216.393558 216.771727
							 217.150512 217.529914 217.909934 218.290573 218.671832 219.053712 219.436214 219.819338 220.203086 220.587459 220.972458 221.358084 221.744338 222.131220 222.518733 222.906876
							 223.295651 223.685058 224.075100 224.465776 224.857089 225.249038 225.641625 226.034851 226.428717 226.823223 227.218372 227.614164 228.010600 228.407680 228.805407 229.203781
							 229.602803 230.002474 230.402795 230.803767 231.205392 231.607670 232.010602 232.414189 232.818433 233.223335 233.628894 234.035114 234.441994 234.849535 235.257739 235.666607
							 236.076140 236.486338 236.897204 237.308737 237.720940 238.133812 238.547356 238.961572 239.376461 239.792024 240.208263 240.625179 241.042772 241.461044 241.879995 242.299627
							 242.719941 243.140939 243.562620 243.984986 244.408039 244.831779 245.256207 245.681325 246.107134 246.533634 246.960827 247.388714 247.817297 248.246575 248.676550 249.107224
							 249.538598 249.970671 250.403447 250.836925 251.271108 251.705995 252.141589 252.577890 253.014899 253.452618 253.891047 254.330188 254.770043 255.210611 255.651895 256.093894
							 256.536612 256.980048 257.424203 257.869080 258.314679 258.761001 259.208047 259.655819 260.104317 260.553544 261.003499 261.454184 261.905601 262.357750 262.810633 263.264251
							 263.718605 264.173695 264.629524 265.086093 265.543402 266.001453 266.460247 266.919786 267.380069 267.841100 268.302878 268.765405 269.228682 269.692710 270.157491 270.623026
							 271.089316 271.556362 272.024165 272.492726 272.962048 273.432130 273.902975 274.374583 274.846956 275.320094 275.793999 276.268673 276.744116 277.220330 277.697316 278.175075
							 278.653608 279.132917 279.613003 280.093867 280.575510 281.057934 281.541140 282.025129 282.509902 282.995460 283.481806 283.968939 284.456862 284.945575 285.435080 285.925378
							 286.416471 286.908359 287.401044 287.894528 288.388810 288.883894 289.379779 289.876467 290.373961 290.872259 291.371365 291.871280 292.372004 292.873539 293.375886 293.879047
							 294.383022 294.887814 295.393423 295.899851 296.407099 296.915168 297.424060 297.933775 298.444316 298.955684 299.467880 299.980904 300.494760 301.009447 301.524967 302.041322
							 302.558513 303.076540 303.595507 304.115113 304.635660 305.157050 305.679284 306.202363 306.726288 307.251061 307.776684 308.303157 308.830482 309.358661 309.887694 310.417583
							 310.948330 311.479935 312.012400 312.545727 313.079917 313.614971 314.150891 314.687677 315.225332 315.763857 316.303253 316.843521 317.384664 317.926681 318.469576 319.013348
							 319.558000 320.103533 320.649948 321.197247 321.745431 322.294502 322.844460 323.395308 323.947047 324.499678 325.053202 325.607622 326.162938 326.719151 327.276265 327.834279
							 328.393195 328.953015 329.513739 330.075371 330.637910 331.201359 331.765718 332.330990 332.897176 333.464277 334.032294 334.601230 335.171085 335.741861 336.313560 336.886183
							 337.459731 338.034207 338.609610 339.185944 339.763209 340.341407 340.920539 341.500607 342.081612 342.663556 343.246441 343.830267 344.415037 345.000751 345.587412 346.175021
							 346.763579 347.353088 347.943549 348.534964 349.127335 349.720662 350.314948 350.910194 351.506402 352.103573 352.701708 353.300809 353.900878 354.501916 355.103925 355.706907
							 356.310862 356.915792 357.521700 358.128586 358.736452 359.345300 359.955131 360.565946 361.177748 361.790538 362.404318 363.019088 363.634852 364.251609 364.869362 365.488113
							 366.107863 366.728613 367.350366 367.973122 368.596883 369.221652 369.847429 370.474217 371.102016 371.730829 372.360656 372.991501 373.623363 374.256246 374.890150 375.525077
							 376.161029 376.798008 377.436014 378.075050 378.715118 379.356219 379.998354 380.641525 381.285735 381.930984 382.577274 383.224607 383.872985 384.522409 385.172881 385.824403
							 386.476975 387.130601 387.785282 388.441018 389.097813 389.755667 390.414583 391.074562 391.735605 392.397715 393.060893 393.725141 394.390461 395.056853 395.724321 396.392865
							 397.062488 397.733191 398.404976 399.077845 399.751798 400.426839 401.102969 401.780189 402.458501 403.137908 403.818410 404.500009 405.182708 405.866508 406.551411 407.237418
							 407.924531 408.612753 409.302084 409.992527 410.684083 411.376754 412.070543 412.765450 413.461477 414.158627 414.856901 415.556300 416.256827 416.958484 417.661272 418.365193
							 419.070249 419.776442 420.483773 421.192244 421.901858 422.612615 423.324518 424.037569 424.751770 425.467121 426.183626 426.901286 427.620102 428.340077 429.061213 429.783511
							 430.506973 431.231601 431.957397 432.684363 433.412501 434.141812 434.872298 435.603962 436.336805 437.070829 437.806036 438.542428 439.280006 440.018773 440.758731 441.499881
							 442.242225 442.985765 443.730504 444.476442 445.223583 445.971927 446.721478 447.472236 448.224203 448.977382 449.731775 450.487383 451.244209 452.002253 452.761519 453.522009
							 454.283723 455.046665 455.810836 456.576238 457.342873 458.110742 458.879849 459.650195 460.421782 461.194612 461.968686 462.744008 463.520578 464.298399 465.077473 465.857802
							 466.639388 467.422233 468.206338 468.991707 469.778340 470.566241 471.355410 472.145850 472.937564 473.730552 474.524818 475.320363 476.117189 476.915298 477.714692 478.515374
							 479.317345 480.120608 480.925164 481.731016 482.538165 483.346614 484.156365 484.967420 485.779781 486.593450 487.408429 488.224720 489.042326 489.861248 490.681488 491.503049
							 492.325934 493.150142 493.975678 494.802543 495.630740 496.460269 497.291134 498.123337 498.956880 499.791764 500.627992 501.465567 502.304490 503.144764 503.986390 504.829371
							 505.673709 506.519407 507.366465 508.214887 509.064675 509.915831 510.768357 511.622255 512.477527 513.334177 514.192205 515.051614 515.912406 516.774584 517.638149 518.503105
							 519.369453 520.237194 521.106333 521.976870 522.848809 523.722151 524.596898 525.473053 526.350618 527.229596 528.109988 528.991797 529.875024 530.759674 531.645747 532.533246
							 533.422173 534.312530 535.204320 536.097546 536.992208 537.888311 538.785855 539.684843 540.585279 541.487163 542.390498 543.295286 544.201531 545.109234 546.018397 546.929023
							 547.841114 548.754673 549.669702 550.586203 551.504178 552.423631 553.344563 554.266976 555.190874 556.116258 557.043130 557.971494 558.901352 559.832705 560.765557 561.699909
							 562.635765 563.573126 564.511995 565.452375 566.394267 567.337675 568.282600 569.229046 570.177013 571.126506 572.077526 573.030076 573.984159 574.939776 575.896930 576.855624
							 577.815859 578.777640 579.740967 580.705845 581.672274 582.640257 583.609798 584.580898 585.553560 586.527786 587.503580 588.480943 589.459878 590.440387 591.422474 592.406140
							 593.391388 594.378220 595.366640 596.356650 597.348252 598.341448 599.336242 600.332636 601.330633 602.330234 603.331443 604.334262 605.338694 606.344742 607.352407 608.361693
							 609.372601 610.385136 611.399299 612.415093 613.432520 614.451584 615.472286 616.494629 617.518617 618.544252 619.571535 620.600471 621.631061 622.663309 623.697216 624.732786
							 625.770021 626.808924 627.849497 628.891744 629.935667 630.981268 632.028551 633.077517 634.128170 635.180513 636.234548 637.290277 638.347704 639.406832 640.467662 641.530198
							 642.594442 643.660397 644.728067 645.797453 646.868558 647.941386 649.015938 650.092219 651.170229 652.249973 653.331453 654.414672 655.499632 656.586336 657.674788 658.764990
							 659.856944 660.950654 662.046122 663.143352 664.242346 665.343106 666.445636 667.549939 668.656017 669.763873 670.873510 671.984932 673.098140 674.213137 675.329927 676.448513
							 677.568897 678.691082 679.815071 680.940866 682.068472 683.197891 684.329125 685.462177 686.597051 687.733750 688.872276 690.012632 691.154821 692.298846 693.444710 694.592417
							 695.741968 696.893367 698.046617 699.201721 700.358682 701.517503 702.678186 703.840735 705.005153 706.171443 707.339607 708.509649 709.681572 710.855379 712.031073 713.208656
							 714.388132 715.569505 716.752776 717.937949 719.125027 720.314014 721.504911 722.697723 723.892452 725.089102 726.287675 727.488175 728.690604 729.894966 731.101264 732.309500
							 733.519679 734.731803 735.945875 737.161899 738.379877 739.599813 740.821710 742.045571 743.271399 744.499197 745.728969 746.960717 748.194446 749.430157 750.667854 751.907541
							 753.149220 754.392895 755.638569 756.886245 758.135926 759.387616 760.641318 761.897034 763.154770 764.414526 765.676307 766.940117 768.205957 769.473833 770.743746 772.015700
							 773.289698 774.565744 775.843841 777.123992 778.406201 779.690470 780.976803 782.265204 783.555676 784.848222 786.142845 787.439549 788.738337 790.039213 791.342179 792.647239
							 793.954397 795.263656 796.575019 797.888490 799.204072 800.521768 801.841582 803.163517 804.487576 805.813764 807.142083 808.472538 809.805130 811.139864 812.476743 813.815771
							 815.156951 816.500287 817.845781 819.193438 820.543261 821.895253 823.249419 824.605760 825.964282 827.324987 828.687879 830.052961 831.420237 832.789711 834.161385 835.535264
							 836.911352 838.289651 839.670165 841.052897 842.437852 843.825033 845.214444 846.606087 847.999967 849.396088 850.794452 852.195063 853.597926 855.003043 856.410419 857.820056
							 859.231959 860.646131 862.062577 863.481298 864.902300 866.325585 867.751158 869.179023 870.609182 872.041639 873.476399 874.913465 876.352840 877.794529 879.238535 880.684862
							 882.133513 883.584492 885.037804 886.493451 887.951438 889.411768 890.874445 892.339473 893.806856 895.276597 896.748700 898.223170 899.700009 901.179221 902.660812 904.144783
							 905.631139 907.119885 908.611023 910.104558 911.600493 913.098833 914.599580 916.102740 917.608316 919.116312 920.626731 922.139578 923.654857 925.172571 926.692724 928.215321
							 929.740365 931.267860 932.797811 934.330220 935.865092 937.402432 938.942242 940.484527 942.029291 943.576538 945.126272 946.678497 948.233217 949.790435 951.350157 952.912386
							 954.477125 956.044380 957.614154 959.186451 960.761275 962.338631 963.918521 965.500952 967.085926 968.673447 970.263520 971.856149 973.451338 975.049091 976.649413 978.252306
							 979.857776 981.465827 983.076463 984.689687 986.305505 987.923919 989.544936 991.168558 992.794790 994.423636 996.055100 997.689187 999.325900 1000.965244 1002.607224 1004.251843
							 1005.899106 1007.549016 1009.201579 1010.856798 1012.514678 1014.175223 1015.838438 1017.504326 1019.172892 1020.844140 1022.518075 1024.194700 1025.874021 1027.556042 1029.240766 1030.928199
							 1032.618344 1034.311207 1036.006790 1037.705100 1039.406140 1041.109914 1042.816427 1044.525684 1046.237688 1047.952445 1049.669959 1051.390233 1053.113273 1054.839083 1056.567668 1058.299032
							 1060.033179 1061.770114 1063.509841 1065.252365 1066.997691 1068.745823 1070.496765 1072.250522 1074.007099 1075.766499 1077.528729 1079.293791 1081.061692 1082.832434 1084.606024 1086.382465
							 1088.161762 1089.943920 1091.728944 1093.516837 1095.307605 1097.101252 1098.897783 1100.697202 1102.499514 1104.304725 1106.112838 1107.923858 1109.737790 1111.554638 1113.374408 1115.197103
							 1117.022730 1118.851292 1120.682793 1122.517240 1124.354637 1126.194988 1128.038298 1129.884572 1131.733815 1133.586031 1135.441225 1137.299403 1139.160569 1141.024727 1142.891883 1144.762041
							 1146.635207 1148.511385 1150.390579 1152.272796 1154.158039 1156.046314 1157.937625 1159.831978 1161.729377 1163.629827 1165.533334 1167.439901 1169.349535 1171.262239 1173.178019 1175.096880
							 1177.018828 1178.943865 1180.871999 1182.803233 1184.737574 1186.675025 1188.615592 1190.559280 1192.506093 1194.456038 1196.409119 1198.365341 1200.324709 1202.287228 1204.252903 1206.221740
							 1208.193744 1210.168919 1212.147271 1214.128804 1216.113525 1218.101438 1220.092548 1222.086861 1224.084381 1226.085114 1228.089066 1230.096240 1232.106643 1234.120279 1236.137155 1238.157274
							 1240.180643 1242.207266 1244.237149 1246.270297 1248.306716 1250.346410 1252.389385 1254.435647 1256.485199 1258.538049 1260.594201 1262.653661 1264.716433 1266.782524 1268.851938 1270.924681
							 1273.000759 1275.080176 1277.162938 1279.249051 1281.338520 1283.431350 1285.527547 1287.627116 1289.730063 1291.836392 1293.946111 1296.059223 1298.175736 1300.295653 1302.418981 1304.545724
							 1306.675890 1308.809482 1310.946507 1313.086971 1315.230878 1317.378234 1319.529046 1321.683317 1323.841055 1326.002265 1328.166952 1330.335122 1332.506780 1334.681932 1336.860585 1339.042743
							 1341.228412 1343.417597 1345.610306 1347.806542 1350.006313 1352.209623 1354.416479 1356.626885 1358.840849 1361.058375 1363.279469 1365.504137 1367.732386 1369.964220 1372.199645 1374.438668
							 1376.681294 1378.927529 1381.177379 1383.430849 1385.687946 1387.948675 1390.213042 1392.481054 1394.752715 1397.028032 1399.307011 1401.589658 1403.875979 1406.165979 1408.459665 1410.757042
							 1413.058117 1415.362895 1417.671383 1419.983586 1422.299510 1424.619163 1426.942548 1429.269674 1431.600545 1433.935167 1436.273548 1438.615692 1440.961606 1443.311297 1445.664769 1448.022030
							 1450.383085 1452.747940 1455.116603 1457.489078 1459.865372 1462.245491 1464.629442 1467.017231 1469.408863 1471.804345 1474.203684 1476.606885 1479.013955 1481.424900 1483.839726 1486.258439
							 1488.681047 1491.107555 1493.537969 1495.972296 1498.410543 1500.852714 1503.298818 1505.748860 1508.202846 1510.660784 1513.122679 1515.588538 1518.058366 1520.532172 1523.009961 1525.491739
							 1527.977513 1530.467290 1532.961075 1535.458876 1537.960699 1540.466551 1542.976437 1545.490365 1548.008341 1550.530372 1553.056464 1555.586624 1558.120858 1560.659173 1563.201576 1565.748072
							 1568.298670 1570.853375 1573.412195 1575.975135 1578.542202 1581.113404 1583.688747 1586.268237 1588.851882 1591.439687 1594.031660 1596.627808 1599.228138 1601.832655 1604.441367 1607.054281
							 1609.671403 1612.292740 1614.918300 1617.548089 1620.182113 1622.820380 1625.462897 1628.109670 1630.760707 1633.416013 1636.075597 1638.739465 1641.407625 1644.080082 1646.756844 1649.437918
							 1652.123311 1654.813030 1657.507082 1660.205474 1662.908213 1665.615307 1668.326761 1671.042583 1673.762781 1676.487362 1679.216331 1681.949698 1684.687468 1687.429649 1690.176248 1692.927273
							 1695.682730 1698.442626 1701.206969 1703.975766 1706.749025 1709.526752 1712.308954 1715.095640 1717.886816 1720.682489 1723.482667 1726.287358 1729.096568 1731.910304 1734.728575 1737.551387
							 1740.378748 1743.210666 1746.047147 1748.888199 1751.733829 1754.584045 1757.438855 1760.298266 1763.162285 1766.030919 1768.904177 1771.782065 1774.664592 1777.551764 1780.443590 1783.340077
							 1786.241232 1789.147063 1792.057578 1794.972784 1797.892688 1800.817299 1803.746625 1806.680672 1809.619448 1812.562962 1815.511220 1818.464231 1821.422002 1824.384540 1827.351855 1830.323953
							 1833.300842 1836.282530 1839.269025 1842.260334 1845.256466 1848.257428 1851.263228 1854.273874 1857.289374 1860.309736 1863.334967 1866.365075 1869.400069 1872.439956 1875.484745 1878.534443
							 1881.589058 1884.648598 1887.713071 1890.782486 1893.856850 1896.936171 1900.020458 1903.109718 1906.203959 1909.303190 1912.407419 1915.516653 1918.630902 1921.750173 1924.874473 1928.003813
							 1931.138199 1934.277639 1937.422143 1940.571718 1943.726373 1946.886115 1950.050953 1953.220896 1956.395951 1959.576127 1962.761432 1965.951875 1969.147464 1972.348208 1975.554113 1978.765190
							 1981.981447 1985.202891 1988.429532 1991.661377 1994.898436 1998.140716 2001.388226 2004.640976 2007.898972 2011.162224 2014.430741 2017.704530 2020.983601 2024.267962 2027.557622 2030.852588
							 2034.152871 2037.458478 2040.769418 2044.085700 2047.407333 2050.734325 2054.066685 2057.404422 2060.747544 2064.096060 2067.449979 2070.809310 2074.174062 2077.544243 2080.919862 2084.300928
							 2087.687450 2091.079437 2094.476898 2097.879841 2101.288276 2104.702211 2108.121656 2111.546619 2114.977109 2118.413136 2121.854708 2125.301834 2128.754524 2132.212786 2135.676630 2139.146065
							 2142.621099 2146.101742 2149.588003 2153.079891 2156.577415 2160.080585 2163.589410 2167.103898 2170.624059 2174.149903 2177.681438 2181.218674 2184.761620 2188.310286 2191.864680 2195.424812
							 2198.990692 2202.562328 2206.139730 2209.722908 2213.311871 2216.906628 2220.507189 2224.113563 2227.725760 2231.343789 2234.967659 2238.597381 2242.232963 2245.874416 2249.521748 2253.174970
							 2256.834091 2260.499120 2264.170067 2267.846943 2271.529756 2275.218516 2278.913232 2282.613916 2286.320575 2290.033221 2293.751863 2297.476510 2301.207172 2304.943859 2308.686582 2312.435349
							 2316.190171 2319.951057 2323.718018 2327.491063 2331.270202 2335.055445 2338.846802 2342.644284 2346.447899 2350.257658 2354.073572 2357.895649 2361.723900 2365.558336 2369.398966 2373.245800
							 2377.098849 2380.958122 2384.823630 2388.695383 2392.573391 2396.457664 2400.348213 2404.245047 2408.148178 2412.057614 2415.973368 2419.895448 2423.823865 2427.758629 2431.699752 2435.647242
							 2439.601111 2443.561369 2447.528027 2451.501094 2455.480581 2459.466500 2463.458859 2467.457671 2471.462944 2475.474690 2479.492920 2483.517644 2487.548872 2491.586615 2495.630884 2499.681690
							 2503.739042 2507.802953 2511.873431 2515.950489 2520.034137 2524.124386 2528.221246 2532.324728 2536.434843 2540.551602 2544.675016 2548.805095 2552.941851 2557.085294 2561.235435 2565.392286
							 2569.555856 2573.726158 2577.903202 2582.086998 2586.277559 2590.474895 2594.679017 2598.889937 2603.107665 2607.332212 2611.563590 2615.801810 2620.046882 2624.298819 2628.557631 2632.823330
							 2637.095926 2641.375432 2645.661857 2649.955215 2654.255515 2658.562770 2662.876990 2667.198188 2671.526373 2675.861559 2680.203756 2684.552975 2688.909229 2693.272529 2697.642885 2702.020311
							 2706.404816 2710.796414 2715.195114 2719.600930 2724.013872 2728.433953 2732.861184 2737.295576 2741.737141 2746.185892 2750.641839 2755.104995 2759.575371 2764.052979 2768.537831 2773.029939
							 2777.529315 2782.035970 2786.549916 2791.071165 2795.599730 2800.135622 2804.678853 2809.229436 2813.787381 2818.352702 2822.925410 2827.505517 2832.093036 2836.687978 2841.290356 2845.900181
							 2850.517467 2855.142225 2859.774467 2864.414206 2869.061454 2873.716222 2878.378525 2883.048373 2887.725779 2892.410756 2897.103316 2901.803471 2906.511233 2911.226616 2915.949631 2920.680292
							 2925.418610 2930.164597 2934.918268 2939.679634 2944.448707 2949.225501 2954.010028 2958.802301 2963.602332 2968.410134 2973.225720 2978.049102 2982.880293 2987.719306 2992.566154 2997.420850
							 3002.283406 3007.153836 3012.032151 3016.918366 3021.812493 3026.714545 3031.624534 3036.542475 3041.468379 3046.402261 3051.344132 3056.294006 3061.251897 3066.217817 3071.191779 3076.173797
							 3081.163884 3086.162053 3091.168317 3096.182689 3101.205183 3106.235813 3111.274590 3116.321529 3121.376644 3126.439946 3131.511451 3136.591171 3141.679119 3146.775310 3151.879756 3156.992472
							 3162.113470 3167.242765 3172.380369 3177.526297 3182.680562 3187.843178 3193.014158 3198.193517 3203.381267 3208.577423 3213.781998 3218.995007 3224.216462 3229.446378 3234.684769 3239.931648
							 3245.187030 3250.450929 3255.723357 3261.004330 3266.293861 3271.591965 3276.898654 3282.213945 3287.537850 3292.870383 3298.211559 3303.561392 3308.919897 3314.287086 3319.662975 3325.047578
							 3330.440909 3335.842983 3341.253813 3346.673414 3352.101800 3357.538987 3362.984988 3368.439817 3373.903490 3379.376020 3384.857423 3390.347712 3395.846902 3401.355009 3406.872046 3412.398028
							 3417.932970 3423.476886 3429.029792 3434.591701 3440.162629 3445.742591 3451.331601 3456.929674 3462.536826 3468.153070 3473.778422 3479.412896 3485.056509 3490.709274 3496.371206 3502.042322
							 3507.722635 3513.412161 3519.110915 3524.818913 3530.536168 3536.262697 3541.998515 3547.743636 3553.498077 3559.261852 3565.034977 3570.817467 3576.609338 3582.410604 3588.221282 3594.041386
							 3599.870933 3605.709937 3611.558414 3617.416380 3623.283851 3629.160841 3635.047367 3640.943444 3646.849088 3652.764315 3658.689139 3664.623578 3670.567647 3676.521361 3682.484737 3688.457790
							 3694.440536 3700.432991 3706.435171 3712.447092 3718.468771 3724.500222 3730.541462 3736.592507 3742.653374 3748.724078 3754.804635 3760.895062 3766.995375 3773.105590 3779.225724 3785.355792
							 3791.495811 3797.645797 3803.805767 3809.975737 3816.155724 3822.345743 3828.545812 3834.755947 3840.976164 3847.206481 3853.446912 3859.697476 3865.958189 3872.229068 3878.510129 3884.801388
							 3891.102864 3897.414571 3903.736529 3910.068752 3916.411258 3922.764064 3929.127187 3935.500644 3941.884452 3948.278627 3954.683187 3961.098149 3967.523530 3973.959347 3980.405617 3986.862358
						</SingleSampledCurve>
					</CurveSetElement>
					<!--curve{LtoDL} converts measured Luminance (L) to display Drive Level (DL) -->
					<CurveSetElement Name="LtoDL" InputChannels="1" OutputChannels="1"> 
						<!-- This example assumes linear luminance response of device -->
						<!-- To work with actual device measure luminance for each drive level.-->
						<!-- Then invert to determine fractional drive levels for each linear increment of luminance, and put in SingleSampledCurveSegment-->
						<!-- Set FirstEntry and LastEntry to measured min and max luminances of display-->
						<SingleSampledCurve Start="-infinity" End="+infinity" FirstEntry="10" LastEntry="1000" StorageType="0" ExtensionType="0">
							0.0 1.0
						</SingleSampledCurve>
					</CurveSetElement>
				</SubElements>
      <Variables>
        <Declare Name="LoL"/>
        <Declare Name="HiL"/>
        <Declare Name="MaxAmbientL"/>
        <Declare Name="AmbientL"/>
        <Declare Name="LoJND"/>
        <Declare Name="HiJND"/>
        <Declare Name="RangeJND"/>
        <Declare Name="RangeDL"/>
      </Variables>
      <MainFunction>
{
;Initialize constants based on measurement of display luminance (in dark environment) and ambient luminance of environment
10 tput{LoL} ;Low luminance level based on measurement of device in Dark environment (should match FirstEntry attribute of curve{LtoDL})
1000 tput{HiL} ;High luminance level based on measurement of device in Dark environment (should match LastEntry attribute of curve{LtoDL})

;Determine max ambient luminance
3993.32958588733 tget{HiL} sub tput{MaxAmbientL} ;(3933.32958588733 should be same as last value of curve{JNDtoL})

;Get Ambience level from cmm environment variable and validate it
env(ambL) if { 0 max } else { pop 10 } ; get ambient luminance level from 'ambL' CMM environment variable (default is 10 cd/m^2)
tget{MaxAmbientL} min tput{AmbientL}

%Use measured Luminance form display and ambient luminance to determine lo and hi JND levels
tget{LoL} tget{AmbientL} add log curv{LogLtoJND} tput{LoJND}; LtoJND(log(LoL+AmbientL))
tget{HiL} tget{AmbientL} add log curv{LogLtoJND} tput{HiJND}; LtoJND(log(HiL+AmbientL))

;Determine JND range of display in ambient envir6 0.324900 0.328011 0.331139 0.334284 0.337447 0.340626 0.343823 0.347037 0.350269 0.353518 0.356784
							 0.360068 0.363370 0.366688 0.370025 0.373379 0.376750 0.380140 0.383546 0.386971 0.390414 0.393874 0.397352 0.400848 0.404362 0.407893 0.411443
							 0.415011 0.418597 0.422200 0.425822 0.429463 0.433121 0.436798 0.440492 0.444206 0.447937 0.451687 0.455455 0.459242 0.463047 0.466871 0.470713
							 0.474574 0.478453 0.482351 0.486268 0.490204 0.494158 0.498131 0.502123 0.506134 0.510164 0.514213 0.518280 0.522367 0.526473 0.530598 0.534742
							 0.538905 0.543087 0.547289 0.551510 0.555750 0.560010 0.564289 0.568587 0.572905 0.577242 0.581599 0.585976 0.590372 0.594787 0.599223 0.603678
							 0.608153 0.612647 0.617162 0.621696 0.626251 0.630825 0.635419 0.640033 0.644667 0.649322 0.653996 0.658691 0.663406 0.668141 0.672896 0.677672
							 0.682468 0.687284 0.692121 0.696978 0.701856 0.706754 0.711673 0.716613 0.721573 0.726554 0.731555 0.736577 0.741621 0.746685 0.751769 0.756875
							 0.762002 0.767150 0.772318 0.777508 0.782719 0.787951 0.793204 0.798479 0.803774 0.809091 0.814430 0.819789 0.825171 0.830573 0.835997 0.841443
							 0.846910 0.852399 0.857909 0.863441 0.868995 0.874570 0.880168 0.885787 0.891428 0.897091 0.902776 0.908483 0.914212 0.919963 0.925736 0.931531
							 0.937348 0.943188 0.949050 0.954934 0.960841 0.966770 0.972721 0.978695 0.984691 0.990710 0.996752 1.002816 1.008903 1.015012 1.021144 1.027299
							 1.033477 1.039678 1.045901 1.052148 1.058417 1.064710 1.071025 1.077364 1.083726 1.090111 1.096519 1.102951 1.109405 1.115883 1.122385 1.128910
							 1.135458 1.142030 1.148626 1.155245 1.161887 1.168554 1.175244 1.181958 1.188695 1.195457 1.202242 1.209051 1.215884 1.222742 1.229623 1.236528
							 1.243458 1.250411 1.257389 1.264391 1.271417 1.278468 1.285543 1.292643 1.299767 1.306915 1.314088 1.321286 1.328508 1.335755 1.343026 1.350322
							 1.357644 1.364990 1.372360 1.379756 1.387177 1.394623 1.402093 1.409589 1.417110 1.424657 1.432228 1.439825 1.447447 1.455094 1.462767 1.470465
							 1.478189 1.485938 1.493713 1.501513 1.509339 1.517191 1.525068 1.532972 1.540901 1.548856 1.556836 1.564843 1.572876 1.580935 1.589020 1.597131
							 1.605269 1.613432 1.621622 1.629838 1.638081 1.646349 1.654645 1.662967 1.671315 1.679690 1.688092 1.696520 1.704975 1.713457 1.721965 1.730501
							 1.739063 1.747652 1.756269 1.764912 1.773582 1.782280 1.791004 1.799756 1.808535 1.817342 1.826176 1.835037 1.843926 1.852842 1.861785 1.870757
							 1.879756 1.888782 1.897837 1.906919 1.916029 1.925166 1.934332 1.943526 1.952747 1.961997 1.971275 1.980581 1.989915 1.999277 2.008668 2.018087
							 2.027534 2.037010 2.046515 2.056047 2.065609 2.075199 2.084817 2.094465 2.104141 2.113846 2.123580 2.133342 2.143134 2.152955 2.162805 2.172683
							 2.182591 2.192529 2.202495 2.212491 2.222516 2.232570 2.242654 2.252768 2.262911 2.273083 2.283285 2.293517 2.303779 2.314070 2.324391 2.334742
							 2.345123 2.355534 2.365975 2.376447 2.386948 2.397479 2.408041 2.418633 2.429255 2.439908 2.450591 2.461305 2.472049 2.482823 2.493629 2.504465
							 2.515332 2.526229 2.537158 2.548117 2.559107 2.570128 2.581181 2.592264 2.603379 2.614524 2.625701 2.636910 2.648149 2.659420 2.670723 2.682057
							 2.693422 2.704820 2.716248 2.727709 2.739201 2.750725 2.762281 2.773869 2.785489 2.797141 2.808825 2.820542 2.832290 2.844071 2.855884 2.867729
							 2.879607 2.891517 2.903460 2.915435 2.927443 2.939483 2.951556 2.963663 2.975801 2.987973 3.000178 3.012416 3.024686 3.036990 3.049327 3.061698
							 3.074101 3.086538 3.099008 3.111512 3.124049 3.136620 3.149224 3.161862 3.174534 3.187239 3.199978 3.212751 3.225558 3.238399 3.251275 3.264184
							 3.277127 3.290105 3.303116 3.316163 3.329243 3.342358 3.355508 3.368692 3.381910 3.395163 3.408451 3.421774 3.435132 3.448524 3.461952 3.475414
							 3.488912 3.502444 3.516012 3.529615 3.543254 3.556927 3.570637 3.584381 3.598161 3.611977 3.625828 3.639715 3.653638 3.667597 3.681591 3.695622
							 3.709688 3.723791 3.737929 3.752104 3.766315 3.780562 3.794846 3.809166 3.823522 3.837916 3.852345 3.866811 3.881314 3.895854 3.910431 3.925044
							 3.939695 3.954382 3.969107 3.983868 3.998667 4.013503 4.028376 4.043287 4.058235 4.073221 4.088244 4.103305 4.118404 4.133540 4.148714 4.163926
							 4.179176 4.194464 4.209790 4.225154 4.240556 4.255996 4.271475 4.286992 4.302548 4.318142 4.333774 4.349445 4.365155 4.380904 4.396691 4.412518
							 4.428383 4.444287 4.460230 4.476213 4.492234 4.508295 4.524395 4.540534 4.556713 4.572932 4.589190 4.605487 4.621825 4.638202 4.654619 4.671076
							 4.687572 4.704109 4.720686 4.737303 4.753960 4.770658 4.787396 4.804174 4.820993 4.837852 4.854752 4.871693 4.888674 4.905696 4.922759 4.939863
							 4.957008 4.974194 4.991421 5.008690 5.026000 5.043351 5.060743 5.078177 5.095653 5.113170 5.130729 5.148329 5.165971 5.183656 5.201382 5.219150
							 5.236961 5.254813 5.272708 5.290645 5.308624 5.326646 5.344710 5.362817 5.380967 5.399159 5.417394 5.435672 5.453993 5.472357 5.490764 5.509214
							 5.527707 5.546243 5.564823 5.583446 5.602113 5.620823 5.639577 5.658375 5.677216 5.696101 5.715031 5.734004 5.753021 5.772082 5.791188 5.810337
							 5.829531 5.848770 5.868053 5.887380 5.906752 5.926169 5.945631 5.965137 5.984689 6.004285 6.023926 6.043613 6.063345 6.083122 6.102944 6.122812
							 6.142725 6.162684 6.182689 6.202739 6.222835 6.242977 6.263165 6.283399 6.303679 6.324006 6.344378 6.364797 6.385262 6.405774 6.426332 6.446937
							 6.467588 6.488287 6.509032 6.529824 6.550663 6.571549 6.592482 6.613463 6.634491 6.655564.870209 44.963195 45.056343 45.149654 45.243128 45.336766 45.430567 45.524533
							 45.618663 45.712958 45.807417 45.902041 45.996831 46.091787 46.186908 46.282195 46.377649 46.473270 46.569057 46.665012 46.761134 46.857424 46.953882 47.050508
							 47.147302 47.244266 47.341398 47.438700 47.536172 47.633813 47.731625 47.829607 47.927760 48.026083 48.124578 48.223245 48.322083 48.421093 48.520276 48.619631
							 48.719159 48.818860 48.918735 49.018784 49.119006 49.219403 49.319974 49.420720 49.521642 49.622738 49.724010 49.825459 49.927083 50.028884 50.130862 50.233016
							 50.335349 50.437858 50.540546 50.643412 50.746456 50.849679 50.953082 51.056663 51.160424 51.264365 51.368487 51.472788 51.577271 51.681934 51.786779 51.891806
							 51.997014 52.102405 52.207978 52.313734 52.419673 52.525795 52.632101 52.738591 52.845266 52.952125 53.059168 53.166397 53.273811 53.381411 53.489197 53.597170
							 53.705329 53.813674 53.922207 54.030928 54.139836 54.248933 54.358218 54.467691 54.577354 54.687206 54.797247 54.907479 55.017900 55.128512 55.239315 55.350309
							 55.461495 55.572872 55.684441 55.796203 55.908157 56.020304 56.132645 56.245179 56.357907 56.470829 56.583945 56.697257 56.810763 56.924465 57.038363 57.152456
							 57.266746 57.381233 57.495917 57.610798 57.725877 57.841153 57.956628 58.072301 58.188173 58.304245 58.420516 58.536986 58.653657 58.770529 58.887601 59.004874
							 59.122349 59.240025 59.357904 59.475984 59.594268 59.712754 59.831444 59.950338 60.069436 60.188737 60.308244 60.427955 60.547872 60.667995 60.788323 60.908858
							 61.029599 61.150547 61.271703 61.393066 61.514637 61.636416 61.758404 61.880601 62.003007 62.125623 62.248448 62.371484 62.494730 62.618188 62.741856 62.865736
							 62.989829 63.114133 63.238650 63.363380 63.488323 63.613480 63.738851 63.864436 63.990236 64.116250 64.242480 64.368926 64.495588 64.622466 64.749561 64.876873
							 65.004402 65.132149 65.260114 65.388297 65.516700 65.645321 65.774162 65.903223 66.032504 66.162005 66.291727 66.421671 66.551836 66.682223 66.812832 66.943664
							 67.074719 67.205997 67.337499 67.469225 67.601176 67.733351 67.865751 67.998377 68.131229 68.264307 68.397611 68.531142 68.664901 68.798887 68.933101 69.067544
							 69.202216 69.337116 69.472246 69.607606 69.743196 69.879016 70.015068 70.151350 70.287865 70.424611 70.561590 70.698802 70.836246 70.973925 71.111837 71.249983
							 71.388364 71.526980 71.665831 71.804918 71.944242 72.083801 72.223598 72.363632 72.503903 72.644413 72.785160 72.926147 73.067373 73.208838 73.350543 73.492488
							 73.634674 73.777102 73.919770 74.062681 74.205833 74.349228 74.492866 74.636748 74.780873 74.925242 75.069856 75.214715 75.359819 75.505169 75.650765 75.796607
							 75.942696 76.089032 76.235616 76.382448 76.529529 76.676858 76.824437 76.972265 77.120343 77.268672 77.417251 77.566082 77.715164 77.864498 78.014085 78.163924
							 78.314017 78.464363 78.614964 78.765818 78.916928 79.068293 79.219913 79.371790 79.523922 79.676312 79.828959 79.981864 80.135027 80.288448 80.442128 80.596068
							 80.750267 80.904726 81.059446 81.214427 81.369669 81.525173 81.680940 81.836969 81.993261 82.149816 82.306635 82.463719 82.621068 82.778681 82.936560 83.094705
							 83.253117 83.411795 83.570741 83.729954 83.889435 84.049185 84.209204 84.369492 84.530050 84.690879 84.851978 85.013348 85.174990 85.336903 85.499089 85.661548
							 85.824280 85.987286 86.150566 86.314121 86.477950 86.642055 86.806436 86.971093 87.136027 87.301238 87.466727 87.632494 87.798540 87.964864 88.131468 88.298351
							 88.465515 88.632960 88.800686 88.968693 89.136983 89.305555 89.474410 89.643549 89.812971 89.982678 90.152670 90.322946 90.493509 90.664358 90.835493 91.006915
							 91.178625 91.350623 91.522909 91.695484 91.868348 92.041503 92.214947 92.388682 92.562709 92.737027 92.911637 93.086540 93.261735 93.437225 93.613008 93.789086
							 93.965458 94.142126 94.319090 94.496350 94.673907 94.851761 95.029913 95.208363 95.387112 95.566160 95.745508 95.925155 96.105103 96.285353 96.465904 96.646756
							 96.827912 97.009370 97.191132 97.373198 97.555568 97.738243 97.921223 98.104509 98.288102 98.472002 98.656208 98.840723 99.025546 99.210678 99.396119 99.581870
							 99.767931 99.954303 100.140986 100.327981 100.515288 100.702908 100.890841 101.079088 101.267649 101.456525 101.645716 101.835223 102.025046 102.215186 102.405643 102.596417
							 102.787511 102.978922 103.170653 103.362704 103.555075 103.747767 103.940781 104.134116 104.327773 104.521753 104.716057 104.910684 105.105636 105.300913 105.496515 105.692443
							 105.888697 106.085279 106.282188 106.479425 106.676990 106.874884 107.073108 107.271663 107.470547 107.669763 107.869311 108.069190 108.269403 108.469948 108.670828 108.872042
							 109.073590 109.275474 109.477694 109.680250 109.883144 110.086374 110.289943 110.493850 110.698097 110.902683 111.107609 111.312876 111.518485 111.724435 111.930728 112.137363
							 112.344342 112.551665 112.759332 112.967345 113.175703 113.384407 113.593458 113.802856 114.012603 114.222697 114.433141 114.643934 114.855077 115.066570 115.278415 115.490612
							 115.703160 115.916062 116.129317 116.342926 116.556890 116.771208 116.985883 117.200913 117.416300 117.632045 117.848148 118.064609 118.281429 118.498608 118.716148 118.934049
							 119.152311 119.370935 119.589921 119.809271 120.028984 120.249061 120.469503 120.690311 120.911484 121.133024 121.354931 121.577206 121.799849 122.022861 122.246243 122.469994
							 122.694116 122.918610 123.143475 123.368712 123.594323 123.820307 124.046665 124.273398 124.500507 124.727991 124.955852 125.184090 125.412706 125.641700 125.871074 126.100826
							 126.330959 126.561473 126.792368 127.023645 127.255305 127.487348 127.719774 127.952585 128.185781 128.419363 128.653331 128.887686 129.122428 129.357558 129.593077 129.828986
							 130.065284 130.301973 130.539053 130.776525 131.014389 131.252646 131.491297 131.730343 131.969783 132.209619 132.449851 132.690479 132.931506 133.172930 133.414753 133.656975
							 133.899597 134.142620 134.386044 134.629870 134.874099 135.118730 135.363766 135.609206 135.855051 136.101301 136.347958 136.595022 136.842494 137.090374 137.338663 137.587362
							 137.836470 138.085990 138.335921 138.586265 138.837021 139.088191 139.339775 139.591774 139.844189 140.097019 140.350266 140.603931 140.858014 141.112516 141.367437 141.622779
							 141.878541 142.134725 142.391331 142.648359 142.905811 143.163688 143.421989 143.680715 143.939868 144.199448 144.459455 144.719890 144.980755 145.242048 145.503773 145.765928
							 146.028514 146.291533 146.554985 146.818871 147.083191 147.347946 147.613137 147.878765 148.144829 148.411331 148.678272 148.945652 149.213472 149.481733 149.750435 150.019579
							 150.289166 150.559196 150.829670 151.100589 151.371954 151.643765 151.916023 152.188728 152.461882 152.735485 153.009538 153.284041 153.558996 153.834402 154.110262 154.386574
							 154.663341 154.940563 155.218240 155.496373 155.774964 156.054012 156.333518 156.613484 156.893910 157.174796 157.456144 157.737954 158.020227 158.302963 158.586163 158.869829
							 159.153960 159.438558 159.723624 160.009157 160.295159 160.581631 160.868572 161.155985 161.443870 161.732227 162.021057 162.310361 162.600140 162.890395 163.181126 163.472333
							 163.764019 164.056183 164.348827 164.641950 164.935554 165.229640 165.524208 165.819260 166.114795 166.410815 166.707320 167.004312 167.301790 167.599756 167.898211 168.197155
							 168.496589 168.796514 169.096930 169.397839 169.699241 170.001137 170.303528 170.606414 170.909797 171.213677 171.518055 171.822931 172.128307 172.434183 172.740560 173.047439
							 173.354821 173.662706 173.971096 174.279991 174.589391 174.899298 175.209713 175.520636 175.832068 176.144010 176.456462 176.769426 177.082903 177.396893 177.711396 178.026415
							 178.341949 178.657999 178.974567 179.291652 179.609257 179.927381 180.246026 180.565193 180.884881 181.205092 181.525828 181.847088 182.168873 182.491185 182.814024 183.137391
							 183.461287 183.785713 184.110669 184.436157 184.762177 185.088730 185.415816 185.743438 186.071595 186.400289 186.729520 187.059289 187.389598 187.720446 188.051835 188.383765
							 188.716239 189.049255 189.382816 189.716921 190.051573 190.386771 190.722517 191.058812 191.395656 191.733050 192.070996 192.409493 192.748543 193.088148 193.428307 193.769021
							 194.110292 194.452120 194.794506 195.137452 195.480957 195.825023 196.169652 196.514842 196.860597 197.206915 197.553799 197.901250 198.249267 198.597853 198.947007 199.296731
							 199.647026 199.997893 200.349332 200.701345 201.053932 201.407095 201.760833 202.115149 202.470040 202.825516 203.181568 203.538202 203.895417 204.253215 204.611596 204.970562
							 205.330114 205.690252 206.050977 206.412290 206.774193 207.136685 207.499769 207.863445 208.227713 208.592576 208.958033 209.324086 209.690736 210.057984 210.425830 210.794275
							 211.163321 211.532969 211.903219 212.274072 212.645530 213.017593 213.390262 213.763539 214.137423 214.511917 214.887021 215.262736 215.639063 216.016004 216.393558 216.771727
							 217.150512 217.529914 217.909934 218.290573 218.671832 219.053712 219.436214 219.819338 220.203086 220.587459 220.972458 221.358084 221.744338 222.131220 222.518733 222.906876
							 223.295651 223.685058 224.075100 224.465776 224.857089 225.249038 225.641625 226.034851 226.428717 226.823223 227.218372 227.614164 228.010600 228.407680 228.805407 229.203781
							 229.602803 230.002474 230.402795 230.803767 231.205392 231.607670 232.010602 232.414189 232.818433 233.223335 233.628894 234.035114 234.441994 234.849535 235.257739 235.666607
							 236.076140 236.486338 236.897204 237.308737 237.720940 238.133812 238.547356 238.961572 239.376461 239.792024 240.208263 240.625179 241.042772 241.461044 241.879995 242.299627
							 242.719941 243.140939 243.562620 243.984986 244.408039 244.831779 245.256207 245.681325 246.107134 246.533634 246.960827 247.388714 247.817297 248.246575 248.676550 249.107224
							 249.538598 249.970671 250.403447 250.836925 251.271108 251.705995 252.141589 252.577890 253.014899 253.452618 253.891047 254.330188 254.770043 255.210611 255.651895 256.093894
							 256.536612 256.980048 257.424203 257.869080 258.314679 258.761001 259.208047 259.655819 260.104317 260.553544 261.003499 261.454184 261.905601 262.357750 262.810633 263.264251
							 263.718605 264.173695 264.629524 265.086093 265.543402 266.001453 266.460247 266.919786 267.380069 267.841100 268.302878 268.765405 269.228682 269.692710 270.157491 270.623026
							 271.089316 271.556362 272.024165 272.492726 272.962048 273.432130 273.902975 274.374583 274.846956 275.320094 275.793999 276.268673 276.744116 277.220330 277.697316 278.175075
							 278.653608 279.132917 279.613003 280.093867 280.575510 281.057934 281.541140 282.025129 282.509902 282.995460 283.481806 283.968939 284.456862 284.945575 285.435080 285.925378
							 286.416471 286.908359 287.401044 287.894528 288.388810 288.883894 289.379779 289.876467 290.373961 290.872259 291.371365 291.871280 292.372004 292.873539 293.375886 293.879047
							 294.383022 294.887814 295.393423 295.899851 296.407099 296.915168 297.424060 297.933775 298.444316 298.955684 299.467880 299.980904 300.494760 301.009447 301.524967 302.041322
							 302.558513 303.076540 303.595507 304.115113 304.635660 305.157050 305.679284 306.202363 306.726288 307.251061 307.776684 308.303157 308.830482 309.358661 309.887694 310.417583
							 310.948330 311.479935 312.012400 312.545727 313.079917 313.614971 314.150891 314.687677 315.225332 315.763857 316.303253 316.843521 317.384664 317.926681 318.469576 319.013348
							 319.558000 320.103533 320.649948 321.197247 321.745431 322.294502 322.844460 323.395308 323.947047 324.499678 325.053202 325.607622 326.162938 326.719151 327.276265 327.834279
							 328.393195 328.953015 329.513739 330.075371 330.637910 331.201359 331.765718 332.330990 332.897176 333.464277 334.032294 334.601230 335.171085 335.741861 336.313560 336.886183
							 337.459731 338.034207 338.609610 339.185944 339.763209 340.341407 340.920539 341.500607 342.081612 342.663556 343.246441 343.830267 344.415037 345.000751 345.587412 346.175021
							 346.763579 347.353088 347.943549 348.534964 349.127335 349.720662 350.314948 350.910194 351.506402 352.103573 352.701708 353.300809 353.900878 354.501916 355.103925 355.706907
							 356.310862 356.915792 357.521700 358.128586 358.736452 359.345300 359.955131 360.565946 361.177748 361.790538 362.404318 363.019088 363.634852 364.251609 364.869362 365.488113
							 366.107863 366.728613 367.350366 367.973122 368.596883 369.221652 369.847429 370.474217 371.102016 371.730829 372.360656 372.991501 373.623363 374.256246 374.890150 375.525077
							 376.161029 376.798008 377.436014 378.075050 378.715118 379.356219 379.998354 380.641525 381.285735 381.930984 382.577274 383.224607 383.872985 384.522409 385.172881 385.824403
							 386.476975 387.130601 387.785282 388.441018 389.097813 389.755667 390.414583 391.074562 391.735605 392.397715 393.060893 393.725141 394.390461 395.056853 395.724321 396.392865
							 397.062488 397.733191 398.404976 399.077845 399.751798 400.426839 401.102969 401.780189 402.458501 403.137908 403.818410 404.500009 405.182708 405.866508 406.551411 407.237418
							 407.924531 408.612753 409.302084 409.992527 410.684083 411.376754 412.070543 412.765450 413.461477 414.158627 414.856901 415.556300 416.256827 416.958484 417.661272 418.365193
							 419.070249 419.776442 420.483773 421.192244 421.901858 422.612615 423.324518 424.037569 424.751770 425.467121 426.183626 426.901286 427.620102 428.340077 429.061213 429.783511
							 430.506973 431.231601 431.957397 432.684363 433.412501 434.141812 434.872298 435.603962 436.336805 437.070829 437.806036 438.542428 439.280006 440.018773 440.758731 441.499881
							 442.242225 442.985765 443.730504 444.476442 445.223583 445.971927 446.721478 447.472236 448.224203 448.977382 449.731775 450.487383 451.244209 452.002253 452.761519 453.522009
							 454.283723 455.046665 455.810836 456.576238 457.342873 458.110742 458.879849 459.650195 460.421782 461.194612 461.968686 462.744008 463.520578 464.298399 465.077473 465.857802
							 466.639388 467.422233 468.206338 468.991707 469.778340 470.566241 471.355410 472.145850 472.937564 473.730552 474.524818 475.320363 476.117189 476.915298 477.714692 478.515374
							 479.317345 480.120608 480.925164 481.731016 482.538165 483.346614 484.156365 484.967420 485.779781 486.593450 487.408429 488.224720 489.042326 489.861248 490.681488 491.503049
							 492.325934 493.150142 493.975678 494.802543 495.630740 496.460269 497.291134 498.123337 498.956880 499.791764 500.627992 501.465567 502.304490 503.144764 503.986390 504.829371
							 505.673709 506.519407 507.366465 508.214887 509.064675 509.915831 510.768357 511.622255 512.477527 513.334177 514.192205 515.051614 515.912406 516.774584 517.638149 518.503105
							 519.369453 520.237194 521.106333 521.976870 522.848809 523.722151 524.596898 525.473053 526.350618 527.229596 528.109988 528.991797 529.875024 530.759674 531.645747 532.533246
							 533.422173 534.312530 535.204320 536.097546 536.992208 537.888311 538.785855 539.684843 540.585279 541.487163 542.390498 543.295286 544.201531 545.109234 546.018397 546.929023
							 547.841114 548.754673 549.669702 550.586203 551.504178 552.423631 553.344563 554.266976 555.190874 556.116258 557.043130 557.971494 558.901352 559.832705 560.765557 561.699909
							 562.635765 563.573126 564.511995 565.452375 566.394267 567.337675 568.282600 569.229046 570.177013 571.126506 572.077526 573.030076 573.984159 574.939776 575.896930 576.855624
							 577.815859 578.777640 579.740967 580.705845 581.672274 582.640257 583.609798 584.580898 585.553560 586.527786 587.503580 588.480943 589.459878 590.440387 591.422474 592.406140
							 593.391388 594.378220 595.366640 596.356650 597.348252 598.341448 599.336242 600.332636 601.330633 602.330234 603.331443 604.334262 605.338694 606.344742 607.352407 608.361693
							 609.372601 610.385136 611.399299 612.415093 613.432520 614.451584 615.472286 616.494629 617.518617 618.544252 619.571535 620.600471 621.631061 622.663309 623.697216 624.732786
							 625.770021 626.808924 627.849497 628.891744 629.935667 630.981268 632.028551 633.077517 634.128170 635.180513 636.234548 637.290277 638.347704 639.406832 640.467662 641.530198
							 642.594442 643.660397 644.728067 645.797453 646.868558 647.941386 649.015938 650.092219 651.170229 652.249973 653.331453 654.414672 655.499632 656.586336 657.674788 658.764990
							 659.856944 660.950654 662.046122 663.143352 664.242346 665.343106 666.445636 667.549939 668.656017 669.763873 670.873510 671.984932 673.098140 674.213137 675.329927 676.448513
							 677.568897 678.691082 679.815071 680.940866 682.068472 683.197891 684.329125 685.462177 686.597051 687.733750 688.872276 690.012632 691.154821 692.298846 693.444710 694.592417
							 695.741968 696.893367 698.046617 699.201721 700.358682 701.517503 702.678186 703.840735 705.005153 706.171443 707.339607 708.509649 709.681572 710.855379 712.031073 713.208656
							 714.388132 715.569505 716.752776 717.937949 719.125027 720.314014 721.504911 722.697723 723.892452 725.089102 726.287675 727.488175 728.690604 729.894966 731.101264 732.309500
							 733.519679 734.731803 735.945875 737.161899 738.379877 739.599813 740.821710 742.045571 743.271399 744.499197 745.728969 746.960717 748.194446 749.430157 750.667854 751.907541
							 753.149220 754.392895 755.638569 756.886245 758.135926 759.387616 760.641318 761.897034 763.154770 764.414526 765.676307 766.940117 768.205957 769.473833 770.743746 772.015700
							 773.289698 774.565744 775.843841 777.123992 778.406201 779.690470 780.976803 782.265204 783.555676 784.848222 786.142845 787.439549 788.738337 790.039213 791.342179 792.647239
							 793.954397 795.263656 796.575019 797.888490 799.204072 800.521768 801.841582 803.163517 804.487576 805.813764 807.142083 808.472538 809.805130 811.139864 812.476743 813.815771
							 815.156951 816.500287 817.845781 819.193438 820.543261 821.895253 823.249419 824.605760 825.964282 827.324987 828.687879 830.052961 831.420237 832.789711 834.161385 835.535264
							 836.911352 838.289651 839.670165 841.052897 842.437852 843.825033 845.214444 846.606087 847.999967 849.396088 850.794452 852.195063 853.597926 855.003043 856.410419 857.820056
							 859.231959 860.646131 862.062577 863.481298 864.902300 866.325585 867.751158 869.179023 870.609182 872.041639 873.476399 874.913465 876.352840 877.794529 879.238535 880.684862
							 882.133513 883.584492 885.037804 886.493451 887.951438 889.411768 890.874445 892.339473 893.806856 895.276597 896.748700 898.223170 899.700009 901.179221 902.660812 904.144783
							 905.631139 907.119885 908.611023 910.104558 911.600493 913.098833 914.599580 916.102740 917.608316 919.116312 920.626731 922.139578 923.654857 925.172571 926.692724 928.215321
							 929.740365 931.267860 932.797811 934.330220 935.865092 937.402432 938.942242 940.484527 942.029291 943.576538 945.126272 946.678497 948.233217 949.790435 951.350157 952.912386
							 954.477125 956.044380 957.614154 959.186451 960.761275 962.338631 963.918521 965.500952 967.085926 968.673447 970.263520 971.856149 973.451338 975.049091 976.649413 978.252306
							 979.857776 981.465827 983.076463 984.689687 986.305505 987.923919 989.544936 991.168558 992.794790 994.423636 996.055100 997.689187 999.325900 1000.965244 1002.607224 1004.251843
							 1005.899106 1007.549016 1009.201579 1010.856798 1012.514678 1014.175223 1015.838438 1017.504326 1019.172892 1020.844140 1022.518075 1024.194700 1025.874021 1027.556042 1029.240766 1030.928199
							 1032.618344 1034.311207 1036.006790 1037.705100 1039.406140 1041.109914 1042.816427 1044.525684 1046.237688 1047.952445 1049.669959 1051.390233 1053.113273 1054.839083 1056.567668 1058.299032
							 1060.033179 1061.770114 1063.509841 1065.252365 1066.997691 1068.745823 1070.496765 1072.250522 1074.007099 1075.766499 1077.528729 1079.293791 1081.061692 1082.832434 1084.606024 1086.382465
							 1088.161762 1089.943920 1091.728944 1093.516837 1095.307605 1097.101252 1098.897783 1100.697202 1102.499514 1104.304725 1106.112838 1107.923858 1109.737790 1111.554638 1113.374408 1115.197103
							 1117.022730 1118.851292 1120.682793 1122.517240 1124.354637 1126.194988 1128.038298 1129.884572 1131.733815 1133.586031 1135.441225 1137.299403 1139.160569 1141.024727 1142.891883 1144.762041
							 1146.635207 1148.511385 1150.390579 1152.272796 1154.158039 1156.046314 1157.937625 1159.831978 1161.729377 1163.629827 1165.533334 1167.439901 1169.349535 1171.262239 1173.178019 1175.096880
							 1177.018828 1178.943865 1180.871999 1182.803233 1184.737574 1186.675025 1188.615592 1190.559280 1192.506093 1194.456038 1196.409119 1198.365341 1200.324709 1202.287228 1204.252903 1206.221740
							 1208.193744 1210.168919 1212.147271 1214.128804 1216.113525 1218.101438 1220.092548 1222.086861 1224.084381 1226.085114 1228.089066 1230.096240 1232.106643 1234.120279 1236.137155 1238.157274
							 1240.180643 1242.207266 1244.237149 1246.270297 1248.306716 1250.346410 1252.389385 1254.435647 1256.485199 1258.538049 1260.594201 1262.653661 1264.716433 1266.782524 1268.851938 1270.924681
							 1273.000759 1275.080176 1277.162938 1279.249051 1281.338520 1283.431350 1285.527547 1287.627116 1289.730063 1291.836392 1293.946111 1296.059223 1298.175736 1300.295653 1302.418981 1304.545724
							 1306.675890 1308.809482 1310.946507 1313.086971 1315.230878 1317.378234 1319.529046 1321.683317 1323.841055 1326.002265 1328.166952 1330.335122 1332.506780 1334.681932 1336.860585 1339.042743
							 1341.228412 1343.417597 1345.610306 1347.806542 1350.006313 1352.209623 1354.416479 1356.626885 1358.840849 1361.058375 1363.279469 1365.504137 1367.732386 1369.964220 1372.199645 1374.438668
							 1376.681294 1378.927529 1381.177379 1383.430849 1385.687946 1387.948675 1390.213042 1392.481054 1394.752715 1397.028032 1399.307011 1401.589658 1403.875979 1406.165979 1408.459665 1410.757042
							 1413.058117 1415.362895 1417.671383 1419.983586 1422.299510 1424.619163 1426.942548 1429.269674 1431.600545 1433.935167 1436.273548 1438.615692 1440.961606 1443.311297 1445.664769 1448.022030
							 1450.383085 1452.747940 1455.116603 1457.489078 1459.865372 1462.245491 1464.629442 1467.017231 1469.408863 1471.804345 1474.203684 1476.606885 1479.013955 1481.424900 1483.839726 1486.258439
							 1488.681047 1491.107555 1493.537969 1495.972296 1498.410543 1500.852714 1503.298818 1505.748860 1508.202846 1510.660784 1513.122679 1515.588538 1518.058366 1520.532172 1523.009961 1525.491739
							 1527.977513 1530.467290 1532.961075 1535.458876 1537.960699 1540.466551 1542.976437 1545.490365 1548.008341 1550.530372 1553.056464 1555.586624 1558.120858 1560.659173 1563.201576 1565.748072
							 1568.298670 1570.853375 1573.412195 1575.975135 1578.542202 1581.113404 1583.688747 1586.268237 1588.851882 1591.439687 1594.031660 1596.627808 1599.228138 1601.832655 1604.441367 1607.054281
							 1609.671403 1612.292740 1614.918300 1617.548089 1620.182113 1622.820380 1625.462897 1628.109670 1630.760707 1633.416013 1636.075597 1638.739465 1641.407625 1644.080082 1646.756844 1649.437918
							 1652.123311 1654.813030 1657.507082 1660.205474 1662.908213 1665.615307 1668.326761 1671.042583 1673.762781 1676.487362 1679.216331 1681.949698 1684.687468 1687.429649 1690.176248 1692.927273
							 1695.682730 1698.442626 1701.206969 1703.975766 1706.749025 1709.526752 1712.308954 1715.095640 1717.886816 1720.682489 1723.482667 1726.287358 1729.096568 1731.910304 1734.728575 1737.551387
							 1740.378748 1743.210666 1746.047147 1748.888199 1751.733829 1754.584045 1757.438855 1760.298266 1763.162285 1766.030919 1768.904177 1771.782065 1774.664592 1777.551764 1780.443590 1783.340077
							 1786.241232 1789.147063 1792.057578 1794.972784 1797.892688 1800.817299 1803.746625 1806.680672 1809.619448 1812.562962 1815.511220 1818.464231 1821.422002 1824.384540 1827.351855 1830.323953
							 1833.300842 1836.282530 1839.269025 1842.260334 1845.256466 1848.257428 1851.263228 1854.273874 1857.289374 1860.309736 1863.334967 1866.365075 1869.400069 1872.439956 1875.484745 1878.534443
							 1881.589058 1884.648598 1887.713071 1890.782486 1893.856850 1896.936171 1900.020458 1903.109718 1906.203959 1909.303190 1912.407419 1915.516653 1918.630902 1921.750173 1924.874473 1928.003813
							 1931.138199 1934.277639 1937.422143 1940.571718 1943.726373 1946.886115 1950.050953 1953.220896 1956.395951 1959.576127 1962.761432 1965.951875 1969.147464 1972.348208 1975.554113 1978.765190
							 1981.981447 1985.202891 1988.429532 1991.661377 1994.898436 1998.140716 2001.388226 2004.640976 2007.898972 2011.162224 2014.430741 2017.704530 2020.983601 2024.267962 2027.557622 2030.852588
							 2034.152871 2037.458478 2040.769418 2044.085700 2047.407333 2050.734325 2054.066685 2057.404422 2060.747544 2064.096060 2067.449979 2070.809310 2074.174062 2077.544243 2080.919862 2084.300928
							 2087.687450 2091.079437 2094.476898 2097.879841 2101.288276 2104.702211 2108.121656 2111.546619 2114.977109 2118.413136 2121.854708 2125.301834 2128.754524 2132.212786 2135.676630 2139.146065
							 2142.621099 2146.101742 2149.588003 2153.079891 2156.577415 2160.080585 2163.589410 2167.103898 2170.624059 2174.149903 2177.681438 2181.218674 2184.761620 2188.310286 2191.864680 2195.424812
							 2198.990692 2202.562328 2206.139730 2209.722908 2213.311871 2216.906628 2220.507189 2224.113563 2227.725760 2231.343789 2234.967659 2238.597381 2242.232963 2245.874416 2249.521748 2253.174970
							 2256.834091 2260.499120 2264.170067 2267.846943 2271.529756 2275.218516 2278.913232 2282.613916 2286.320575 2290.033221 2293.751863 2297.476510 2301.207172 2304.943859 2308.686582 2312.435349
							 2316.190171 2319.951057 2323.718018 2327.491063 2331.270202 2335.055445 2338.846802 2342.644284 2346.447899 2350.257658 2354.073572 2357.895649 2361.723900 2365.558336 2369.398966 2373.245800
							 2377.098849 2380.958122 2384.823630 2388.695383 2392.573391 2396.457664 2400.348213 2404.245047 2408.148178 2412.057614 2415.973368 2419.895448 2423.823865 2427.758629 2431.699752 2435.647242
							 2439.601111 2443.561369 2447.528027 2451.501094 2455.480581 2459.466500 2463.458859 2467.457671 2471.462944 2475.474690 2479.492920 2483.517644 2487.548872 2491.586615 2495.630884 2499.681690
							 2503.739042 2507.802953 2511.873431 2515.950489 2520.034137 2524.124386 2528.221246 2532.324728 2536.434843 2540.551602 2544.675016 2548.805095 2552.941851 2557.085294 2561.235435 2565.392286
							 2569.555856 2573.726158 2577.903202 2582.086998 2586.277559 2590.474895 2594.679017 2598.889937 2603.107665 2607.332212 2611.563590 2615.801810 2620.046882 2624.298819 2628.557631 2632.823330
							 2637.095926 2641.375432 2645.661857 2649.955215 2654.255515 2658.562770 2662.876990 2667.198188 2671.526373 2675.861559 2680.203756 2684.552975 2688.909229 2693.272529 2697.642885 2702.020311
							 2706.404816 2710.796414 2715.195114 2719.600930 2724.013872 2728.433953 2732.861184 2737.295576 2741.737141 2746.185892 2750.641839 2755.104995 2759.575371 2764.052979 2768.537831 2773.029939
							 2777.529315 2782.035970 2786.549916 2791.071165 2795.599730 2800.135622 2804.678853 2809.229436 2813.787381 2818.352702 2822.925410 2827.505517 2832.093036 2836.687978 2841.290356 2845.900181
							 2850.517467 2855.142225 2859.774467 2864.414206 2869.061454 2873.716222 2878.378525 2883.048373 2887.725779 2892.410756 2897.103316 2901.803471 2906.511233 2911.226616 2915.949631 2920.680292
							 2925.418610 2930.164597 2934.918268 2939.679634 2944.448707 2949.225501 2954.010028 2958.802301 2963.602332 2968.410134 2973.225720 2978.049102 2982.880293 2987.719306 2992.566154 2997.420850
							 3002.283406 3007.153836 3012.032151 3016.918366 3021.812493 3026.714545 3031.624534 3036.542475 3041.468379 3046.402261 3051.344132 3056.294006 3061.251897 3066.217817 3071.191779 3076.173797
							 3081.163884 3086.162053 3091.168317 3096.182689 3101.205183 3106.235813 3111.274590 3116.321529 3121.376644 3126.439946 3131.511451 3136.591171 3141.679119 3146.775310 3151.879756 3156.992472
							 3162.113470 3167.242765 3172.380369 3177.526297 3182.680562 3187.843178 3193.014158 3198.193517 3203.381267 3208.577423 3213.781998 3218.995007 3224.216462 3229.446378 3234.684769 3239.931648
							 3245.187030 3250.450929 3255.723357 3261.004330 3266.293861 3271.591965 3276.898654 3282.213945 3287.537850 3292.870383 3298.211559 3303.561392 3308.919897 3314.287086 3319.662975 3325.047578
							 3330.440909 3335.842983 3341.253813 3346.673414 3352.101800 3357.538987 3362.984988 3368.439817 3373.903490 3379.376020 3384.857423 3390.347712 3395.846902 3401.355009 3406.872046 3412.398028
							 3417.932970 3423.476886 3429.029792 3434.591701 3440.162629 3445.742591 3451.331601 3456.929674 3462.536826 3468.153070 3473.778422 3479.412896 3485.056509 3490.709274 3496.371206 3502.042322
							 3507.722635 3513.412161 3519.110915 3524.818913 3530.536168 3536.262697 3541.998515 3547.743636 3553.498077 3559.261852 3565.034977 3570.817467 3576.609338 3582.410604 3588.221282 3594.041386
							 3599.870933 3605.709937 3611.558414 3617.416380 3623.283851 3629.160841 3635.047367 3640.943444 3646.849088 3652.764315 3658.689139 3664.623578 3670.567647 3676.521361 3682.484737 3688.457790
							 3694.440536 3700.432991 3706.435171 3712.447092 3718.468771 3724.500222 3730.541462 3736.592507 3742.653374 3748.724078 3754.804635 3760.895062 3766.995375 3773.105590 3779.225724 3785.355792
							 3791.495811 3797.645797 3803.805767 3809.975737 3816.155724 3822.345743 3828.545812 3834.755947 3840.976164 3847.206481 3853.446912 3859.697476 3865.958189 3872.229068 3878.510129 3884.801388
							 3891.102864 3897.414571 3903.736529 3910.068752 3916.411258 3922.764064 3929.127187 3935.500644 3941.884452 3948.278627 3954.683187 3961.098149 3967.523530 3973.959347 3980.405617 3986.862358
						</SingleSampledCurve>
					</CurveSetElement>
					<!--curve{LtoDL} converts measured Luminance (L) to display Drive Level (DL) -->
					<CurveSetElement Name="LtoDL" InputChannels="1" OutputChannels="1"> 
						<!-- This example assumes linear luminance response of device -->
						<!-- To work with actual device measure luminance for each drive level.-->
						<!-- Then invert to determine fractional drive levels for each linear increment of luminance, and put in SingleSampledCurveSegment-->
						<!-- Set FirstEntry and LastEntry to measured min and max luminances of display-->
						<SingleSampledCurve Start="-infinity" End="+infinity" FirstEntry="10" LastEntry="1000" StorageType="0" ExtensionType="0">
							0.0 1.0
						</SingleSampledCurve>
					</CurveSetElement>
				</SubElements>
      <Variables>
        <Declare Name="LoL"/>
        <Declare Name="HiL"/>
        <Declare Name="MaxAmbientL"/>
        <Declare Name="AmbientL"/>
        <Declare Name="LoJND"/>
        <Declare Name="HiJND"/>
        <Declare Name="RangeJND"/>
        <Declare Name="RangeDL"/>
      </Variables>
      <MainFunction>
{
;Initialize constants based on measurement of display luminance (in dark environment) and ambient luminance of environment
10 tput{LoL} ;Low luminance level based on measurement of device in Dark environment (should match FirstEntry attribute of curve{LtoDL})
1000 tput{HiL} ;High luminance level based on measurement of device in Dark environment (should match LastEntry attribute of curve{LtoDL})

;Determine max ambient luminance
3993.32958588733 tget{HiL} sub tput{MaxAmbientL} ;(3933.32958588733 should be same as last value of curve{JNDtoL})

;Get Ambience level from cmm environment variable and validate it
env(ambL) if { 0 max } else { pop 10 } ; get ambient luminance level from 'ambL' CMM environment variable (default is 10 cd/m^2)
tget{MaxAmbientL} min tput{AmbientL}

%Use measured Luminance form display and ambient luminance to determine lo and hi JND levels
tget{LoL} tget{AmbientL} add log curv{LogLtoJND} tput{LoJND}; LtoJND(log(LoL+AmbientL))
tget{HiL} tget{AmbientL} add log curv{LogLtoJND} tput{HiJND}; LtoJND(log(HiL+AmbientL))

;Determine JND range of display in ambient environment
tget{HiJND} tget{LoJND} sub tput{RangeJND}

;Determine range of Drive Levels corresponding to JND range
tget{HiJND} curv{JNDtoL} tget{AmbientL} sub curv{LtoDL} tput{RangeDL}

;Now apply GSDF function

;scale JND range by inputJND percent, add LoJND
in{inputJND} tget{RangeJND} mul tget{LoJND} add ;determine JND point for input

;convert JND to luminance and subtract out ambient lumiNance
curv{JNDtoL} tget{AmbientL} sub; determine desired luminance on display

;convert display luminance to drive level of display
curv{LtoDL} ;apply desired display luminance to drive value conversion

;Finally divide by range of drive levels to get out percent Drive Level
tget{RangeDL} div ; correct for floating point rounding of maximum point
out[0]
}
      </MainFunction>
    </CalculatorElement>
    </MultiProcessElements>
    </multiProcessElementType>
    <multiLocalizedUnicodeType>
      <TagSignature>cprt</TagSignature>
      <LocalizedText LanguageCountry="enUS"><![CDATA[Copyright 2017 International Color Consortium]]></LocalizedText>
    </multiLocalizedUnicodeType>
  </Tags>
</IccProfile>
