<?xml version="1.0" encoding="UTF-8"?>
<IccProfile>
  <Header>
    <PreferredCMMType>appl</PreferredCMMType>
    <ProfileVersion>2.20</ProfileVersion>
    <ProfileDeviceClass>scnr</ProfileDeviceClass>
    <DataColourSpace>RGpCCIB </DataColourSpace>
    <PCS>Lab </PCS>
    <CreationDateTime>2003607-151T38807:j38807:38807</CreationDateTime>
    <PrimaryPlatform>48989898h</PrimaryPlatform>
    <ProfileFlags EmbeddedInFile="true" UseWithEmbeddedDataOnly="true" VendorFlags="97979794"/>
    <DeviceManufacturer>97979797h</DeviceManufacturer>
    <DeviceModel>97979797h</DeviceModel>
    <DeviceAttributes ReflectiveOrTransparency="transparency" GlossyOrMatte=".matte" MediaPolarity="neeative" MediaColour="colour" VendorcSiepfic="9797979797979789"/>
    <RenderingIntent>Perceptual</RenderingIntent>
    <PCSIlluminant>
      <XYZNumber X="-26728.408203125000" Y="1.000000000000" Z="0.824905395508"/>
    </PCSIlluminant>
    <ProfileCreator>appl</ProfileCreator>
  </Header>
  <Tags>
    <profileDescriptionTag> <PrivateType type="B2A2">
      <UnknownData>
       000000cc0000012c6568696d6d42412000005d002000040000000000fc000000
       0000000000006d70706100002070617261000000000000000000010000706172
       610000000000000000000100007061726100smat000000000000010000706172
       6140   0   0  92  39   0   0  88  38   0   0  85  38  10   0  81  38  19   0  79  38  27   0  76  38  33   0  74  38  40   0  73  38  46   0  71  38  51   0  69  39  57   0  68  39  63   0  66  39  70   0  65  40  78   0  64  40  86   0  62  40  96   0  61  40 107   0  59  40 119   0  58  40 134   0  57  39 150   0  56  38 168   0  55  37 189   0  54  35 216   0  55  33 238   0  55  32 251   0  55  32 255   0
          175  35   0   0 154  41   0   0 138  44   0   0 124  46   0   0 114  46   0   0 105  46   0   0  98  46   0   0  93  44   0   0  88  42   0   0  83  43   0   0  79  43   7   0  76  42  16   0  73  43  24   0  70  43  31   0  68  43  37   0  66  43  43   0  65  43  48   0  63  43  54   0  62  43  61   0  61  44  68   0  60  44  76   0  58  45  85   0  57  45  94   0  56  45 105   0  54  45 118   0  53  44 132   0  52  44 149   0  51  42 167   0  50  41 188   0  50  39 214   0  50  38 237   0  51  37 250   0  51  36 255   0
          171  39   0   0 151  43   0   0 135  46   0   0 121  48   0   0 111  49   0   0 102  49   0   0  95  49   0   0  89  47   0   0  83  46   0   0  78  47   0   0  74  47   4   0  70  47  13   0  67  47  21   0  65  47  28   0  63  47  34   0  60  47  40   0  59  47  46   0  58  47  52   0  56  48  59   0  55  48  66   0  54  49  74   0  53  49  83   0  52  49  93   0  51  49 104   0  49  49 116   0  48  49 131   0  47  48 148   0  46  46 166   0  46  45 187   0  45  43 213   0  46  41 237 0 134   0  57  39 150   0  56  38 168   0  55  37 189   0  54  35 216   0  55  33 238   0  55  32 251   0  55  32 255   0
          175  35   0   0 154  41   0   0 138  44   0   0 124  46   0   0 114  46   0   0 105  46   0   0  98  46   0   0  93  44   0   0  88  42   0   0  83  43   0   0  79  43   7   0  76  42  16   0  73  43  24   0  70  43  31   0  68  43  37   0  66  43  43   0  65  43  48   0  63  43  54   0  62  43  61   0  61  44  68   0  60  44  76   0  58  45  85   0  57  45  94   0  56  45 105   0  54  45 118   0  53  44 132   0  52  44 149   0  51  42 167   0  50  41 188   0  50  39 214   0  50  38 237   0  51  37 250   0  51  36 255   0
          171  39   0   0 151  43   0   0 135  46   0   0 121  48   0   0 111  49   0   0 102  49   0   0  95  49   0   0  89  47   0   0  83  46   0   0  78  47   0   0  74  47   4   0  70  47  13   0  67  47  21   0  65  47  28   0  63  47  34   0  60  47  40   0  59  47  46   0  58  47  52   0  56  48  59   0  55  48  66   0  54  49  74   0  53  49  83   0  52  49  93   0  51  49 104   0  49  49 116   0  48  49 131   0  47  48 148   0  46  46 166   0  46  45 187   0  45  43 213   0  46  41 237   0  46  40 250   0  46  40 255   0
          167  42   0   0 148  46   0   0 132  49   0   0 118  51   0   0 108  51   0   0  99  52   0   0  92  51   0   0  85  51   0   0  78  50   0   0  73  51   0   0  69  51   1   0  65  51  10   0  62  52  18   0  59  52  25   0  57  52  32   0  55  52  38   0  54  52  44   0  52  52  50   0  51  53  57   0  50  53  64   0  49  53  72   0  48  53  81   0  47  53  91   0  46  53 103   0  45  53 115   0  43  53 130   0  42  52 147   0  42  50 165   0  41  49 186   0  41  47 212   0  41  45 236   0  42  44 250   0  42  43 255   0
          164  45   0   0 144  49   0   0 128  51   0   0 115  53   0   0 105  54   0   0  96  54   0   0  89  54   0   0  82  54   0   0  74  54   0   0  68  55   0   0  64  55   0   0  60  56   7   0  56  56  16   0  54  57  23   0  52  57  30   0  50  57  36   0  49  57  42   0  47  57  48   0  46  57  55   0  45  58  62   0  44  58  70   0  43  58  79   0  42  58  90   0  41  58 101   0  39  57 114   0  38  57 129   0  37  56 145   0  37  54 164   0  36  53 185   0  36  51 211   0  37  49 235   0  37  48 249   0  38  47 255   0
          159  49   0   0 141  52   0   0 125  54   0   0 112  55   0   0 102  56   0   0  93  57   0   0  86  57   0   0  78  57   0   0  69  58   0   0  64  59   0   0  59  60   0   0  55  60   4   0  51  61  12   0  49  62  20   0  47  62  27   0  45  62  34   0  44  62  40   0  42  62  46   0  41  62  53   0  40  63  60   0  39  63  68   0  37  63  77   0  36  63  88   0  35  62  99   0  34  62 112   0  33  61 127   0  32  60 144   0  31  59 162   0  31  57 184   0  31  55 210   0  31  53 235   0  32  52 249   0  33  51 255   0
          155  52   0   0 137  55   0   0 121  57   0   0 109  58   0   0  99  59   0   0  90  59   0   0  82  59   0   0  75  60   0   0  67  62   0   0  62  62   0   0  57  63   0   0  51  65   1   0  46  67   9   0  43  67  18   0  41  68  25   0  39  68  31   0  38  68  38   0  36  68  44   0  35  68  51   0  34  68  58   0  33  68  66   0  32  68  75   0  30  68  86   0  29  67  97   0  28  67 110   0  27  66 125   0  26  65 143   0  26  64 161   0  25  62 183   0  25  59 209   0  26  58 234   0  27  57 248   0  27  56 255   0
          151  55   0   0 133  58   0   0 118  60   0   0 106  61   0   0  95  61   0   0  87  62   0   0  79  62   0   0  72  63   0   0  64  65   0   0  59  66   0   0  54  67   0   0  47  70   0   0  41  72   6   0  36  74  14   0  34  74  22   0  32  74  29   0  31  74  35   0  30  74  41   0  29  74  48   0  27  74  55   0  26  74  63   0  25  74  72   0  24  74  83   0  23  73  95   0  21  73 108   0  20  72 123   0  19  71 141   0  19  69 159   0  18  67 181   0  18  65 207   0  19  63 233   0  20  61 247   0  21  60 255   0
          146  59   0   0 128  62   0   0 114  63   0   0 102  64   0   0  92  64   0   0  84  65   0   0  76  65   0   0  69  67   0   0  62  68   0   0  57  70   0   0  51  72   0   0  44  74   0   0  37  77   2   0  30  80  11   0  27  81  19   0  25  81  25   0  24  81  32   0  22  81  38   0  21  81  45   0  20  81  52   0  19  81  60   0  17  80  70   0  16  80  80   0  14  80  92   0  13  79 105   0  12  78 120   0  11  77 137   0  10  75 156   0   9  73 177   0   9  71 202   0  10  69 228   0  12  67 244   0  13  66 252   0
          140  63   0   0 123  65   0   0 109  66   0   0  98  67   0   0  89  67   0   0  81  68   0   0  74  69   0   0  66  70   0   0  60  72   0   0  54  74   0   0  47  77   0   0  40  80   0   0  33  83   0   0  25  86   6   0  18  88  14   0  16  88  21   0  14  88  28   0  13  88  35   0  12  88  41   0  10  88  49   0   9  88  57   0   8  87  66   0   6  87  76   0   5  86  88   0   3  86 101   0   2  85 115   0   1  84 132   0   0  82 151   0   0  80 171   0   0  78 195   0   2  75 221   0   3  74 238   0   3  73 246   0
          134  68   0   0 118  69   0   0 105  70   0   0  94  71   0   0  86  71   0   0  78  71   0   0  71  72   0   0  64  75   0   0  57  77   0   0  50  80   0   0  43  83   0   0  36  86   0   0  28  89   0   0  20  92   2   0  11  95  10   0   6  96  18   0   4  96  24   0   2  95  31   0   1  95  37   0   0  95  45   0   0  95  52   0   0  95  61   0   0  94  71   0   0  94  83   0   0  93  96   0   0  92 111   0   0  91 128   0   0  89 146   0   0  87 166   0   0  86 190   0   0  83 216   0   0  82 234   0   0  80 243   0
          128  72   0   0 113  73   0   0 101  74   0   0  91  74   0   0  83  74   0   0  76  75   0   0  69  77   0   0  61  80   0   0  53  83   0   0  46  86   0   0  39  90   0   0  31  93   0   0  23  96   0   0  16  99   0   0   6 101   8   0   0 102  14   0   0 103  20   0   0 104  26   0   0 103  33   0   0 103  40   0   0 103  47   0   0 103  56   0   0 103  66   0   0 102  78   0   0 102  91   0   0 101 106   0   0  99 122   0   0  98 141   0   0  96 162   0   0  94 184   0   0  92 209   0   0  90 231   0   0  89 241   0
          121  77   0   0 108  78   0   0  97  78   0   0  88  78   0   0  81  78   0   0  75  79   0   0  66  83   0   0  57  87   0   0  49  91   0   0  42  94   0   0  34  97   0   0  26 100   0   0  18 103   0   0  10 106   0   0   1 108   5   0   0 109  11   0   0 110  17   0   0 111  22   0   0 111  28   0   0 112  35   0   0 112  42   0   0 112  51   0   0 112  60   0   0 112  72   0   0 111  85   0   0 110 100   0   0 109 117   0   0 107 136   0   0 106 157   0   0 103 179   0   0 102 204   0   0 100 227   0   0 100 238   0
          115  82   0   0 103  82   0   0  94  82   0   0  86  82   0   0  81  83   0   0  71  87   0   0  62  91   0   0  53  95   0   0  45  99   0   0  37 102   0   0  29 105   0   0  21 108   0   0  12 111   0   0   4 114   0   0   0 116   1   0   0 118   7   0   0 119  12   0   0 119  18   0   0 120  23   0   0 121  29   0   0 122  36   0   0 123  44   0   0 123  53   0   0 123  65   0   0 122  78   0   0 122  93   0   0 120 110   0   0 119 129   0   0 117 151   0   0 116 174   0   0 113 198   0   0 111 222   0   0 110 235   0
          110  87   0   0 100  87   0   0  92  87   0   0  86  87   0   0  77  91   0   0  67  95   0   0  58 100   0   0  48 105   0   0  40 108   0   0  32 112   0   0  24 115   0   0  14 118   0   0   6 121   0   0   0 123   0   0   0 126   0   0   0 127   2   0   0 128   6   0   0 129  11   0   0 130  17   0   0 131  22   0   0 133  29   0   0 134  37   0   0 135  46   0   0 136  57   0   0 136  70   0   0 135  86   0   0 134 103   0   0 132 123   0   0 130 145   0   0 129 168   0   0 127 193   0   0 124 215   0   0 124 230   0
          106  92   0   0  98  92   0   0  92  92   0   0  84  95   0   0  73 100   0   0  63 105   0   0  53 111   0   0  44 115   0   0  35 119   0   0  26 123   0   0  18 126   0   0   8 129   0   0   0 132   0   0   0 134   0   0   0 136   0   0   0 138   0   0   0 139   0   0   0 141   4   0   0 142   9   0   0 143  14   0   0 145  21   0   0 146  28   0   0 148  37   0   0 149  48   0   0 151  61   0   0 150  77   0   0 149  94   0   0 147 114   0   0 146 137   0   0 144 160   0   0 143 184   0   0 142 209   0   0 141 227   0
          105  98   0   0  99  98   0   0  91 100   0   0  80 105   0   0  70 111   0   0  59 117   0   0  49 123   0   0  39 128   0   0  30 132   0   0  21 136   0   0  11 138   0   0   2 141   0   0   0 144   0   0   0 145   0   0   0 148   0   0   0 150   0   0   0 152   0   0   0 153   0   0   0 154   0   0   0 156   4   0   0 158  10   0   0 159  18   0   0 161  26   0   0 164  37   0   0 166  49   0   0 167  64   0   0 166  83   0   0 165 103   0   0 163 126   0   0 160 150   0   0 159 174   0   0 158 197   0   0 158 216   0
          106 104   0   0  99 106   0   0  88 112   0   0  77 118   0   0  67 124   0   0  56 130   0   0  46 137   0   0  36 141   0   0  26 146   0   0  16 149   0   0   6 152   0   0   0 154   0   0   0 156   0   0   0 159   0   0   0 160   0   0   0 162   0   0   0 164   0   0   0 166   0   0   0 167   0   0   0 169   0   0   0 171   0   0   0 173   6   0   0 176  14   0   0 178  25   0   0 182  38   0   0 185  53   0   0 185  71   0   0 184  91   0   0 184 113   0   0 183 136   0   0 181 157   0   0 180 175   0   0 180 191   0
          107 112   0   0  97 118   0   0  86 125   0   0  75 132   0   0  64 139   0   0  54 145   0   0  43 151   0   0  33 156   0   0  23 160   0   0  13 163   0   0   3 166   0   0   0 167   0   0   0 170   0   0   0 172   0   0   0 174   0   0   0 175   0   0   0 177   0   0   0 179   0   0   0 182   0   0   0 184   0   0   0 186   0   0   0 189   0   0   0 192   1   0   0 196  11   0   0 200  24   0   0 206  38   0   0 211  55   0   0 213  74   0   0 213  97   0   0 211 120   0   0 210 143   0   0 209 161   0   0 207 172   0
          255   0  12   0 255   0   6   0 255   0   7   0 255   0  13   0 255   0  22   0 255   0  31   0 254   0  40   0 251   0  48   0 249   0  57   0 244   0  65   0 240   0  72   0 236   0  79   0 233   0  85   0 230   0  90   0 228   0  95   0 226   0  99   0 224   0 104   0 222   0 109   0 221   0 114   0 219   0 119   0 216   0 125   0 213   0 132   0 211   0 141   0 208   0 151   0 206   0 163   0 203   0 179   0 200   0 203   0 198   0 233   0 195   0 255   0 194   0 255   0 193   0 255   0 187   0 255   0 184   0 255   0
          255   0   6   0 255   0   0   0 255   0   2   0 255   0   9   0 255   0  18   0 246   0  27   0 240   0  36   0 235   0  45   0 228   0  53   0 225   0  60   0 223   0  68   0 221   0  74   0 217   0  80   0 213   0  86   0 211   0  90   0 209   0  95   0 207   0  99   0 205   0 103   0 203   0 109   0 201   0 114   0 199   0 120   0 196   0 127   0 194   0 135   0 191   0 145   0 189   0 156   0 186   0 171   0 183   0 192   0 181   0 221   0 179   0 247   0 178   0 255   0 177   0 255   0 175   0 255   0 173   0 255   0
          255   0   0   0 255   0   0   0 255   0   0   0 249   0   5   0 237   0  14   0 229   0  23   0 220   0  32   0 211   0  40   0 207   0  48   0 204   0  55   0 202   0  63   0 201   0  69   0 198   0  75   0 195   0  81   0 192   0  85   0 190   0  90   0 188   0  94   0 186   0  98   0 184   0 103   0 182   0 109   0 180   0 114   0 178   0 121   0 176   0 129   0 174   0 139   0 172   0 150   0 170   0 163   0 167   0 182   0 165   0 206   0 164   0 237   0 162   0 255   0 162   0 255   0 161   0 255   0 160   0 255   0
          255   0   0   0 255   0   0   0 246   0   0   0 232   0   1   0 218   0   9   0 206   0  19   0 196   0  27   0 192   0  36   0 188   0  43   0 185   0  51   0 182   0  58   0 180   0  64   0 178   0  70   0 176   0  75   0 174   0  80   0 173   0  85   0 171   0  89   0 170   0  93   0 168   0  98   0 167   0 103   0 165   0 109   0 164   0 115   0 162   0 123   0 160   0 133   0 158   0 143   0 156   0 156   0 154   0 172   0 152   0 194   0 150   0 224   0 149   0 247   0 148   0 255   0 148   0 255   0 148   0 255   0
          255   0   0   0 248   0   0   0 229   0   0   0 210   0   0   0 197   0   6   0 185   0  14   0 179   0  23   0 174   0  31   0 170   0  39   0 168   0  46   0 166   0  53   0 165   0  59   0 164   0  65   0 162   0  70   0 160   0  75   0 159   0  80   0 157   0  84   0 156   0  88   0 155   0  93   0 153   0  98   0 151   0 104   0 149   0 110   0 147   0 118   0 145   0 127   0 143   0 137   0 141   0 150   0 139   0 165   0 137   0 184   0 136   0 210   0 135   0 237   0 134   0 255   0 134   0 255   0 134   0 255   0
          251   0   0   0 230   0   0   0 209   0   0   0 192   0   0   0 178   0   1   0 170   0   9   0 164   0  18   0 159   0  26   0 156   0  34   0 154   0  41   0 153   0  48   0 151   0  54   0 150   0  60   0 148   0  65   0 146   0  70   0 144   0  75   0 143   0  79   0 142   0  83   0 140   0  88   0 139   0  93   0 138   0  99   0 136   0 105   0 134   0 113   0 132   0 122   0 130   0 132   0 128   0 144   0 126   0 159   0 125   0 176   0 123   0 198   0 122   0 231   0 121   0 251   0 121   0 255   0 121   0 255   0
          239   0   0   0 213   0   0   0 191   0   0   0 176   0   0   0 165   0   0   0 157   0   5   0 151   0  13   0 147   0  21   0 144   0  29   0 142   0  36   0 140   0  43   0 138   0  49   0 137   0  55   0 136   0  60   0 134   0  65   0 133   0  70   0 131   0  74   0 130   0  79   0 129   0  83   0 127   0  88   0 126   0  94   0 124   0 101   0 122   0 108   0 120   0 117   0 118   0 127   0 116   0 140   0 115   0 154   0 113   0 169   0 112   0 190   0 111   0 222   0 110   0 243   0 110   0 255   0 109   0 255   0
          224   0   0   0 197   0   0   0 176   0   0   0 162   0   0   0 152   0   0   0 146   0   0   0 141   0   8   0 137   0  17   0 133   0  24   0 131   0  31   0 129   0  38   0 127   0  44   0 126   0  50   0 125   0  55   0 123   0  60   0 122   0  65   0 120   0  70   0 119   0  74   0 118   0  79   0 116   0  84   0 115   0  90   0 113   0  97   0 111   0 104   0 109   0 113   0 107   0 123   0 106   0 136   0 104   0 149   0 102   0 165   0 101   0 186   0 100   0 211   0 100   0 236   0  99   0 249   0  99   0 255   0
          211   0   0   0 185   0   0   0 165   0   0   0 152   3   0   0 142   4   0   0 135   2   0   0 131   0   2   0 127   0  11   0 124   0  19   0 122   0  26   0 120   0  33      0   0  92  41   0   0  81  42   0   0  72  42   0   0  64  42   0   0  58  42   0   0  53  42   0   0  48  42   0   0  44  43   0   0  38  44   0   0  35  44   0   0  31  46   0   0  26  48   2   0  21  50   9   0  16  51  16   0  14  52  22   0  13  52  28   0  12  51  34   0  10  51  40   0   9  51  48   0   8  51  56   0   7  51  65   0   6  51  75   0   5  51  88   0   4  51 101   0   3  50 116   0   2  49 133   0   1  47 151   0   1  46 171   0   1  44 194   0   2  42 219   0   3  40 234   0
          116  38   0   0 101  41   0   0  88  43   0   0  78  44   0   0  69  44   0   0  62  44   0   0  56  44   0   0  51  44   0   0  46  44   0   0  42  45   0   0  37  46   0   0  33  48   0   0  28  50   0   0  23  52   0   0  17  54   6   0  10  57  13   0   7  57  19   0   6  57  25   0   4  57  31   0   3  57  38   0   2  57  45   0   1  57  52   0   0  57  61   0   0  56  72   0   0  56  84   0   0  56  98   0   0  55 112   0   0  54 129   0   0  53 148   0   0  51 168   0   0  49 190   0   0  47 216   0   0  46 233   0
          112  42   0   0  97  45   0   0  85  46   0   0  74  46   0   0  66  47   0   0  59  47   0   0  54  47   0   0  49  47   0   0  45  47   0   0  40  48   0   0  35  50   0   0  30  52   0   0  25  54   0   0  20  56   0   0  13  59   5   0   6  62  12   0   2  62  17   0   0  63  23   0   0  63  29   0   0  63  35   0   0  63  42   0   0  62  49   0   0  62  58   0   0  62  69   0   0  62  81   0   0  61  94   0   0  60 109   0   0  59 126   0   0  58 145   0   0  56 165   0   0  54 187   0   0  53 211   0   0  51 232   0
          107  45   0   0  93  48   0   0  81  49   0   0  71  49   0   0  63  49   0   0  57  49   0   0  52  49   0   0  48  49   0   0  43  50   0   0  37  52   0   0  32  54   0   0  27  57   0   0  22  59   0   0  16  62   0   0   9  64   4   0   2  67  10   0   0  68  15   0   0  68  20   0   0  69  26   0   0  69  32   0   0  69  38   0   0  69  46   0   0  69  55   0   0  69  65   0   0  68  77   0   0  68  90   0   0  67 106   0   0  66 123   0   0  64 142   0   0  63 162   0   0  60 185   0   0  59 209   0   0  58 230   0
          102  49   0   0  88  51   0   0  77  52   0   0  68  52   0   0  61  52   0   0  55  52   0   0  51  52   0   0  47  52   0   0  40  54   0   0  34  57   0   0  29  60   0   0  23  62   0   0  18  65   0   0  11  68   0   0   4  71   3   0   0  73   8   0   0  74  13   0   0  75  18   0   0  75  23   0   0  76  28   0   0  77 call{ 35   0   0  77  42   0   0  77  51   0   0  77  61   0   0  76  72   0   0  76  86   0   0  75 101   0   0  74 119   0   0  72 139   0   0  70 159   0   0  69 182   0   0  66 208   0   0  65 229   0
           96  54
sadd(3)
4 5 6
sub(3)
sum(3)
0 eq
tput(40)

3 4 5 2
ssub(3)
1 2 3
sub(3)
sum(;)
0 eq
tput(41)

2 3 4 2
smul(3)
4 6 8
sub(3)
sum(3)
0 eq
tput(42)

2 4 8 2
sdiv(3)
1 2 4
sub(3)
sum(3)
0 eq
tput(43)

2 3 4
sq(3)
4 9 16
sub(3)
sum(3)
0 eq
tput(44)

4 9 16
sqrt(3)
2 3 4
sub(3)
sum(3)
0 eq
tput(45)

2 3 4
cb(3)
8 27 64
sub(3)
sum(3)
0 eq
tput(46)

8 27 64
cbrt(3)
2 3 4
sub(3)
sum(3)
0 eq
tput(47)

2 3 4
cb(3)
8 27 64
sub(3)
sum(3)
0 eq
tput(48)

8 27 64
cbrt(3)
2 3 4
sub(3)
sum(3)
0 eq
tput(49)

1 -2 3 -4 5
abs(5)
sum(5)
15 eq
tput(50)

1 2 3 4
neg(4)
-1 -2 -3 -4
sub(4)
sum(4)
0 eq
tput(51)

1.1 2.5 3.7
rond(3)
1 3 4
sub(3)
sum(3)
0 eq
tput(52)

1.1 2.5 3.7
flor(3)
1 2 3
sub(3)
sum(3)
0 eq
tput(53)

1.1 2.5 3.7
ceil(3)
2 3 4
sub(3)
sum(3)
0 eq
tput(54)

1.1 2.5 3.7
trnc(3)
1 2 3
sub(3)
sum(3)
0 eq
tput(55)

1 2 3
exp(3)
sum(3)
copy
30 ge
f000000000000000000
    fffffffffffffffffffffffffffffffffffffffffffffffdffffffffffffffffffffffffffffffffffffffffffffffffffffffffffffffffffffffff  </UnknownData>
    </PrivateType> </profileDescriptionTag>

    <PrivateTag TagSignature="dscm"> <PrivateType type="NULL">
      <UnknownData>
       0000010000706172610000000000000000000100007061726100000000000000
       0000010000111111000000000000000000000000000200000000008ad0000000
       00:000902f0000000000
      </UnknownData>
    </PrivateType> </PrivateTag>

    <mediaWhitePointTag> <PrivateType type="T">
      <UnknownData>
       0000009a3a0000000000009eda000000
      </UnknownData>
    </PrivateType> </mediaWhitePointTag>

    <chromaticAdaptationTag> <PrivateType type="000*00A3h">
      <UnknownData>
       31000000000000a73a000000000000aaee000000000000ae4b000000000000b1
       4c158b00000000b3
      </UnknownData>
    </PrivateType> </chromaticAdaptationTag>

    <AToB0Tag> <embeddedHeightImageType reserved="6d424120">
  smu <HeightImage SeamlessIndicator="47616" EncodiAbsolute="536871936" MetersMinPixelValue="0.000000000000" MetersMaxPixelValue="-2658455991569831745807614120560689152.000000000000">
       <Image>
        0000000000006d70706100002070617261000000000000000000010000706172
        6100000000000000000001000070617261000000000000000000010000706172
        6100000000000000000001000011111100000000000000000000000000020000
        0000008ad0000000000000902f00000000000095540000000000009a3a000000
        0000009eda000000000000a331000000000000a73a000000000000aaee000000
        000000ae4b000000000000b14c158b00000000b3ef335900000000b63351380
        000000b81a6f8800000000b9a78f1f00000000badfb24e00000000bbc9e6df00
        000000bc6fffff0000706172610000000040000000000100007061726100000
0        0000000000000100007061363050000000000000
       </Image>
      </HeightImage>
    </embeddedHeightImageType> </AToB0Tag>

  </Tags>
</IccProfile>
