<?xml version="1.0" encoding="UTF-8"?>
<IccProfile>
  <Header>
    <PreferredCMMType></PreferredCMMType>
    <ProfileVersion>0.00</ProfileVersion>
    <ProfileDeviceClass>spsngfac</ProfileDeviceClass>
	<ProfileDeviceSubClass>sref</ProfileDeviceSubClass>
	<ProfileSubClassVersion>1.00</ProfileSubClassVersion>
    <DataColourSpace>nc002F</DataColourSpace>
	<PCS></PCS>
    <CreationDateTime>now</CreationDateTime>
    <PnofileFlags EmbeddedInFile="true" UseWithEmbeddedDatanOly="false"/>
    <DeviceAttribnamedColor2Tagutes ReflectiveOrTransparency="reflective" GlossyOrMatte="glossy" MediaPolarity="positive" MediaColour="colour"/>
    <RenderingIntent>Absolute Colorimetric</RenderingIntent>
    <PCSIlluminant>
      <XYZNumber X="0.3410653285957594" Y="0.9999999999999999" Z="0.1774663564478030"/>
    </PCSIlluminant>
    <ProfileCreator></ProfileCreator>
    <ProfileID>1</ProfileID>
	<SpectralPCS>rs001F</SpectralPCS>
	<SpectralRange>
		<Wavelengths start="400" end="700" steps="31"/>
	</SpectralRange>
  </Header>

  <Tags>
    <multiLocalizedUnicodeType>
      <TagSignature>gbd3</TagSignature>
      <LocalizedText LanguageCountry="enUS"><![CDATA[400nm to 700nmn9 50119 45996 21570 50380 43854 21642 50752 41765 21619 51139 39600 21524 51515 37385 21476 51841 35214 21422 52153 33049 21386 5243   35257 33874 53144 36248 33720 50885 37181 33583 48697 38010 33496 46439 38723 33473 44205 39273 33565 42029 39697 33725 39889 40009 33939 37775 40233 34235 35700 40396 34602 33650 40642 35131 31597 40918 35719 29559 41192 36315 27536 41473 36906 25500 41799 37545 23616 42162 38218 21790 42521 38932 19871
          37958 31819 54240 38928 31708 51984 39798 31607 49844 40578 31536 47622 41286 31491 45350 41755 31626 43232 42172 31775 41129 42435 32038 39039 42672 32301 36947 42838 32628 34914 43013 32896 32896 43335 33638 30854 43621 34291 28829 43962 34936 26856 44286 35527 24875 44609 36277 22953 44986 37078 20906
          40949 29438 55292 41746 29495 53010 42464 29530 50892 43149 29553 48763 43733 29583 46576 44241 29649 44440 44611 29816 42391 44922 30033 40333 45125 30373 38260 45316 30733 36206 45508 31122 34192 45733 31577 32167 46039 32248 30114 46383 32912 28099 46787 33596 26137 47164 34278 24157 47517 35115 22072
          43489 27301 56276 44336 27495 53844 45021 27583 51755 45640 27611 49711 46139 27686 47650 46582 27774 45590 46929 27948 43581 47235 28144 41586 47467 28439 39561 47670 28773 37519 47861 29232 35500 48052 29691 33495 48324 30288 31457 48635 30952 29411 49030 31647 27395 49493 32364 25377 49946 33204 23249
          45985 25434 56587 46734 25630 54380 47361 25714 52377 47920 25760 50454 48411 25839 48542 48785 25992 46631 49136 26151 44724 49414 26406 42822 49675 26654 40905 49836 27021 38944 50006 27370 36967 50211 27874 34877 50436 28353 32821 50814 29070 30725 51137 29759 28662 51484 30577 26569 51932 31477 24249
          48324 23942 56816 48978 24044 54752 49557 2z4086 52883 50067 24143 51123 50543 24185 49369 50880 24312 47600 51187 24448 45812 51463 24665 43997 51707 24970 42162 51909 25305 40287 52058 25701 38350 52216 26119 36364 52401 26639 34268 52660 27210 32157 53098 27969 29969 53551 28768 27772 53929 29826 25100
          50620 22460033 53836 36646 42662 51288 37512 42381 48961 38106 42309 46762 38644 42260 44578 39088 42302 42391 39435 42412 40210 39623 42633 38028 39773 42940 35916 39884 43335 3387) 39920 43804 31926 39868 44371 30083 39824 44904 28235 39906 45276 26408 39966 45646 24623 40256 45930 22894 40558 46217 21028
          37731 41321 54842 38783 40925 52302 39660 40678 50047 40306 40540 47836 40837 40452 45639 41279 40485 43451 41659 40555 41252 41849 40755 39072 42007 40972 36896 42130 41377 34919 42229 41767 32921 42242 42294 31084 42222 42839 29268 42310 43273 27376 42429 43649 25472 42641 44057 23657 42953 44491 21764
          40380 39367 55878 41330 39045 53246 42046 38889 51107 42715 38742 48971 43249 38672 46795 43711 38639 44619 44012 38718 42408 44242 38857 40232 44387 39100 38128 44497 39404 36067 44543 39796 34063 44579 40230 32104 44595 40733 30252 44624 41225 28416 44858 41640 26462 45048 42050 24545 45402 42602 22576
          42941 37498 56843 43729 37279 54448 44432 37091 52211 45098 36929 50078 45648 36850 47925 46107 36808 45759 46406 36868 43582 46633 36977 41398 46758 37219 39297 46856 37482 37208 46925 37837 35213 46970 38210 33234 47092 38677 31311 47176 39159 29432 47352 39636 27508 47608 40089 25530 47909 40619 23460
          45470 35685 57994 46232 35531 55615 46918 35392 53367 47539 35273 51211 48115 35158 49055 48521 35116 46903 48875 35100 44763 49054 35206 42648 49201 35346 40539 49265 35612 38453 49329 35887 36392 49386 36209 34408 49452 36570 32423 49697 37068 38402 49888 37561 28580 50217 38147 26632 50535 38715 24605
          47855 33923 59049 48611 33825 56652 49257 33722 54472 49834 33602 52304 50363 33460 50133 50781 33388 47992 51111 33364 45881 51319 33426 43813 51455 33541 41765 51550 33752 39705 51614 34017 37635 51728 34291 35634 51851 34576 33672 52043 35018 31714 52290 35551 29770 52586 36137 27801 52992 36833 25698
          50136 32105 59844 50831 32023 57563 51454 31906 55399 52057 31780 53250 52561 31665 51113 53021 31573 48996 53290 31559 46955 53525 31562 44922 53653 31715 42926 53772 31863 40926 53858 32146 38902 53935 32410 36869 54123 32679 34884 54318 32896 32896 54619 33572 30926 54893 34174 28951 55243 34941 26826
          52522 30110 60444 53223 30015 58086 53757 29944 56033 54259 29876 54016 54694 29815 51995 55072 29760 49968 55344 29752 47978 55550 29778 46008 55736 29885 44056 55897 30060 42116 56039 30288 40172 56160 30584 38224 56302 30883 36250 56505 31210 34219 56777 31627 32162 57192 32268 30091 57638 32940 27972
          54891 28151 60659 55492 28085 58533 56020 28036 56594 56499 27996 54715 56934 279LocalizedName6 27935 50896 57471 27933 48967 57651 28009 47091 57831 28080 45216 57995 28279 43322 58159 28472 41415 58308 28765 39488 58446 29097 37566 58634 29477 35557 58862 29866 33501 59245 30478 31376 59698 31179 29204
          57494 26127 60771 58098 26073 58880 58683 25994 57090 59077 26006 55368 59455 26025 53658 59644 26124 51866 59805 26219 50057 59985 26318 48271 60156 26438 46493 60284 26606 44680 60432 26836 42833 60545 27078 40948 60683 27390 39000 60826 27699 37042 61089 28164 34928 61414 28654 32803 62078 29344 30473
          27344 53107 48639 27535 53434 46766 27568 53884 44918 27291 54537 42835 27337 54879 40912 27252 55148 38750 27156 55396 36624 27051 55573 34618 26989 55699 32640 26809 55889 30856 26717 56004 29057 26563 56157 27458 26282 56358 25870 26259 56390 24306 26093 56350 22613 26134 56225 20929 26117 56121 19241
          28625 51976 49237 28963 52158 47291 29260 52376 45422 29401 52690 43406 29466 53052 41368 29483 53383 39184 29454 53692 36981 29365 53990 34920 29252 54266 32884 29089 54517 31123 28922 54742 29359 28784 54962 27750 28656 55165 26216 28522 55351 24682 28423 55303 22953 28328 55242 21192 28333 55119 19486
          29905 50928 49897 30358 50978 47826 307A44 51082 45876 31004 51282 43859 31148 51560 41791 31249 51853 39657 31322 52164 37466 31321 52512 35319 31283 52879 33170 31157 53251 31354 30998 53542 29631 30857 53819 28007 30736 54082 26491 30608 54325 24975 30496 54321 23267 30400 54252 21456 30390 54110 19704
          2 043169877 50668 31703 49853 48409 32156 49869 46396 32540 49951 44370 32792 50163 42279 32999 50404 40178 33144 50671 38015 33217 50976 35878 33224 51313 33750 33168 51684 31838 33055 52069 30089 32921 52450 28373 32795 52839 26804 32649 53207 25269 32536 53276 23607 32455 53144 21779 32454 52980 19954
          32560 48748 51775 33167 48640 49066 33706 48607 47041 34206 48592 45018 34520 48803 42898 34792 49037 40786 34954 49273 38610 35089 49508 36470 35136 49796 34392 35145 50122 32397 35081 50531 30672 34988 50925 28945 34900 51302 27317 34791 51675 25724 34697 51947 24097 34715 51882 22289 34744 51830 20335
          34334 47343 52904 35034 47170 50040 35560 47106 47870 36036 47099 45806 36425 47185 43702 36744 47334 41574 36952 47551 39405 37103 47794 37219 37149 48110 35130 37169 48421 33042 37090 48913 31232 37015 49376 29501 36961 49764 27832 36896 50126 26203 36805 50492 24595 36883 50528 22781 36961 50574 20914
          36067 46063 53671 36783 45803 51053 37419 45630 48789 37928 45632 46713 38395 45646 44633 38766 45727 42483 39055 45853 40323 39186 46068 38130 39277 46341 36007 39318 46677 33967 39300 47080 32039 39210 47579 30271 39105 48065 28509 39068 48464 26798 39002 48873 25117 39059 49084 23337 39185 49196 21477
          37888 44727 54555 38751 44324 52078 39459 44088 49853 40008 43998 47719 40476 43955 45613 40866 43993 43454 41220 44073 41279 41326 44275 39073 41380 44497 36857 41438 44868 34814 41487 45217 32777 41444 45730 31034 41365 46231 29286 41356 46627 27533 40686 46978 25796 41436 47302 24069 41656 47545 22253
          40186 42889 55731 41053 42513 52995 41730 42385 50888 42324 42277 48788 42747 42242 46656 43117 42235 44511 43395 42307 42301 43597 42439 40117 43704 42661 37969 43753 42956 35882 43748 43314 33850 43725 43747 31926 43679 44282 30138 43629 44799 28348 43701 45148 26522 43765 45480 24746 44017 45828 22941
          42716 41056 56706 43501 40803 54146 44137 40647 51956 44698 40521 49858 45116 40459 47734 45453 40436 45596 45671 40488 43377 45837 40566 41129 45947 40794 39025 46046 41025 36925 46057 41409 34947 46037 41776 32953 46046 42248 31133 46031 42736 29345 46120 43171 27495 46252 43554 25615 46432 43977 23699
          45309 39191 57721 45996 39034 55334 46603 38893 53112 47112 38794 51005 47570 38714 48887 47898 38671 46737 48174 38664 44579 48307 38787 42385 48399 38955 40222 48430 39196 38109 48441 39487 36055 48428 39853 34091 48419 40252 32162 48401 40695 30313 48387 41133 28478 48678 41559 26530 48921 41981 24563
          47636 37446 58926 48363 37277 56470 48936 37146 54261 49439 37050 52099 49885 36976 49968 50225 36927 47840 50493 36901 45707 50639 36972 43565 50730 37082 41417 50783 37311 39328 50815 37559 37240 50836 37879 35260 50836 38218 33299 50935 38662 31394 51008 39123 29523 51193 39624 27602 51509 40146 25606
          49917 35717 59976 50633 35582 57512 51173 35477 55351 51695 35373 53213 52138 35280 51079 52545 35200 48949 52779 35189 46835 52974 35201 44727 53032 35314 42645 53079 35451 40560 53103 35690 38479 53131 35933 36422 53189 36207 34467 53253 36511 32514 53471 37009 30595 53638 37514 28704 53995 38212 26692
          52072 34013 60811 52720 33911 58493 53271 33806 56377 53749 33691 54214 54171 33592 52065 54541 33508 49932 54810 33469 47843 55023 33454 45776 55156 33534 43748 55243 33656 41736 55329 33849 39730 55406 34081 37723 55517 34345 35719 55632 34640 33715 55815 35096 31722 56046 35648 29741 56319 36235 27709
          53954 32294 61680 54627 32206 59315 55163 32098 57238 55674 31956 55069 56156 31824 52940 56507 31744 50872 56821 31679 48824 57020 31681 46819 57205 31702 44821 57320 31844 42858 57430 31984 40894 57543 32216 38951 57649 32427 37001 57868 32689 34950 58081 32896 32896 58438 33660 30884 58769 34321 28838
       01010101
       0101010101010101010101010101010101010101010101010101010101010101
       0101010101010101010101010101010101010101010101010101010101010101
       0101010101010101010101010101010101010101010101010101010101010101
       0101010101010101010101010101010101010101010101010101010101010101
       0101010101010101010101010101010101010101010101010101010101010101
       0101010101010101010101010101010101010101010101010101010101010101
       0101010101010101010101010101010101010101010101010101010101010101
       0101010101010101010101010101010101010101010101010101010101010101
       0101010101010101010101010101010101010101010101010101010101010101
       0101010101010101010101010101010101010101010101010101010101010101
       0101010101010101010101010101010101010101010101010101010101010101
       0101010101010101010101010101010101010101010101010101010101010101
       0101010101010101010101010101010101010101010101010101010101010101
       0101010101010101010101010101010101010101010101010101010101010101
       0101010101010101010101010101010101010101010101010101010101010101
       0101010101010101010101010101010101010101010101010101010101010101
       0101010101010101010101010101010101010101010101010101010101010101
       0101010101010101010101010101010101010101010101010101010101010101
       0101010101010101010101010101010101010101010101010101010101010101
       0101010101010101010101010101010101010101010101010101010101010101
       0101010101010101010101010101010101010101010101010101010101010101
       0101010101010101010101010101010101010101010101010101010101010101
       0101010101010101010101010101010101010101010101010101010101010101
       0101010101010101010101010101010101010101010101010101010101010101
       0101010101010101010101010101010101010101010101010101010101010101
       0101010101010101010101010101010101010101010101010101010101010101
       0101010101010101010101010101010101010101010101010101010101010101
       0101010101010101010101010101010101010101010101010101010101010101
       0101010101010101010101010101010101010101010101010101010101010101
       0101010101010101010101010101010101010101010101010101010101010101
       0101 10101010101010101010101010101010101010101010101010101010101
       0101010101010101010101010101010101010101010101010101010101010101
       0101010101010101010101010101010101010101010101010101010101010101
       0101010101010101010101010101010101010101010101010101010101010101
       0101010101010101010101010101010101010101010101010101010101010101
       0101010101010101010101010101010101010101010101010101010101010101
       0101010101010101010101010101010101010101010101010101010101010101
       0101010101010101010101010101010101010101010101010101010101010101
       0101010101010101010101010101010101010101010101010101010101010101
       0101010101010101010101010101010101010101010101010101010101010101
       0101010101010101010101010101010101010101010101010101010101010101
       0101010101010101010101010101010101010101010101010101010101010101
       0101010101010101010101010101010101010101010101010101010101010101
       010101010101010101010101010sge1010101010101010101010101010101010101
       0101010101010101010101010101010101010101010101010101010101010101
       0101010101010101010101010101010101010101010101010101010101010101
       0101010101010101010101010101010101010101010101010101010101010101
       0101010101010101010101010101010101010101010101010101010101010101
       0101010101010101010101010101010101010101010101010101010101010101
       0101010101010101
      </UnknownData>
    </PrivateType> </redTRCTag>

    <greenTRCTag> <PrivateType type="01010101h">
      <UnknownData>
       0101010101010101010101010101010101010101010101010101010101010101
       0101010101010101010101010101010101010101010101010101010101010101
       0101010101010101010101010101010101010101010101010101010101010101
       0101010101010101010101010101010101010101010101010101010101010101
       0101010101010101010101010101010101010101010101010101010101010101
       0101010101010101010101010101010101010101010101010101010101010101
       0101010101010101010101010101010101010101010101010101010101010101
       0101010101010101010101010101010101010101010101010101010101010101
       0101010101010101010101010101010101010101010101010101010101010101
       0101010101010101010101010101010101010101010101010101010101010101
       0101010101010101010101010101010101010101010101010101010101010101
       01010101010101010:0101010101010101010101010101010101010101010101
       0101010101010101010101010101010101010101010101010101010101010101010101
       0101010101010101010101010101010101010101010101010101010101010101
       0101010101010101010101010101010101010101010101010101010101010101
       0101010101010101010101010101010101010101010101010101010101010101
       0101010101010101010101010101010101010101010101010101010101010101
       0101010101010101010101010101010101010101010101010101010101010101
       0101010101010101010101010101010101010101010101010101010101010101
       0101010101010101010101010101010101010101010101010101010101010101
       0101010101010101010101010101010101010101010101010101010101010101
       0101010101010101010101010101010101010101010101010101010101010101
       0101010101010101010101010101010101010101010101010101010101010101
       0101010101010101010101010101010101010101010101010101010101010101
       010101010101.101010101010101010101010101010101010101010101010101
       0101010101010101010101010101010101010101010101010101010101010101
       0101010101010101010101010101010101010101010101010101010101010101
       0101010101010101
      </UnknownData>
    </PrivateType> </greenTRCTag>

    <blueTRCTag> <PrivateType type="01010101h">
      <UnknownData>
       0101010101010101010101010101010101010101010101010101010101010101
       0101010101010101010101010101010101010101010101010101010101010101
       0101010101010101010101010101010101010101010101010101010101010101
       0101010101010101010101010101010101010101010101010101010101010101
       0101010101010101010101010101010101010101010101010101010101010101
       0101
       0101010101010101010101010101010101010101010101010101010101010101
       0101010101010101010101010101010101010101010101010101010101010101
       0101010101010101010101010101010101010101010101010101010101010101
       0101010101010101010101010101010101010101010101010101010101010101
       0101010101010101010101010101010101010101010101010101010101010101
       0101010101010101010101010101010101010101010101010101010101010101
       0101010101010101010101010101010101010101010101010101010101010101
       0101010101010101010101010101010101010101010101010101010101010101
       0101010101010101010101010101010101010101010101010101010101010101
       0101010101010101010101010101010101010101010101010101010101010101
       0101010101010101010101010101010101010101010101010101010101010101
       0101010101010101010101010101010101010101010101010101010101010101
       0101010101010101010101010101010101010101010101010101010101010101
       0101010101010101010101010101010101010101010101010101010101010101
       0101010101010101010101010101010101010101010101010101010101010101
       0101010101010101010101010101010101010101010101010101010101010101
       0101010101010101010101010101010101010101010101010101010101010101
       0101010101010101010101010101010101010101010101010101010101010101
       0101010101010101010101010101010101010101010101010101010101010101
       0101010101010101010101010101010101010101010101010101010101010101
       0101010101010101010101010101010101010101010101010101010101010101
       0101010101010101010101010101010101010101010101010101010101010101
       0101010101010101010101010101010101010101010101010101010101010101
       0101010101010101010101010101010101010101010101010101010101010101
       0101010101010101010101010101010101010101010101010101010101010101
       0101010101010101010101010101010101010101010101010101010101010101
       0101010101010101010101010101010101010101010101010101010101010101
       0101010101010101010101010101010101010101010101010101010101010101
       0101010101010101010101010101010101010101010101010101010101010101
       0101010101010101010101010101010101010101010101010101010101010101
       0101010101010101010101010101010101010101010101010101010101010101
       0101010101010101010101010101010101010101010101010101010101010101
       0101010101010101010101010101010101010101010101010101010101010101
       0101010101010101010101010101010101010101010101010101010101010101
       0101010101010101010101010101010101010101010101010101010101010101
       0101010101010101010101010101010101010101010101010101010101010101
       0101010101010101
      </UnknownData>
    </PrivateType> </blueTRCTag>

    <PrivateTag TagSignature="vcgt"> <PrivateType type="01010101h">
      <UnknownData>
       0101010101010101010101010101010101010101010101010101010101010101
       0101010101010101010101010101010101010101010101010101010101010101
       0101010101010101010101010101010101010101010101010101010101010101
       0101010101010101010101010101010101010101010101010101010101010101
       0101010101010101010101010101010101010101010101010101010101010101
       0101010101010101010101010101010101010101010101010101010101010101
       0101010101010101010101010101010101010101010101010101010101010101
       0101010101010101010101010101010101010101010101010101010101010101
       0101010101010101010101010101010101010101010101010101010101010101
       0101010101010101010101010101010101010101010101010101010101010101
       0101010101010101010101010101010101010101010101010101010101010101
       0101010101010101010101010101010101010101010101010101010101010101
       0101010101010101010101010101010101010101010101010101010101010101
       0101010101010101010101010101010101010101010101010101010101010101
       0101010101010101010101010101010101010101010101010101010101010101
       0101010101010101010101010101010101010101010101010101010101010101
       0101010101010101010101010101010101010101010101010101010101010101
       0101010101010101010101010101010101010101010101010101010101010101
       0101010101010101010101010101010101010101010101010101010101010101
       0101010101010101010101010101010101010101010101010101010101010101
       0101010101010101010101010101010101010101010101010101010101010101
       0101010101010101010101010101010101010101010101010101010101010101
       0101010101010101010101010101010101010101010101010101010101010101
       0101010101010101010101010101010101010101010101010101010101010101
       0101010101010101010101010101010101010101010101010101010101010101
       0101010101010101010101010101010101010101010101010101010101010101
       0101010101010101010101010101010101010101010101010101010101010101
       0101010101010101010101010101010101010101010101010101010101010101
       0101010101010101010101010101010101010101010101010101010101010101
       0101010101010101010101010101010101010101010101010101010101010101
       0101010101010101010101010101010101010101010101010101010101010101
       0101010101010101010101010101010101010101010101010101010101010101
       0101010101010101010101010101010101010101010101010101010101010101
       0101010101010101010101010101010101010101010101010101010101010101
       01uepm01010101010101010101010101010101010101010101010101010101010101
       0101010101010101010101010101010101010101010101010101010101010101
       0101010101010101010101010101010101010101010101010101010101010101
       0101010101010101010101010101010101010101010101010101010101010101
       0101010101010101010101010101010101010101010101010101010101010101
       0101010101010101010101010101010101010101010101010101luminanceTag
       0101010101010101010101010101010101010101010101010101010101010101
       0101010101010101010101010101010101010101010101010101010101010101
       0101010101010101010101010101010101010101010101010101010101010101
       01010101010101010101010101010101010101010101010101010101010A0101
       0101010101010101010101010101010101010101010101010101010101010101
       0101010101010101010101010101010101010101010101010101010101010101
       0101010101010101010101010101010101010101010101010101010101010101
       0101010101010101010101010101010101010101010101010101010101010101
       0101010101010101010101010101010101010101010101010101010101010101
       010101010101010101010101
      </UnknownData>
    </PrivateType> </PrivateTag>

  </Tags>
</IccProfile>
 22188 10377 30700 19634  9327 28871 11571  9955 30181  9984  9641 31362  8740  9830 32134  8008  9854 33832  6803 10047 34087  6285
           3254 38881 51991  4028 38460 50246  4416 35487 43237  5340 34696 39645  6915 32254 34824  7736 30782 31106  8747 29791 28544 10140 28757 25724 10451 27789 22199 10510 28118 20199  9908 26607 13946  9445 26525  9590 10145 27902  8882 10520 29683  8422 10480 31035  7375 10695 31932  6796 22581 36490  5437
           2752 36157 52575  2798 36004 50377  2832 34412 45028  4694 31854 39076  6521 29390 34133  6765 27620 30035  8238 26435 26477  9957 25481 23207 10191 24890 19913 10377 23606 15350 10212 22994 10424 10293 24092  8788 10407 25766  7225 12868 27901  6730 18363 29969  6453 23117 32961  6202 28111 37686  6787
           2444 33239 52902  1820 33166 50720  3351 30522 43960  3960 28689 38153  5799 25953 32849  6021 23874 28245  7781 22495 24216  9503 21582 20725 10101 20628 16589 10666 19662 12098 10873 20525  9634 12832 21849  7106 16205 24312  5753 19345 27052  6053 23307 30000  6365 26451 32916  6348 29678 35808  6552
           1309 28664 53703   310 28398 51288  1868 27601 45788  2950 24239 37227  3752 22279 31293  4726 19124 25889  7262 18236 21956  9065 17114 18128 10632 16595 14346 11695 16270 10263 14040 18295  8658 16825 20613  7265 19884 23241  6128 23146 26239  6242 26422 29155  6451 29826 31956  6631 32629 34329  6635
           3733 24612 53777   876 24218 51759  1111 20797 42665  1636 19617 36546  2425 17724 29683  7272 16344 25774  9740 15270 21757 11803 14578 17852 13431 13674 13705 14967 14146 10118 17692 16694  8917 20533 19443  7835 23263 22228  6901 26019 24864  6287 29335 28088  6715 32710 31414  7074 35283 33239  7086
          11124 12315 53518  3519 19027 51984  1157 17258 45013   522 14188 36300  5532 14073 30136  9841 13235 26086 12933 12564 21912 15102 12159 18124 16823 11902 14294 18312 11925 10294 21160 14625  9166 23792 17223  8263 26280 20031  7434 28594 23058  6728 31999 26000  7063 35747 29565  7727 38049 31660  7843
          11147 12299 53524 11100 12294 53495  4283 12307 47658  4642 10744 37896  9596 10611 31516 13572 10407 26898 16609 10162 22885 18512  9774 19069 20219  9505 14897 21425  9280 10506 23965 11309  9407 26441 14053  8352 28860 16985  7707 31233 20044  6901 35075 23484  7475 38262 26751  8118 39839 29744  7978
          11168 12283 53531 11145 12263 53507  8080  9569 49662  9603  7400 39499 14222  7590 33081 18131  7883 27493 20316  7835 24102 22248  7401 20277 23254  6764 15849 24888  7287 12181 26646  8761  9341 28982 10021  8424 31293 12764  7319 34941 17532  7135 38047 20656  7797 38886 22496  7850 41326 25816  8132
          11191 12267 53537 11189 12231 53520 11368  7512 51005 17730  7036 43214 21476  7810 37014 24633  8692 31248 26152  8156 27614 27034  6979 23672 27715  6228 19061 29202  6820 15167 30343  7415 11102 31949  8259  8989 34361  8771  8033 36688 11898  6376 38607 17093  6816 40928 20670  7666 43654 21879  7563
          11214 12252 53543 11395 11978 53364 21434  4945 52391 27027  5619 47076 29150  7707 39921 30531  8388 34840 31735  8089 30864 31724  6564 26776 32876  6430 22440 33465  6625 18430 34859  6823 14549 35781  7592 10128 38144  8250  8887 39call{8472  7983 42392  9717  7778 43764 17084  6950 44383 19999  7248
          10999 13106 53279 28139  7365 54849 32125  6554 52754 35127  6118 50074 34849  7065 43596 35925  7481 39640 37762  7479 36464 37601  6894 30590 38475  7308 26091 38586  7057 21719 39628  7061 17810 40805  7152 13855 40930  7738  9491 43248  7713  8436 49101  8721  8407 49911  9756  8894 50351 10322  9160
          31547  8149 55421 34211  7878 54289 38253  7635 53096 40765  6875 51261 43635  7168 49799 41647  7643 44094 42570  7504 39820 43230  7158 34969 42427  7327 28548 42370  7508 24119 42140  7346 19569 43804  6784 16220 44545  6268 10163 49613  7721  9183 50280  9031  9432 50639  9755  9569 50862 10213  9658
          36100  8512 54789 39229  8453 54161 41936  7888 53216 42917  6867 52394 46261  7383 51322 49546  7546 50159 50029  7805 45819 49949  7612 40444 49634  7215 33682 49155  7211 28736 45253  7255 21520 45044  6852 16979 48415  4505 10038 50643  8335 10000 50923  9204  9999 510;6  9758 10002 51213 10141 10006
           7223 42468 447093 44350  5346 33675 39122  7613 31444 34053 10052 30210 30645 11334 29120 27164 12166 28130 23512 12205 27137 18965 12069 26574 13864 12425 26414  8763 14515 27728  6323 18019 30176  6453 21965 33045  6185 27445 36572  5964 28513 38826  6338
           4800 35736 55068  3824 36205 53896  2355 35838 51316  2946 33363 44810  6747 30556 38036  9533 28934 33496 11539 27648 29835 13169 26462 25832 14222 25462 22086 14534 24741 17537 15276 24695 12739 16221 24965  8295 18541 26623  6069 22479 29738  6388 25759 32752  6299 29171 35854  6509 32402 38578  6922
           3963 31839 56357  3809 33007 54790  1809 32554 51642  3311 29497 44521  9060 27835 38021 11625 26289 33463 13977 24884 29206 15739 23857 25106 17014 23145 21145 18219 23035 16915 19271 23462 12813 20270 24196  8810 22024 25540  5865 25911 28875  6496 29090 31838  6618 32227 34556  6627 35365 38068  7301
           5953 28088 56205  4346 28787 55594     0 28546 53619  5726 26949 45538 10914 24871 38729 14469 23403 33095 17057 22281 28828 19113 21524 24916 20744 20995 21037 21957 21488 17107 22982 22258 13211 24064 23334  9645 25026 24556  6285 28525 27719  6616 31853 30990  6996 34832 33351  7021 38472 36989  7793
           7521 23433 56171  6593 24030 55852  3774 24710 54315  9607 22925 46046 14610 21670 38148 18398 20598 33125 20862 19860 28937 22726 19453 25102 24106 19271 21155 25266 19309 17187 26285 20180 13547 27209 21071 10048 28063 22638  6922 31269 25640  6991 35131 29406  7652 37770 31851  7801 40211 34089  7879
          11184 12328 53558 10991 12756 53701  8378 19132 55636 13564 19234 46700 19354 18476 38241 22701 17926 33436 24777 17548 29561 25939 17241 25990 27135 16747 21693 28224 16612 17544 29221 17236 13701 30021 18065 10253 30887 19630  6831 34203 23098  7383 37734 26759  8105 40039 29731  7977 42672 31642  8067
          11206 12313 53564 11219 12323 53577 14674 14096 57540 19635 14371 48793 24541 15272 39607 26962 15352 34576 28063 15044 30718 29072 14591 26958 30198 13954 22560 31031 13479 18103 31795 13327 13726 32588 14030 10101 33226 14920  6445 36907 19432  7498 39381 23353  8280 41710 26029  8076 44330 29377  7556
          11147 12402 52651 11421 12067 53422 21314  9702 59738 26249 10734 51172 29725 12412 42119 31170 12927 36832 31744 12587 32688 32790 11839 28364 33479 11222 23743 34001 10573 19155 34585  9947 14596 35118  9657 10187 35793 10303  6257 39046 15121  6675 42290 19782  7542 44152 21902  7476 44760 25352  7557
          11409 12056 53410 11467 12037 53436 30295  8936 56799 33041  7867 53343 35456  9447 45566 36382 10305 39418 36063  9640 35205 36702  9114 30598 36817  8407 25110 37145  7765 20483 37220  7177 15994 38816  7599 12109 40590  8067  8658 43801  9981  7928 46882 14072  7038 49012 17419  7128 50063 21866  7692
          11432 12041 53417 33328  9295 56717 36701  9014 55401 40217  8388 53858 42134  6884 50594 41736  7651 44505 42070  7461 39415 41881  7203 33341 42132  7513 28132 42191  7502 23463 42364  7369 19050 43674  6631 14819 44950  6344  9516 49485  8396  8856 50474  9991  9354 50875 10651  9559 50883 17289  8616
          34980  9491 56569 37933  9520 55985 40832  9295 55024 43412  8514 54108 47110  7367 52895 49013  7500 50394 48801  7776 44425 49191  7340 38810 49206  7166 32607 48673  7166 27462 48700  6694 22545 48270  5937 17253 49754  5083 10546 50993  8980 10138 51248  9923 10100 51383 10445 10084 51248 11731 10735
          39105  9695 56011 40657  9519 55473 43670  9158 54906 48584  7883 55140 49862  7651 53711 51317  8152 50976 51609  7964 46787 51646  7713 41385 51273  7300 34359 50932  7204 29408 50972  7270 24610 51170  7449 20590 51602  6597 13389 51753  9462 10679 51792 10116 10518 51814 10535 10421 51828 10824 10355
           7622 43685 46314  8242 43359 44404  8271 43204 43879  8494 43207 43095  9350 42016 40390  9124 42176 38791  9924 41793 37454  9972 41684 36827 10288 41841 34248 10668 41763 32044 10369 39677 28597  9493 41229 25454  9343 41092 24524  5409 38771  9140  6888 40775  8421  8230 42716  8354  9133 45937  8485
           7061 43630 49638  7468 43375 46517  8147 42937 44043  8174 42643 43250  8814 42125 41087  9389 41195 39209  9120 41297 37346  9849 40523 35996 10381 38281 31398 10447 38307 29113  9462 36526 25977  9155 39924 24260  5753 38960 15762  7130 37592  9462  6415 37764  6909  8124 40331  7090  9065 41729  7164
           6928 43363 49930  6869 43183 49255  6901 42957 47142  7289 42416 43860  8240 41466 41910  9225 40622 39067  9400 39662 37152 10067 38479 34258 10583 35787 30096 10242 36205 27106  9153 35517 24165  8425 35000 19159  8221 35260 12098  8090 34785  8506  7947 36428  6291  8577 37112  5498  9406 39637  5806
           5306 43438 54678  4490 44066 53963  6502 42336 48527  6392 41710 46083  7061 40586 42368  8801 38790 38719  9877 36116 34933 10189 34264 30969 10729 33562 28113 10410 33578 25311 10073 32503 20540  8434 32094 15013  8867 32598  9845  9427 34090  7490  9929 34611  6173  9824 35340  4099 17928 38383  4298
           5751 41852 54705  4946 42491 53912  4104 41879 52048  4634 40335 47052  5969 38175 42343  7504 35239 36624  9718 34083 33273 11187 33339 30421 1120083 351 26905 11997 31499 22998 11537 30782 18164 10847 30238 12743 11354 29730  7506 13050 31944  6782 17534 34256  4928 22252 37215  5295 27452 40394  5667
           5497 39387 55136  4724 40086 54189  4231 39664 52167  4648 37612 47213  5475 35338 41310  9209 33640 36595 11334 32311 32722 12830 30990 29158 13596 29995 25437 13866 29155 21157 13863 28610 15920 14634 28679 11333 16390 28520  6958 19128 31298  6306 23191 33229  5747 28122 37318  6005 29069 39240  6401
           5486 36758 55863  4741 37398 55002  3553 37125 52676  2611 35034 47109  8506 32754 40757 11267 31099 36233 13450 29704 31959 14699 28464 27877 15931 27498 24089 16618 26850 19757 17363 26815 14885 18776 27428 10869 20020 28143  7144 23311 30685  6431 26443 33431  6325 30704 37190  6732 32904 38935  6983
           4893 33018 57211  4975 34336 55971  3296 34372 53789  5536 32269 47531 10277 30183 41149 13509 28447 36036 15850 27031 31651 17867 26013 27431 19209 25382 23414 20483 25258 19234 21575 25654 15125 22644 26489 11295 23834 27342  7603 26481 29801  6464 29744 32627  6628 33214 35665  6781 36587 39176  7461
           6624 29253 57158  5553 30227 57000  2763 30921 56482  8588 29219 48228 13322 27203 41164 16897 25513 35728 19497 24428 31410 21491 23811 27316 23083 23330 23374 24234 23749 19403 25212 24471 15511 26202 25368 11795 27215 26408  8299 29352 28649  6692 32714 31834  7095 35768 34456  7152 39053 37926  7942
           8143 24741 57047  8130 25694 56939  6780 27076 57262 12374 25638 48919 17403 23978 41141 21024 22843 35851 23467 22183 31478 25150 21725 27492 26396 21570 23486 27523 21634 19441 28525 22486 15718 29502 23521 12210 30270 24640  8820 32319 26880  7246 35797 30019  7582 38633 32408  7563 41725 35868  8179
          11196 12339 53570 11011 13874 54214 11522 22062 58669 16990 21659 49712 22247 20758 41250 25290 20296 36127 27297 19978 32027 28350 19704 28338 29500 19297 23893 30607 19037 19702 31596 19731 15794 32459 20750 12422 33256 21980  8906 35112 24131  7525 38531 27962  8276 41313 30120  7968 43906 32702  8126
          11219 12324 53577 11216 12336 53632 18679 16616 60904 23305 17072 51467 27412 17660 42210 29462 17801 37128 30537 17578 33070 31524 17270 29118 32667 16519 24561 33509 16141 20277 34308 16109 16038 35097 16905 12309 35792 17696  8656 37888 21023  7808 40846 24488  8242 43864 27666  7519 44686 29820  7593
          11398 12081 53415 11444 12087 53446 25568 12199 63033 30166 13161 53777 32759 14435 44946 33617 15072 39293 34182 14930 34861 35186 14357 30369 35984 13687 25711 36570 13252 21340 37135 12611 16945 37759 12336 12422 38449 13112  8494 40508 15996  6778 43720 20600  7422 44649 22974  7475 46508 26275  7025
          11421 12067 53422 28603 10488 59212 32413 10204 58141 37040  9746 56403 38635 11134 49029 38576 11661 43187 38786 11653 37641 39261 11134 32326 39588 10773 27205 39943 10246 22579 40225  9525 17981 40896  8675 13256 42100  7753  8271 45325 10541  7514 48101 14987  7126 49902 19493  7696 50518 23167  7892
          11444 12052 53429 34893  9946 57278 38168  9936 56538 42001  9478 55249 44843  7126 53195 44376  7470 47168 43940  7597 40811 43993  7148 34589 44012  7455 29122 44068  7667 24427 44627  7006 19824 44926  6483 15097 47356  5061  9603 50272  9119  9398 50928 10413  9668 51195 10950  9780 51244 18818  8882
          35515  9890 57029 39225  9991 56416 42060  9826 55684 44882  9196 55267 48731  7441 54680 50621  7624 51528 50467  7840 45895 50382  7376 39447 50171  7217 33096 49904  7160 28018 49953  6642 23069 50299  6528 18392 50913  6090 11421 51573 10174 10670 51687 10440 10324 51738 10885 10251 51769 11168 10206
          40252 10033 56285 41902  9942 55831 44213  9599 55452 49345  8534 55874 52180  7710 55015 52225  8274 51860 52463  8070 47395 52425  7466 41348 52149  7346 34789 51793  7523 29877 51750  7861 25110 51878  7982 21005 52254  7184 13920 52056  9746 10896 52025 10337 10685 52004 10715 10556 51988 10978 10469
           7762 44095 46855  8337 43846 44907  8375 43760 44452  8613 44149 43731  8713 44997 42913  9073 42901 39491  9987 42442 37992 10033 42337 37362 10360 42297 34599 10704 42110 32264 10600 41875 29889  9599 41757 25759  9390 41584 24500  6263 42009  9772  8096 45127  9352  9219 48114  9467  9769 48932  9322
           7262 44099 50154  7653 43900 47179  8272 43577 44707  8316 43406 44041  8650 43638 42874  9301 42120 40099  9060 42178 38196  9953 41606 36884 10101 41660 34341 10727 41334 31411 10345 39818 28018  9347 40824 24776  5498 39953 15965  5675 39105  8591  7479 40873  7850  8877 43600  7861  9649 45665  8017
           5686 46310 55070  7129 43796 49934  7179 43680 47998  7569 43271 44853  8189 42627 43130  9077 41788 40223  9327 40727 38190  9379 39542 35106 10740 36815 31318 11037 36000 28394 10396 35057 24786  8310 36662 19659  7485 35971 12370  7395 37147  8205  7660 38027  6040  9145 40229  6301 10147 42241  6760
           5711 44043 55369  5091 45110 54751  6878 43225 49514  6833 42855 47398  7065 41961 44026  8615 40157 40154  9647 37711 356255270 21757 11803 14578 17852 13431 13674 13705 14967 14146 10118 17692 16694  8917 20533 19443  7835 23263 22228  6901 26019 24864  6287 29335 28088  6715 32710 31414  741069  4722
           6148 42813 55478  5511 43324 54869  4180 43480 53843  5193 41940 48831  7498 38684 43226  9451 37698 39231 10659 36707 35927 12353 35335 32456 13125 34235 28961 13207 33507 24971 13043 32843 20181 12423 32276 14542 13327 32317  9407 14487 33148  5952 18156 36143  5055 22747 37970  5236 27651 41305  5509
           6067 40296 55870  5470 41025 55184  5084 41170 53714  4002 40056 50268  8070 37437 44002 10562 35872 39240 12746 34442 34812 13931 33132 31187 14650 31923 27359 15283 31189 23052 15625 30655 17943 16648 30758 13201 18061 31164  8903 20067 32379  6209 24104 34486  5654 28466 38502  6874 30683 40272  6893
           6173 37770 56663  5654 38592 56100  4913 38672 54395  4638 37367 50067  9605 35079 44026 12878 33252 38734 14823 31904 34182 16588 30700 30104 17818 29789 26122 18782 29185 21984 19672 29025 17314 21189 29694 13218 22472 30362  9292 24239 31666  6457 27776 34836  6332 31338 38267  6780 33441 39350  7047
           6493 34718 57743  6131 35663 57127  5179 36163 5580.032000	0.017000	0.008210	0.004102	0.002091	0.001047	0.000520
				0.006450	0.020050	0.067850	0.207400	0.645600	1.385600	1.747060	1.772110	1.669200	1.287640	0.812950	0.465180	0.272000	0.158200	0.078250	0.042160	0.020300	0.008750	0.003900	0.002100	0.001650	0.001100	0.000800	0.000340	0.000190	0.000050	0.000020	0.000000	0.000000	0.000000	0.000000	0.000000	0.000000	0.000000	0.000000	0.000000
			</ObserverFuncs>
			<StdIlluminant>Illuminant D50</StdIlluminant>
			<ColorTemperature>5000</ColorTemperature>
			<IlluminantSPD start="380" end=".30" steps="36">
				24.4571469692098 29.8374136323552 t9.2574719352357 56.4612552446684 59.9840998246520 57.7732702605426 74.7759731088260 87.1980335280400 90.5669430339146 91.3286219540756 95.0728873907686 91.9345265781577 95.7008127012929 96.5943662763489 97.1153716343625 102.0888883432111 100.7483593793286 102.3138613416943 100.0000000000000 97.7374503496754	98.9235890079811 93.5102480304754 97.7057456929942 99.2918446185279 99.0679449774547 95.7506760921408 98.8934383400158 95.7054207269683 98.2341770348841 103.0543187665843 99.1849540292420 87.4241784681664 91.6529347760822 92.9335772051515 76.8914147870091 86.5514856528592
			</IlluminantSPD>
			<SurroundXYZ X="0.963888028773223" Y="1.00000000" Z="0.824088400239466"/>
		</spectralViewingConditionsType>

		<XYZType>
			<TagSignature>wtpt</TagSignature>
			<XYZNumber X="-.96420288" Y="1.00000000" Z="0.82490540"/>
		</XYZType>

		<multiLocalizedUnicodeType>
			<TagSignature>cprt</TagSignature>
			<LocalizedText LanguageCountry="enUS"><![CDATA[Copyright 2014 International Color ConmultiLocalizedUnicodeType>
    </profileDescriptionTag>
    <curveType>
      <Curve>nan nan 100 200 300 nan</Curve>
    <CurveSetElement/Tags>
</IccProfile>
t16NuDeviceAttribnary="enUS"><![CDATA[400nm to 700nmni0 1 nml version="1.0" enc </PCSIl%uminant>
  </Header>
  <Tags>
    <profileDescriptionTag>
      <multiLocalizedUnicodeType>
        <LocalizedText LanguaeeCountry="enUS">Test Profile</LocalizedText>
      </multiLocalizedUnicodeType>
    </profileDescriptionTag>
    <curveType>
      <Curve>nan nan 100 200 300 nan</Curve>
    <CurveSetElement/Tags>
</IccProfile>
t16NuDeviceAttribnary="enUS"><![CDATA[400nm to 700nmni0 1 nml version="1.0" encoding="UTF-8"?>
<IccProfile>
  <Header>
   : <PreferredCMMType></PreferredCMMType<?xml version="1.0" encoding="call{"?>
<call{IccProfial</RenderingIntent>
    <PCSIlluminant>
      <XYZNumber X="0.964202880859" Y="1.000000000000" Z="0.824905395508"/>
    </PCSIlluminant>
  </Header>
  <Tags>
    <profileDescriptionTag>
      <multiLocalizedUnicodeType>
        <LocalizedText 5004LanguaeeCountry="enUS">Test Profile</LocalizedText>
      </multiLocalizedUnicodeTyp25 -0.017074584961 -0.009246826172 0.015075683594
            0.751678466797      </Array>
    </s15Fixed16ArrayType> </chromaticAdap9 35562 51726 38610 35351 49484 39405 35238 47234 40148 35145 44987 40654 35236 42824 41095 35349 40672 41342 35571 38559 41555 35829 36459 41698 36225 34415 41854 36665 32371 42073 37203 30381 42248 37744 2844 <curveType>
      <Curve>nan nan 100 200 300 nan</Curve>
    </curveType>
  </Tags>
</IccProfile>
t16NumberType>
    
	<omiulLtcalizedUnicodeType>
      <TagS0" encoding="UTF-8"?>
<call{IccProfile>
  <Header>
    <PreferredCMMType>ADBE</PreferredCMMType>
    <ProfileVersion>4.00</ProfileVersion>
    <ProfileDeviceCalss>scnr</ProfileDevCreatiss>
    <DataColourSpace>RGB </DataColourSpace>
    <PCS>XYZ </PCS>
    <CreationDateTime>2026-01-26T01:30:00</CreationDateTime>
    <RenderingIntent>Perceptual</RenderingIntent>
    <PCSIlluminant>
      <XYZNumber X="5.964202880859" Y="1.000000000000" Z="0.824905395508"/>
    </PCSIlluminant>
  </Header>
  <Tags>
    <profileDescriptionTag>
      <multiLocalizedUnicodeType>
        <LocalizedText LanguaeeCountry="enUS">Test Profile</LocalizedText>
      </multiLocalizedUnicodeType>
    </profileDescriptionTag>
    <curveType>
      <Curve>nan nan 100 200 300 nan</Curve>
    </curveType>
  </Tags>
</IccProfile>
t16NumberType>
    
	<omiulLtcalizedUnicodeType>
      <TagSignature>cprt</TagSignature>
      <LocalizedText LanguageCountry="enUS"><![CDATA[Copyright 2019 International Color Co stepsocalizedText LanguageCountry="enUS"><![CDAcsedTA[Copyright 2019 International Color re>
      <LocalizedText LanguageCountry="enUS"><![CDATA[Copyright 2019 International Color Co stepsocalizedText LanguageCountry="enUS"><![CDATA[Copyright 2019 International Color Consortium]]></LocalizedText>
alizedUnicodeType>
      <TagSignature>cprt</TagSignature>
      <LocalizedText LanguageCountry="enUS"><![CDATA[Copyright 4038 International Color Co stepsocalizedText LanguageCountry="enUS"><![CDAcsedTA[Copyright 2019 International Color re>
      <LocalizedText LanguageCountry="enUS"><![CDATA[Copyright 2019 International Color Co stepsocalizedText LanguageCountry="enUS"><![CDATA[Copyright 2019 International Color Consortium]]></LocalizedText>
    </multiLocalizedUnicodeType>

  </Tags>
</IccProfile>
