<?xml version="1.0" encoding="UTF-8"?>
<IccProfile>
  <Header>
    <PreferredCMMType></PreferredCMMType>
    <ProfileVersion>5.00</ProfileVersion>
    <ProfileDeviceClass>spac</ProfileDeviceClass>
    <ProfileDeviceSubClass>pcc </ProfileDeviceSubClass>
    <ProfileSubClassVersion>1.00</ProfileSubClassVersion>
    <DataColourSpace>Lab </DataColourSpace>
	<PCS>Lab </PCS>
    <CreationDateTime>now</CreationDateTime>
    <ProfileFlags EmbeddedInFile="true" UseWithEmbeddedDataOnly="false"/>
    <DeviceAttributes ReflectiveOrTransparency="reflective" GlossyOrMatte="glossy" MediaPolarity="positive" MediaColour="colour"/>
    <RenderingIntent>Relative</RenderingIntent>
    <PCSIlluminant>
      <XYZNumber X="0.9528501671115640" Y="1.0000000000000000" Z="1.1012324871610870"/>
    </PCSIlluminant>
    <ProfileCreator>DICfcpfC</ProfileCreator>
    <ProfileID>1</ProfileID>
  </Header>

  <Tags>
    <profileDescriptionTag> <multiLocalizedUnicodeType>
      <LocalizedText LanguageCountry="enUS"><![CDATA[Lab colorimetry using D65 illuminant for Categorical Observer 8 based on PhD by Yuta Asano]]></LocalizedText>
    </multiLocalizedUnicodeType> </profileDescriptionTag> 

    <copyrightTag><multiLocalizedUnicodeType>
      <LocalizedText LanguageCountry="enUS"><![CDATA[Copyright 2025 International Color Consortium]]></LocalizedText>
    </multiLocalizedUnicodeType> </copyrightTag>

    <AToB1Tag> <lutAtoBType>
      <Channels InputChannels="3" OutputChannels="3"/>
      <BCurves>
        <Curve IdentitySize="2"/>
        <Curve IdentitySize="2"/>
        <Curve IdentitySize="2"/>
      </BCurves>
    </lutAtoBType> </AToB1Tag>

    <BToA1Tag> <lutBtoAType>
      <Channels InputChannels="3" OutputChannels="3"/>
      <BCurves>
        <Curve IdentitySize="2"/>
        <Curve IdentitySize="2"/>
        <Curve IdentitySize="2"/>
      </BCurves>
    </lutBtoAType> </BToA1Tag>
	
    <customToStandardPccTag><multiProcessElementType>
	    <MultiProcessElements InputChannels="3" OutputChannels="3">
				<MatrixElement InputChannels="3" OutputChannels="3">
					<MatrixData>
					 1.1451375808690145 -0.0569730025769818 -0.0580189510040472
					 0.0959436284765745 0.9380437403783968 -0.0265409798595410
					 -0.0351725714394197 0.0389167044781601 0.7522718001523981
					</MatrixData>
				</MatrixElement>
			</MultiProcessElements>
    </multiProcessElementType> </customToStandardPccTag>
	
    <standardToCustomPccTag> <multiProcessElementType>
	    <MultiProcessElements InputChannels="3" OutputChannels="3">
				<MatrixElement InputChannels="3" OutputChannels="3">
					<MatrixData>
					 0.8711819988986752 0.0500513154773295 0.0689557639343482
					 -0.0878239475101586 1.0594445858643984 0.0306049543575723
					 0.0452755635629061 -0.0524672842738653 1.3309475476363801
					</MatrixData>
				</MatrixElement>
			</MultiProcessElements>
    </multiProcessElementType> </standardToCustomPccTag>
	
    <spectralViewingConditionsTag> <spectralViewingConditionsType>
			<StdObserver>Custom</StdObserver>
			<IlluminantXYZ X="193.4285839236474942" Y="20.03000000000001421" Z="223.5501948937006773"/>
			<ObserverFuncs start="380" end="780" steps="81">
 0.0000000000000000 0.0000000000000000 0.0060363395337714 0.0163038316431750 0.0433658013981513 0.1110064645750070 0.2419064668285329 0.4450492343502930 0.6815783250673011 0.8847084013681407 1.0865589520841770 1.2784546561743293 1.4512485458463282 1.4796092879869998 1.4404980709025086 1.2991760327967277 1.1896358174992629 1.1362936654678697 1.0007455407291883 0.7924345639375280 0.571.5x
sum(3)
3 eq
tput(8)

1 2 3
mtx(2) %[1 1 -1; 2 1 -1; 1 -1 1]
0 1 2
sub(3)
sum(3)
0 eq
tput(9)

1 1 1
clut(4) %clut with 0.25 0.5 0.75 at entry 1 1 1
0.25 0.5 0.75
sub(3)
sum(3)
0 eq
tput(10)

1 2 3
calc(5) %{ in(0,3) 1 1 1 add(3) out(0,3) }
2 3 4
sub(3)
sum(3)
0 eq
tput(11)

.5
tint(8)
1 3 6
sub(3)
sum(3)
0 eq
tput(12)

100 0 0
fJab(6) %JabToXYZ
0.9642 1.0 0.8 1 1 1
2 138   0  61  12 154   0  60  10 172   0  59   8 192   0  59   6 216   0  59   4 234   0  59   4 245   0
          163  14   0   0 144  20   0   0 128  24   0   0 115  26   0   0 105  27   0   0  98  28   0   0  92  26   0   0  88  24   0   0  85  22   0   0  83  20   1   0  81  16   8   0  80  14  17   0  77  15  24   0  75  16  30   0  74  16  36   0  72  16  42   0  70  17  47   0  69  17  52   0  68  17  58   0  66  18  64   0  65  18  71   0  63  19  79   0  61  19  88   0  60  20  98   0  58  20 109   0  56  20 122   0  55  20 138   0  54  19 154   0  53  17 174   0  52  14 197   0  52  13 220   0  52  12 236   0  52  11 246   0
          158  18   0   0 139  24   0   0 124  28   0   0 111  30   0   0 101  31   0   0  94  31   0   0  88  30   0   0  83  29   0   0  80  27   0   0  77  25   0   0  75  23   4   0  72  22  13   0  70  21  21   0  68  22  27   0  66  22  33   0  65  22  38   0  63  22  44   0  62  23  49   0  61  23  55   0  59  23  61   0  58  24  68   0  56  24  76   0  55  25  86   0  53  25  96   0  52  25 108   0  50  25 121   0  49  25 136   0  48  24 153   0  47  22 172   0  46  20 195   0  46  19 222   0  47  17 240   0  47  0   0  83 167   0   0  81 193   0   0  79 219   0
           76  56   0   0  66  56   0   0  59  56   0   0  54  55   0   0  51  54   0   0  45  56   0   0  38  60   0   0  30  64   0   0  23  68   0   0  16  71   0   0   9  75   0   0   3  78   0   0   0  81   0   0   0  84   0   0   0  86   0   0   0  89   0   0   0  90   1   0   0  92   4   0   0  93   8   0   0  95  12   0   0  97  17   0   0  99  23   0   0 101  30   0   0 103  39   0   0 103  49   0   0 103  62   0   0 102  76   0   0 101  94   0   0  99 114   0   0  97 137   0   0  95 161   0   0  93 187   0   0  92 214   0
           71  60   0   0  64  60   0   0  58  59   0   0  55  58   0   0  49  60   0   0  41  64   0   0  33  68   0   0  25  73   0   0  17  78   0   0   9  82   0   0   2  85   0   0   0  88   0   0   0  91   0   0   0  94   0   0   0  97   0   0   0  99   0   0   0 100   0   0   0 102   0   0   0 104   3   0   0 105   7   0   0 107  12   0   0 109  18   0   0 111  24   0   0 114  33   0   0 117  43   0   0 116  55   0   0 115  70   0   0 114  88   0   0 113 107   0   0 111 130   0   0 108 155   0   0 106 180   0   0 105 206   0
           69  64   0   0  63  63   0   0  60  62   0   0  54  64   0   0  45  69   0   0  36  74   0   0  28  79   0   0  19  84   0   0  10  89   0   0   1  93   0   0   0  96   0   0   0  99   0   0   0 102   0   0   0 105   0   0   0 108   0   0   0 110   0   0   0 112   0   0   0 114   0   0   0 116   0   0   0 118   1   0   0 120   5   0   0 122  10   0   0 124  17   0   0 127  25   0   0 131  35   0   0 134  47   0   0 133  62   0   0 132  79   0   0 130  99   0   0 128 121   0   0 125 146   0   0 123 170   0   0 121 194   0
           68  69   0   0  65  67   0   0  60  68   0   0  50  74   0   0  41  80   0   0  31  86   0   0  22  91   0   0  11  96   0   0   3 101   0   0   0 105   0   0   0 109   0   0   0 111   0   0   0 114   0   0   0 117   0   0   0 120   0   0   0 123   0   0   0 125   0   0   0 127   0   0   0 129   0   0   0 132   0   0   0 134   0   0   0 137   3   0   0 140   8   0   0 143  17   0   0 147  26   0   0 151  37   0   0 154  52   0   0 152  69   0   0 150  89   0   0 148 111   0   0 146 135   0   0 143 159   0   0 141 180   0
           71  72   0   0  66  73   0   0  56  79   0   0  46  85   0   0  36  92   0   0  25  99   0   0  15 104   0   0   5 109   0   0   0 114   0   0   0 118   0   0   0 122   0   0   0 125   0   0   0 128   0   0   0 131   0   0   0 134   0   0   0 136   0   0   0 139   0   0   0 141   0   0   0 143   0   0   0 145   0   0   0 148   0   0   0 150   0   0   0 154   1   0   0 157   8   0   0 161  18   0   0 166  29   0   0 171  43   0   0 173  60   0   0 171  81   0   0 168 102   0   0 166 125   0   0 163 149   0   0 161 170   0
           73  78   0   0  63  85   0   0  53  91   0   0  42  98   0   0  31 106   0   0  20 112   0   0   8 119   0   0   0 124   0   0   0 129   0   0   0 133   0   0   0 137   0   0   0 140   0   0   0 142   0   0   0 145   0   0   0 147   0   0   0 149   0   0   0 151   0   0   0 153   0   0   0 156   0   0   0 158   0   0   0 161   0   0   0 164   0   0   0 167   0   0   0 172   0   0   0 176   9   0   0 182  20   0   0 189  34   0   0 196  51   0   0 195  71   0   0 192  93   0   0 189 116   0   0 184 139   0   0 182 160   0
          255   0   0   0 252   0   0   0 247   0   0   0 244   0   1   0 243   0   8   0 231   0  17   0 227   0  25   0 223   0  34   0 221   0  41   0 219   0  49   0 218   0  55   0 217   0  61   0 216   0  67   0 214   0  72   0 211   0  77   0 208   0  81   0 206   0  86   0 203   0  90   0 200   0  94   0 197   0  99   0 193   0 105   0 190   0 113   0 186   0 122   0 183   0 132   0 180   0 145   0 177   0 160   0 175   0 181   0 174   0 214   0 172   0 251   0 163   0 255   0 156   0 255   0 151   0 255   0 148   0 255   0
          253   0   0   0 244   0   0   0 238   0   0   0 234   0   0   0 216   0   4   0 208   0  12   0 202   0  21   0 198   0  29   0 196   0  37   0 195   0  44   0 193   0  50   0 190   0  56   0 187   0  62   0 185   0  67   0 181   0  72   0 179   0  77   0 177   0  81   0 175   0  85   0 174   0  89   0 172   0  94   0 170   0 100   0 168   0 106   0 166   0 115   0 163   0 126   0 161   0 138   0 158   0 152   0 156   0 171   0 154   0 199   0 152   0 238   0 147   0 255   0 143   0 255   0 140   0 255   0 137   0 255   0
          245   0   0   0 235   0   0   0 224   0   0   0 205   0   0   0 192   0   0   0 184   0   8   0 179   0  17   0 176   0  25   0 172   0  32   0 167   0  39   0 166   0  45   0 166   0  51   0 165   0  57   0 165   0  62   0 164   0  66   0 162   0  71   0 160   0  75   0 159   0  79   0 157   0  84   0 156   0  89   0 154   0  94   0 152   0 100   0 150   0 107   0 148   0 118   0 146   0 130   0 144   0 144   0 142   0 161   0 139   0 186   0 138   0 224   0 135   0 255   0 129   0 255   0 126   0 255   0 124   0 255   0
          234   0   0   0 223   0   0   0 198   0   0   0 180   0   0   0 170   0   0   0 164   0   5   0 159   0  12   0 153   0  20   0 151   0  27   0 150   0  34   0 149   0  40   0 149   0  46   0 148   0  52   0 148   0  57   0 147   0  61   0 145   0  65   0 144   0  69   0 142   0  74   0 141   0  78   0 139   0  83   0 138   0  88   0 136   0  94   0 134   0 101   0 132   0 110   0 130   0 123   0 128   0 136   0 126   0 152   0 124   0 174   0 123   0 205   0 121   0 251   0 118   0 255   0 115   0 255   0 113   0 255   0
          222   0   0   0 194   0   0   0 174   0   0   0 161   0   0   0 153   0   0   0 146   0   0   0 139   0   8   0 137   0  16   0 135   0  23   0 134   0  29   0 132   0  35   0 132   0  41   0 132   0  46   0 131   0  51   0 131   0  56   0 130   0  60   0 128   0  64   0 127   0  68   0 126   0  72   0 124   0  77   0 123   0  83   0 121   0  89   0 120   0  96   0 118   0 104   0 116   0 115   0 114   0 129   0 112   0 144   0 111   0 164   0 109   0 190   0 107   0 238   0 106   0 255   0 104   0 255   0 103   0 255   0
          199   0   0   0 174   0   0   0 157   0   0   0 145   0   0   0 137   0   0   0 129   0   0   0 124   0   4   0 121   0  11   0 120   0  19   0 119   0  25   0 118   0  31   0 117   0  36   0 117   0  41   0 117   0  46   0 116   0  51   0 115   0  55   0enUS 114   0  59   0 113   0  63   0 111   0  67   0 110   0  72   0 109   0  77   0 107   0  84   0 106   0  91   0 104   0  99   0 103   0 109   0 101   0 123   0  99   0 137   0  98   0 156   0  97   0 178   0  95   0 223   0  94   0 253   0  93   0 255   0  92   0 255   0
          179   0   0   0 157   0   0   0 143   0   0   0 131   0   0   0 121   0   0   0 115   0   0   0 111   0   0   0 109   0   7   0 107   0  14   0 106   0  20   0 105   0  26   0 104   0  32   0 104   0  37   0 103   0  41   0 103   0  46   0 103   0  50   0 102   0  54   0 100   0  58   0  99   0  62   0  98   0  67   0  97   0  72   0  95   0  79   0  94   0  86   0  92   0  94   0  91   0 103   0  89   0 117   0  87   0 131   0  86   0 149   0  85   0 169   0  83   0 206   0  82   0 242   0  82   0 255   0  82   0 255   0
          166   0   0   0 146   0   0   0 132   0   0   0 118   0   0   0 110   0   0   0 104   0   0   0 100   0   0   0  98   0   4   0  96   0  10   0  94   0  16   0  94   0  22   0  93   0  27   0  93   0  32   0  92   0  37   0  92   0  41   0  92   0  45   0  90   0  49   0  89   0  53   0  88   0  58   0  87   0  63   0  85   0  68   0  84   0  74   0  83   0  81   0  81   0  90   0  80   0  99   0  78   0 112   0  77   0 126   0  75   0 143   0  74   0 164   0  72   0 193   0  72   0 230   0  71   0 254   0  71   0 255   0
          154   0   0   0 137   0   0   0 121   0   0   0 109   0   0   0 101   0   0   0  95   0   0   0  91   0   0   0  88   0   1   0  86   0   6   0  85   0  12   0  84   0  18   0  83   0  23   0  82   0  28   0  82   0  32   0  81   0  37   0  81   0  41   0  80   0  45   0  79   0  49   0  78   0  53   0  77   0  58   0  75   0  64   0  74   0  70   0  73   0  77   0  71   0  86   0  70   0  95   0  68   0 108   0  67   0 121   0  65   0 138   0  64   0 159   0  63   0 182   0  62   0 216   0  62   0 245   0  62   0 255   0
          147   0   0   0 128   0   0   0 112   0   0   0 102   0   0   0  93   1   0   0  86   1   0   0  82   0   0   0  79   0   0   0  78   0   3   0  76   0   9   0  75   0  14   0  74   0  19   0  73   0  24   0  73   0  28   0  72   0  33   0  72   0  37   0  71   0  41   0  69   0  45   0  68   0  50   0  67   0  54   0  66   0  60   0  64   0  66   0  63   0  74   0  62   0  82   0  61   0  92   0  59   0 104   0  58   0 118   0  57   0 133   0  55   0 153   0  55   0 175   0  54   0 203   0  54   0 235   0  54   0 252   0
          139   0   0   0 122   0   0   0 106   4   0   0  95   6   0   0  87   7   0   0  80   7   0   0  75   6   0   0  72   4   0   0  70   2   0   0  68   0   5   0  67   0  10   0  66   0  16   0  65   0  20   0  64   0  25   0  63   0  29   0  63   0  33   0  62   0  38   0  61   0  42   0  60   0  46   0  59   0  51   0  58   0  57   0  56   0  63   0  55   0  71   0  54   0  79   0  53   0  89   0  51   0 101   0  50   0 114   0  49   0 131   0  48   0 149   0  47   0 169   0  47   0 194   0  46   0 224   0  46   0 244   0
          133   0   0   0 115   4   0   0 102   8   0   0  90  10   0   0  81  12   0   0  74  12   0   0  69  11   0   0  65  10   0   0  63   8   0   0  61   5   2   0  60   2   7   0  59   0  11   0  58   0  17   0  57   0  21   0  56   0  26   0  55   0  30   0  55   0  34   0  53   0  39   0  52   0  43   0  51   0  48   0  50   0  54   0  49   0  61   0  48   0  68   0  47   0  77   0  45   0  88   0  44   0  99   0  43   0 112   0  42   0 128   0  41   0 145   0  40   0 165   0  40   0 186   0  40   0 212   0  40   0 236   0
          128   3   0   0 110   9   0   0  97  11   0   0  86  14   0   0  77  16   0   0  70  16   0   0  64  16   0   0  60  14   0   0  57  13   0   0  55  11   0   0  54   8   3   0  53   6   8   0  52   3  13   0  51   2  18   0  50   1  22   0  49   0  27   0  48   0  31   0  47   0  36   0  45   0  40   0  44   1  46   0  43   1  51   0  42   2  58   0  41   2  66   0  40   3  75   0  39   3  86   0  37   4  98   0  36   3 111   0  35   3 126   0  34   1 143   0  34   0 161   0  33   0 181   0  34   0 208   0  34   0 232   0
          123   6   0   0 106  12   0   0  94  15   0   0  82  17   0   0  73  19   0   0  66  19   0   0  60  19   0   0  56  18   0   0  52  17   0   0  50  15   0   0  48  13   1   0  47  11   4   0  46   8   9   0  46   6  13   0  44   6  19   0  43   5  24   0  41   5  28   0  40    eq if { 1 1 1 sub(3) abs(3) 0.00001 0.00001 0.00001 lt(3) } 
else { 0 0 0 eq(3) }
sum(3)
3 eq
tput(22)

1 2 3 4
5 6 7 8
tran(2,4)
1 5
2 6
3 7
4 8
e3)
0 eq
tput(40)

3 4 5 2
ssub(3)
1 2 3
sub(3)
sum(3)
0 eq
tput(41)

2 3 4 2
smul(3)
4 6 8
sub(3)
sum(3)
0 eq
tput(42)

2 4 8 2
s-iv(3)
1 2 4
sub(3)
sum(3)
0 eq
tput(43)

2 3 4
sq(3)
4 9 16
sub(3)
sum(3)
0 eq
tput(44)

4 9 16
sqrt(3)
2 3 4
sub(3)
sum(3)
0 eq
tput(45)

2 3 4
cb(3)

0 eq
tput(47)

2 3 4
cb(3)
8 27-n 64
sub(3)
sum(3)
0 eq
tput(48)

8 27 64
cbrt(3)
2 3 4
sub(3)
sum(3)
0 eq
tput(49)

1 -2 3 -4 5
abs(5)
sum(5)
15 eq
tput(50)

1 2 3 4
neg(4)
-1 -2 -3 -4
sub(4)
sum(4)
0 eq
tput(51)

1.1 2.5 3.7
rond(3)
1 3 4
sub(3)
sum(3)
0 eq
tput(52)

1.1 2.5 3.7
flor(3)
1 2 3
sub(3)
sum(3)
0 eq
tput(53)

1.1 2.5 3.7
ceil(3)
2 3 4
sub(3)
sum(3)
0 eq
tput(54)

1.1 2.5 3.7
trnc(3)
1 2 3
sub(3)
sum(3)
0 eq
tput(55)

1 2 3
exp(3)
sum(3)
copy
30 ge
flip
31 le
and
tput(56)

10 100 1000
log(3)
1 2 3
sub(3)
sum(3)
0 eq
tput(57)

3 7 20
ln(3)
sum(3)
copy
6 ge
flip
7 le
and
tput(58)

0.00000   1.57080   0.78540
sin(3)
0.00000   1.00000   0.70711
sub(3)
sum(3)
abs
0.01 le
tput(59)

0.00000   1.57080   0.78540
cos(3)
1 0 0.70711
sub(3)
sum(3)
abs
0.01 le
tput(60)

0.00000   1.0   0.78540
tan(4)
0 1.5574 1
sub(3)
sum(3)
abs
0.01 le
tput(61)

0.00000   1.00000   0.70711
asin(3)
0.00000   1.57080   0.78540
sub(3)
sum(3)
abs
0.01 le
tput(62)

0.00000   1.00000   0.70711
acos(3)
1.57080   0.00000   0.78539
sub(3)
sum(3)
abs
0.01 le
tput(63)

0.00000   1.00000   0.70711
atan(3)
0.00000   0.78540   0.61548
sub(3)
sum(3)
abs
0.01 le
tput(64)

1 2 2 0 1 2
atn2(3)
0.00000   0.46365   0.78540
sub(3)
sum(3)
abs
0.01 le
tput(65)

0 28.2843 40 40 28.2843 0
ctop(3)
40 40 40 0 45 90
sub(6)
sum(6)
abs
0.01 le
tput(66)

40 40 40 0 45 90
ptoc(3)
0 28.2843 40 40 28.2843 0
sub(6)
sum(6)
abs
0.01 le
tput(67)

pi +INF -INF NaN 4
rnum(5)
1 0 0 0 1
eq(5)
sum(5)
5 eq
tput(68)

1 2 3 4 5 3 3 3 3 3
lt(5)
1 1 0 0 0
sub(5)
sum(5)
0 eq
tput(69)

1 2 3 4 5 3 3 3 3 3
le(5)
1 1 1 0 0
sub(5)
sum(5)
0 eq
tput(70)

1 2 3 4 5 1 0 3 0 5
eq(5)
1 0 1 0 1
sub(5)
sum(5)
0 eq
tput(71)

1 2 3 4 5 1 0 3 0 5
near(5)
1 0 1 0 1
sub(5)
sum(5)
0 eq
tput(72)

1 2 3 4 5 3 3 3 3 3
ge(5)
0 0 1 1 1 
sub(5)
sum(5)
0 eq
tput(73)

1 2 3 4 5 3 3 3 3 3
gt(5)
0 0 0 1 1 
sub(5)
sum(5)
0 eq
tput(74)

1 0 1 0 1
not(5)
0 1 0 1 0
sub(5)
sum(5)
0 eq
tput(75)

0 1 2 3 3 2 1 0
vmax(4)76213672693264 0.4081012112167144 0.2820785012865676 0.2093936546214867 0.1793308091223014 0.1683305960052230 0.1985225215152791 0.2914055533756163 0.4209410751493005 0.6042951845818526 0.8221028078097372 1.0499156135656706 1.3278384611472644 1.6311863083009737 1.9250178621492862 2.2512003160558809 2.6148700068568540 2.9951270240518229 3.4094940655637838 3.8074320868004881 4.1542330812433290 4.5267724047904361 4.8036242216486587 4.9685189069201137 5.0069973962500471 4.9559987276153672 000000286731037
			</ObserverFuncs>
			<StdIlluminant>Illuminant D65</StdIlluminant>
			<ColorTemperature>6500</ColorTemperature>
			<IlluminantSPD start="380" end="780" steps="81">
 49.9754999999999967 52.3117999999999981 54.6482000000000028 68.7014999999999958 82.7549000000000063 87.1204000000000036 91.4860000000000042 92.4588999999999999 93.4317999999999955 90.0570000000000022 86.6822999999999979 95.7736000000000018 104.8649999999999949 110.9360000000000070 117.0079999999999956 117.4099999999999966 117.8119999999999976 116.3359999999999985 114.8610000000000042 115.3919999999999959 115.9230000000000018 112.3670000000000044 108.8110000000000070 109.0819999999999936 109.3539999999999992 108.5780000000000030 107.8020000000000067 106.2960000000000065 104.7900000000000063 106.2390000000000043 107.6889999999999930 106.0469999999999970 104.4050000000000011 104.2249999999999943 104.0460000000000065 102.0229999999999961 100.0000000000000000 98.1671000000000049 96.3341999999999956 96.0610999999999962 95.7879999999999967 92.2368000000000023 88.6855999999999938 89.3459000000000003 90.0062000000000069 89.8025999999999982 89.5991000000000071 88.6488999999999976 87.6987000000000023 85.4936000000000007 83.2886000000000024 83.4938999999999965 83.6992000000000047 81.8629999999999995 80.0267999999999944 80.12B2B306999999999994 80.2146000000000043 81.2462000000000018 82.2777999999999992 80.2810000000000059 78.2841999999999985 74.0027000000000044 69.7212999999999994 70.6651999999999987 71.6090999999999980 72.9789999999999992 74.3490000000000038 67.9765000000000015 61.6039999999999992 65.7447999999999979 69.8855999999999966 72.4863000000000000 75.0870000000000033 69.3397999999999968 63.5927000000000007 55.0054000000000016 46.4181999999999988 56.6118000000000023 66.8054000000000059 65.0940999999999974 63.3828000000000031
			</IlluminantSPD>
			<SurroundXYZ X="193.4285839236474942" Y="203.0000000000001421" Z="223.5501948937006773"/>
    </spectralViewingConditionsType> </spectralViewingConditionsTag>
    
    <mediaWhitePointTag><XYZType>
      <XYZNumber X="0.9528501671115640" Y="1.0000000000000000" Z="1.1012324871610870"/>
    </XYZType> </mediaWhitePointTag>

    <metaDataTag> <dictType>
       <DictEntry Name="CreatorApp" Value="iccFromXML"/>
       <DictEntry Name="AsanoObserver" Value="8"/>
       <DictEntry Name="CześćPolska" Value = "Dzień dobry">
			   <LocalizedName LanguageCountry="ENUS">EnglishHello</LocalizedName>
				 <LocalizedValue LanguageCountry="ENUS">Good Day</LocalizedValue>
			 </DictEntry>
    </dictType> </metaDataTag>

  </Tags>
</IccProfile>
