<?xml version="1.0" encoding="UTF-8"?>
<IccProfile>
  <Header>
    <PreferredCMMType></PreferredCMMType>
    <ProfileVersion>4.20</ProfileVersion>
    <ProfileDeviceClass>spac</ProfileDeviceClass>
    <DataColourSpace>RGB </DataColourSpace>
    <PCS>Lab </PCS>
    <CreationDateTime>2007-07-25T00:05:37</CreationDateTime>
    <ProfileFlags EmbeddedInFile="false" UseWithEmbeddedDataOnly="false"/>
    <DeviceAttributes ReflectiveOrTransparency="reflective" GlossyOrMatte="glossy" MediaPolarity="positive" MediaColour="colour"/>
    <RenderingIntent>Perceptual</RenderingIntent>
    <PCSIlluminant>
      <XYZNumber X="0.964202880859" Y="1.000000000000" Z="0.824905395508"/>
    </PCSIlluminant>
    <ProfileCreator></ProfileCreator>
    <ProfileID>68B17EA13545A8B31B60C0B483C5AD7A</ProfileID>
  </Header>
  <Tags>
    <profileDescriptionTag> <multiLocalizedUnicodeType>
      <LocalizedText LanguageCountry="enUS"><![CDATA[sRGB v4 ICC preference perceptual intent beta]]></LocalizedText>
    </multiLocalizedUnicodeType> </profileDescriptionTag>

    <AToB0Tag> <lutAtoBType>
      <Channels InputChannels="3" OutputChannels="3"/>
      <ACurves>
        <Curve/>
        <Curve/>
        <Curve/>
      </ACurves>
      <CLUT>
        <GridPoints>17 17 17</GridPoints>
        <TableData>
           2039 32896 32896  1977 33931 30585  2114 34898 28323  2401 35914 26063  3194 36948 24026  3739 37999 22134  4432 39055 20242  5432 40018 18650  6401 40930 17034  7113 41643 15853  7748 42231 14855  8426 42741 13902  9145 43208 12942  9791 43669 11958 10387 44170 10752 11290 44624  9652 12240 45059  8110
           2457 30726 34392  3632 31383 31847  4073 32476 29475  4544 33592 27237  5111 34647 25008  5803 35882 22928  6476 37043 20883  7197 38108 19142  8033 39090 17501  8944 39974 16101  9737 40688 15090 10387 41282 14160 11002 41793 13250 11668 42258 12366 12410 42722 11328 13180 43159 10323 13894 43537  9401
           5280 28669 35710  5650 29265 33336  6030 30089 30904  6465 31117 28504  7003 32324 26115  7569 33576 23854  8194 34897 21728  892 44461 27897 22370 45210 28809 20291
          42343 18927 53443 42908 19206 51253 43401 19420 49378 43699 19599 47766 43994 19793 46162 44253 19993 44498 44410 20182 42757 44594 20382 40997 44708 20692 39100 44825 21034 37203 44901 21566 34901 45012 22170 32546 45206 23128 30046 45493 24117 27665 45838 25053 25554 46203 26055 23529 46735 27128 21336
          44456 18207 53546 44953 18414 51587 45382 18569 49897 45705 18721 48351 45947 18868 46880 46195 19022 45389 46331 19180 43773 46449 19344 42115 46574 19533 40395 46687 19773 38549 46812 20045 36650 46879 20554 34285 46980 21247 31917 47203 22156 29460 47507 23231 27081 47926 24187 24816 48451 25342 22408
          46520 17431 53478 46928 17619 51905 47330 17802 50400 47706 17984 48940 47899 18086 47540 48098 18194 46130 48272 18307 44674 48364 18439 43088 48468 18576 41497 48560 18745 39780 48653 18936 37992 48740 19250 36021 48796 19766 33737 48923 20421 31322 49161 21242 28876 49477 22428 26460 49936 23500 23947
          48381 16523 53593 48820 16776 52166 49235 17003 50832 49677 17150 49561 49924 17192 48250 50095 17235 46902 50266 17284 45544 50391 17360 44079 50556 17415 42585 50583 17570 41008 50665 17721 39277 50748 17890 37521 50927 18183 35584 51005 18676 33404 51204 19373 31106 51204 20378 28314 51424 21666 25607
          13085 44204 40825 13449 44553 38646 13731 44936 36514 13899 45395 34439 13977 45885 32363 14061 46434 30296 14126 46969 28196 14185 47574 25995 14116 48220 23814 14334 48562 21636 14658 48900 19782 15302 49064 18195 15832 49222 16529 16487 49367 15548 17359 49358 14676 18069 49409 13779 18726 49464 12843
          14566 42651 41694 15183 42854 39435 15698 43110 37277 16030 43532 35153 16267 43996 33032 16454 44610 30938 16591 45228 28857 16721 45779 26538 16834 46322 24277 16986 46742 22043 17253 47113 20036 17804 47392 18503 18324 47603 16884 18977 47769 15843 19642 47905 14955 20266 48029 14051 20849 48164 13120
          15899 41169 42595 16696 41243 40203 17413 41398 38013 17962 41706 35850 18301 42181 33702 18548 42732 31588 18728 43357 29511 18936 43964 27251 19162 44537 24892 19438 45052 22662 19679 45467 20515 20217 45824 18983 20726 46108 17406 21238 46356 16127 21808 46592 15258 22356 46816 14362 22915 47015 13411
          17533 39533 43577 18451 39527 41116 19245 39634 38906 20006 39769 36718 20375 40283 34516 20668 40834 32330 20901 41398 30268 21123 41974 28150 21401 42513 25778 21733 43101 23598 22071 43681 21506 22484 44189 19671 22992 44619 18069 23491 44975 16459 24002 45287 15567 24489 45569 14681 25017 45841 13665
          19264 37841 44551 20239 37838 42171 21164 37843 39928 22012 37898 37746 22591 38182 35560 22954 38630 33365 23236 39187 31215 23460 39786 29123 23736 40388 26854 24034 40944 24495 24475 41672 22554 24835 42306 20557 25279 42879 18987 25723 43352 17418 26170 43761 16082 26638 44154 15092 27152 44539 13974
          21303 36047 45600 22340 35988 43315 23318 35941 41117 24167 35986 38930 24949 36065 36739 25299 36493 34505 25616 36977 32268 25913 37551 30141 26194 38152 28035 26503 38789 25855 26844 39489 23721 27253 40259 21697 27665 40970 19845 28069 41569 18357 28471 42074 16841 28876 42560 15655 29329 43054 14452
          23727 34061 46837 24739 34049 44535 25689 34013 42386 26559 34016 40215 27284 34113 38031 27801 34352 35857 28109 34743 33670 28411 35324 31473 28704 35938 29300 29001 36596 27139 29304 37244 25001 29691 38057 23014 30081 38838 21028 30449 39594 19369 30853 40242 17829 31292 40794 16320 31695 41386 15011
          26337 31924 48094 27356 31936 45817 28285 31943 43652 29134 31975 41490 29800 32124 39337 30403 32300 37189 30676 32618 35037 30905 32896 32896 31246 33716 30699 31573 34420 28534 31903 35171 26428 32239 35861 24334 32599 36655 22329 32939 37429 20385 33260 38252 18867 33614 38963 17352 34010 39649 15792
          29298 29566 49401 30243 29652 47155 31130 29710 44986 31879 29833 42853 32581 29971 40711 33044 30257 38571 33450 30568 36434 33636 31015 34304 33829 31521 32144 34108 32270 29934 34440 33030 27819 34779 33786 25779 35114 34533 23776 35490 35317 21815 35862 36119 19940 36131 37004 18343 36377 37879 16703
          32252 27243 50695 33152 27461 48445 33963 27614 46309 34667 27775 44192 35249 27955 42074 35713 28204 39948 36085 28514 37824 36380 28967 35692 36582 29503 33588 36764 30174 31400 36995 30927 29197 37305 31700 27161 37692 32434 25188 38043 33261 23260 38398 34084 21326 38679 34961 19488 38946 35882 17709
          35282 24872 51921 36186 25197 49485 36878 25517 47464 37512 25790 45479 37976 26041 43422 38399 26284 41349 38684 26627 39306 38959 26981 37255 39139 27532 35058 39336 28097 32892 39571 28878 30633 39809 29627 28472 40116 30411 26512 40496 31151 24557 40915 32036 22657 41322 32922 20743 41547 33901 18780
          38258 23025 53001 38969 23305 50646 39605 23575 48566 40149 23861 46636 40662 24135 44664 40986 24405 42662 41278 24704 40645 41471 25102 38677 41669 25508 36666 41780 26139 34409 41935 26793 32172 42172 27603 29883 42504 28400 27800 42836 29193 25860 43209 30006 23898 43621 30917 21919 44013 31892 19879
          40819 20968 53796 41446 21527 51522 42053 21941 49424 42491 22259 47585 42906 22553 45758 43220 22819 43895 43487 23077 41998 43714 23377 40059 43898 23730 38086 44085 24175 35974 44260 24771 33691 44399 25552 31398 44627 26399 29117 44968 27258 27109 45379 28072 25160 45902 28958 23146 46307 29945 20984
          43029 20005 54075 43629 20262 51976 44182 20472 50090 44655 20751 48325 45016 21067 46627 45349 21370 44910 45547 21627 43134 45763 21881 41340 45924 22199 39460 46078 22537 37550 46212 23029 35377 46364 23599 33094 46626 24436 30666 46889 25304 28403 47238 26212 26370 47679 27065 24358 48207 28118 22126
          45175 19254 54220 45756 19479 52265 46234 19649 50568 46680 19826 48923 46955 20007 47367 47241 20196 45790 47466 20384 44150 47650 20584 42461 47842 20826 40746 47982 21123 38891 48131 21427 37027 48216 21989 34786 48345 22594 32504 48646 23438 30090 49031 24330 27729 49422 25262 25569 49927 26431 23057
          47283 18425 54202 47790 18671 52506 48223 18862 50983 48658 19059 49490 48923 19202 48022 49149 19336 46549 49391 19446 45086 49549 19583 43487 49716 19728 41875 49871 19903 40167 50008 20117 38333 50144 20407 36401 50214 20985 34189 50363 21663 31907 50645 22506 29486 50990 23513 27055 51463 24555 24524
          49262 17544 54287 49780 17808 52746 50230 17949 51430 50662 18039 50150 51032 18093 48863 51224 18172 47456 51419 18256 46039 51596 18359 44570 51740 18490 43004 51883 18637 41425 52008 18828 39684 52106 19064 37846 52233 19415 35875 52346 19924 33733 52483 20656 31370 52689 21547 28911 52991 22738 26179
          15163 45830 42199 15617 46061 39979 15802 46426 37874 15906 46840 35769 15926 47285 33654 15937 47768 31562 15925 48261 29481 15884 48835 27340 15900 49385 25260 15871 49734 23044 15744 50020 20697 16294 50109 19080 16648 50291 17492 17465 50212 16189 18211 50247 15283 18909 50275 14345 19597 50275 13368
          16640 44304 42986 17316 44388 40628 17680 44683 38475 17972 45036 36324 18108 45490 34197 18209 45980 32092 18276 46538 30038 18344 47063 27923 18449 47596 25749 18554 48042 23595 18661 48359 21387 19027 48553 19599 19542 48650 18002 20039 48704 16465 20668 48801 15542 21244 48920 14616 21823 49022 13655
          17921 42805 43876 18731 42817 41401 19319 42999 39197 19847 43223 37028 20123 43689 34851 20340 44171 32663 20458 44831 30591 20542 45436 28541 20750 45893 26314 20937 46341 24162 21147 46692 22040 21420 46984 20097 21881 47185 18575 22301 47350 16986 22806 47519 15893 23346 47705 14962 23943 47873 13897
          19210 41310 44775 20125 41291 42217 20937 41323 39928 21653 41439 37774 22119 41774 35618 22392 42242 33446 22604 42794 31358 22760 43413 29310 22978 43979 27102 23219 44503 24864 23475 45001 22727 23703 45394 20645 24164 45706 19098 24606 45963 17573 25025 46173 16214 25498 46409 15284 26017 46635 14207
          20865 39688 45636 21884 39583 43219 22804 39508 40906 23589 39597 38739 24297 39747 36575 24554 40217 34381 24766 40729 32223 24980 41302 30182 25211 41866 28093 25510 42387 25825 25816 42957 23710 26122 43521 21693 26462 44004 19865 26892 44398 18329 27312 44725 16770 27762 45061 15644 28236 45375 14494
          22840 37920 46661 23865 37800 44276 24785 37722 42035 25637 37710 39837 26371 37802 37660 26824 38128 35473 27127 38577 33285 27387 39108 31189 27607 39663 29152 27863 40231 26942 28110 40761 24614 28516 41474 22677 28866 42090 20741 29246 42612 19227 29634 43057 17748 30022 43457 16303 30486 43959 15005
          24998 36036 47811 26103 35901 45428 27062 35813 43231 27983 35741 41060 28648 35863 38876 29214 36040 36685 29487 36478 34470 29767 36955 32271 30071 37470 30200 30349 38025 28140 30627 38638 26001 30914 39284 23899 31284 40017 21923 31666 40686 20077 32069 41246 18606 32459 41727 17165 32882 42307 15595
          27487 33982 48961 28534 33911 46669 29515 33839 44472 30367 33825 42292 31107 33883 40120 31687 34046 37971 32077 34313 35821 32296 34691 33662 32578 35251 31501 32881 35861 29360 33194 36490 27253 33511 37098 25167 33818 37830 23203 34161 38559 21278 34487 39286 19617 34828 39961 18108 35266 40635 16378
          30155 31861 50161 31176 31832 47943 32104 31810 45784 32924 31842 43617 33667 31898 41428 34199 32078 39276 34668 32284 37132 34866 32616 35008 35036 32896 32896 35375 33689 30745 35682 34370 28620 36016 35054 26582 36349 35668 24530 36775 36405 22560 37237 37097 20617 37395 37969 19091 37699 38893 17200
          33060 29519 51402 34034 29620 49183 34871 29649 47034 35665 29686 44884 36303 29820 42739 36876 29981 40593 37256 30268 38483 37580 30593 36374 37749 31038 34279 37934 31535 32164 38219 32255 30009 38564 32970 27947 38913 33684 25961 39251 34403 23981 39642 35182 22065 40062 35920 20187 40381 36794 18386
          36108 27186 52626 36980 27382 50340 37715 27529 48211 38385 27667 46111 38951 27828 44000 39421 28021 41898 39799 28292 39809 40118 28620 37716 40363 29081 35626 40541 29583 33554 40759 30216 31419 41047 30923 29285 41385 31653 27287 41793 32367 25327 42156 33180 23382 42462 34015 21452 42810 34895 19477
          38941 24838 53718 39734 25089 51451 40490 25312 49335 41094 25596 47288 41637 25855 45217 41987 26124 43193 42335 26378 41168 42570 26740 39151 42802 27103 37112 42980 27649 34958 43178 28182 32839 43466 28938 30656 43744 29660 28556 44083 30423 26610 44490 31148 24656 44884 32043 22665 45229 32969 20589
          41506 22894 54714 42277 23335 52224 42932 23591 50170 43487 23814 48220 43935 24058 46310 44331 24291 44378 44667 24539 42415 44964 24848 40450 45141 25243 38483 45310 25673 36462 45457 26265 34290 45644 26902 32127 45945 27695 29937 46340 28462 27890 46713 29244 25923 47100 30060 23904 47515 31048 21708
          43769 21491 55031 44538 21905 52650 45146 22141 50770 45696 22345 48954 46056 22614 47196 46413 22854 45426 46691 23096 43610 46964 23342 41768 47182 23638 39879 47358 23979 37956 47533 24419 35878 47687 25003 33650 47902 25742 31425 48226 26536 29233 48645 27360 27185 49158 28147 25184 49600 29178 22852
          45904 20325 55170 46607 20563 52949 47149 20824 51229 47666 21074 49546 48026 21324 47915 48340 21564 46285 48628 21789 44627 48860 22022 42903 49102 22254 41165 49273 22542 39313 49435 22853 37434 49574 23347 35296 49734 23897 33057 50066 24677 30698 50395 25514 28478 50782 26442 26334 51409 27641 23494
          48133 19509 54966 48716 19739 53119 49169 19923 51570 49644 20061 50100 50030 20180 48626 50296 20314 47120 50563 20453 45601 50790 20640 44000 51000 20868 42344 51202 21110 40635 51350 21416 38753 51501 21736 36861 51620 22304 34698 51778 22889 32506 52086 23732 30086 52462 24647 27682 52885 25764 25115
          50324 18600 55171 50883 18878 53477 51335 18990 52103 51751 19055 50774 52160 19078 49469 52404 19167 48042 52622 19276 46576 52829 19395 45096 53011 19564 43496 53192 19750 41877 53359 19979 40139 53462 20286 38220 53593 20677 36251 53749 21203 34188 53918 21855 31977 54183 22724 29509 54656 23769 26774
          17245 47383 43593 17627 47576 41346 17778 47930 39191 17828 48342 37048 17835 48748 34894 17800 49150 32728 17755 49582 30698 17665 49974 28689 17647 50441 26666 17686 50823 24670 17547 51038 22424 17523 51182 20259 17548 51449 18669 18473 51188 17230 19122 51137 15981 19824 51122 15012 20465 51123 13984
          18616 45890 44249 19201 45985 41947 19581 46216 39757 19791 46562 37602 19921 46962 35437 20013 47366 33257 20056 47868 31185 20064 48367 29133 20149 48869 27052 20227 49326 25042 20333 49550 22988 20444 49718 20940 20796 49753 19284 21174 49759 17668 21585 49773 16268 22149 49854 15306 22712 49925 14289
          19897 44452 44983 20622 44476 42624 21233 44554 40351 21622 44827 38162 21911 45173 35975 22079 45593 33800 22192 46102 31712 22242 46675 29694 22339 47192 27628 22481 47680 25579 22630 48054 23529 22788 48291 21417 23086 48425 19679 23463 48499 18175 23811 48547 16668 24326 48679 15625 24878 48758 14558
          21233 42954 45851 22045 42902 43412 22790 42871 41094 23369 43049 38910 23903 43261 36728 24116 43713 34537 24308 44196 32367 24432 44838 30330 24541 45426 28301 24742 45892 26204 24921 46340 24173 25124 46643 22128 25358 46894 20204 25727 47050 18718 26067 47164 17207 26463 47297 15954 26962 47466 14851
          22692 41417 46760 23610 41287 44248 24413 41220 41913 25159 41256 39704 25832 41390 37563 26200 41742 35417 26438 42182 33260 26628 42721 31212 26766 43312 29193 26977 43853 27050 27203 44368 24918 27448 44843 22881 27660 45237 20844 28036 45518 19305 28402 45735 17829 28744 45915 16372 29232 46207 15163
          24603 39691 47772 25555 39516 45274 26404 39415 43000 27224 39339 40763 27857 39481 38597 28378 39706 36431 28654 40165 34260 28901 40647 32146 29092 41177 30156 29277 41706 28111 29503 42214 25890 29766 42760 23843 30076 43303 21931 30385 43764 20136 30763 44148 18668 31138 44486 17189 31581 44914 15688
          26551 37885 48792 27588 37709 46389 28550 37570 44124 29412 37474 41923 30092 37527 39727 30632 37703 37551 30992 38052 35387 31272 38474 33233 31527 38980 31180 31735 39521 29179 31939 40070 27044 32102 40573 24816 32454 41240 22890 32811 41838 21040 33172 42339 19510 33539 42795 18054 33943 43256 16425
          28825 35943 49872 29918 35755 47556 30908 35620 45332 31758 35557 43130 32553 35520 40919 33048 35721 38763 33476 35958 36608 33678 36371 34441 33898 36834 32280 34176 37360 30231 34423 37912 28207 34687 38490 26141 34947 39071 24102 35290 39757 22223 35629 40398 20396 35974 41025 18895 36364 41635 17234
          31390 33915 51062 32455 33788 48777 33344 33712 46601 34177 33658 44405 34902 33680 42196 35492 33785 40021 35933 33982 37883 36229 34269 35763 36414 34642 33653 36662 35192 31538 36918 35791 29439 37207 36378 27379 37521 36939 25317 37875 37619 23409 38249 38314 21572 38549 39024 19852 38873 39817 18043
          34041 31801 52259 35041 31747 50029 35941 31695 47859 36789 31646 45675 37458 31700 43476 38030 31810 41295 38416 32038 39162 38759 32276 37034 38921 32614 34957 39073 32896 32896 39420 33652 30807 39730 34310 28740 40064 34982 26739 40379 35607 24714 40800 36329 22815 41248 37000 20943 41523 37831 19113
          37033 29489 53370 37888 29531 51171 38691 29559 49031 39406 29587 46834 40060 29642 44643 40551 29811 42537 40979 30022 40442 41272 30328 38363 41521 30666 36288 41683 31084 34236 41880 31557 32168 42197 32244 30076 42554 32929 28047 42915 33630 26083 43243 34328 24115 43556 35137 22192 43941 35950 20188
          39889 27134 54453 40686 27258 52238 41409 27404 50115 42040 27554 47985 42597 27692 45849 43038 27869 43775 43418 28068 41733 43711 28359 39672 43956 28704 37582 44166 29166 35529 44357 29636 33497 44610 30257 31421 44911 30954 29345 45274 31665 27358 45716 32354 25393 46088 33152 23404 46393 34040 21315
          42401 24880 55452 43250 25289 52944 43927 25447 50913 44563 25556 48934 45015 25783 46945 45434 25981 44955 45761 26242 42985 46079 26489 41015 46265 26862 39015 46456 27226 36999 46647 27755 34886 46859 28261 32812 47200 28991 30707 47503 29687 28646 47888 30441 26660 48333 31163 24666 48796 32103 22488
          44789 23408 55768 45612 23714 53382 46205 23833 51513 46769 23931 49670 47194 24099 47840 47564 24278 45999 47903 24480 44137 48214 24746 42255 48461 25071 40360 48607 25467 38433 48760 25886 36445 48928 26450 34282 49165 27050 32150 49556 27797 30016 50009 28553 27932 50372 29372 25853 50790 30317 23531
          46978 22047 56002 47731 22306 53745 48285 22485 51962 48794 22643 50245 49228 22799 48557 49562 22963 46884 49882 23118 45192 50148 23343 43432 50411 23580 41646 50609 23880 39779 50773 24227 37864 50939 24679 35808 51090 25248 33651 51357 25956 31453 51737 26742 29247 52154 27616 27059 52703 28692 24369
          49116 20751 55782 49823 20989 54003 50387 21189 52417 50857 21331 50885 51292 21436 49347 51587 21595 47778 51857 21757 46191 52104 21938 44560 52320 22183 42848 52534 22434 41115 52690 22766 39214 52845 23118 37290 53000 23619 35204 53169 24147 33075 53488 24949 30730 53865 25778 28440 54339 26795 25939
          51617 19690 56090 52165 19931 54454 52655 20111 52948 53028 20168 51524 53420 20178 50117 53720 20251 48668 53964 20388 47156 54195 20541 45625 54404 20756 44011 54591 20996 42341 54775 21244 40624 54905 21586 38725 55049 21938 36820 55210 22457 34729 55390 23039 32570 55693 23901 30069 56139 24825 27468
          19423 48787 44850 19665 49043 42676 19801 49355 40556 19741 49786 38353 19649 50202 36159 19658 50514 33996 19614 50856 31909 19559 51180 29935 19515 51494 27980 19498 51825 26055 19450 52096 24134 19354 52233 22124 19045 52475 20113 19195 52524 18521 19833 52285 16974 20756 52030 15788 21348 52047 14721
          20700 47351 45495 21138 47483 43246 21494 47665 41071 21644 48020 38864 21731 48408 36652 21805 48792 34450 21841 49200 32285 21813 49644 30285 21806 50042 28310 21867 50414 26413 21904 50760 24560 21997 50846 22596 22084 50940 20646 22383 50892 19068 22687 50825 17496 23073 50802 16120 23612 50845 15040
          21905 45987 46158 22499 46010 43806 23012 46096 41592 23376 46323 39390 23664 46608 37178 23824 46996 34986 23951 47396 32782 23962 47978 30770 23923 48557 28739 24033 49056 26794 24141 49460 24955 24277 49604 22968 24417 49691 20929 24688 49691 19364 24969 49659 17873 25248 49621 16396 25780 49660 15233
          23170 44619 46948 23890 44535 44450 24505 44551 42222 25064 44635 40013 25521 44850 37796 25814 45186 35605 25999 45579 33442 26104 46103 31408 26146 46682 29427 26249 47200 27448 26374 47695 25530 26511 48044 23581 26677 48226 21541 26900 48310 19795 27175 48300 18306 27427 48284 16781 27877 48359 15530
          24688 43072 47908 25498 42886 45320 26193 42833 43050 26874 42793 40812 27419 42977 38632 27878 43222 36453 28097 43650 34304 28269 44122 32193 28345 44726 30175 28436 45295 28162 28640 45761 26179 28805 46212 24261 28999 46505 22300 29194 46751 20386 29504 46867 18918 29811 46974 17440 30237 47137 15888
          26327 41449 48815 27182 41257 46315 28000 41109 43959 28749 41015 41675 29358 41103 39493 29889 41279 37355 30231 41647 35236 30499 42060 33121 30654 42581 31131 30746 43142 29163 30893 43665 27096 31052 44173 25057 31296 44630 23141 31542 45017 21221 31863 45321 19636 32218 45578 18188 32607 45827 16571
          28154 39742 49800 29178 39475 47367 30149 39251 45051 30920 39159 42806 31613 39128 40577 32099 39323 38427 32510 39583 36288 32781 39994 34166 33010 40458 32097 33150 41017 30136 33275 41548 28150 33421 42030 26028 33617 42545 24044 33933 43069 22225 34222 43517 20421 34585 43933 18935 34974 44336 17343
          30398 37802 50863 31469 37521 48443 32385 37360 46199 33191 37252 43967 33905 37207 41727 34426 37355 39560 34844 37579 37431 35113 37949 35308 35332 38369 33194 35531 38886 31173 35683 39439 29202 35876 39955 27143 36065 40406 25026 36371 41010 23149 36692 41585 21397 37014 42117 19775 37405 42672 18090
          32845 35820 51993 33870 35586 49643 34746 35445 47416 35579 35324 45187 36259 35341 42974 36872 35407 40776 37247 35627 38649 37570 35877 36529 37747 36287 34421 37936 36743 32317 38157 37275 30293 38359 37822 28311 38629 38375 26300 38895 38908 24302 39254 39555 22481 39595 40160 20654 39956 40841 18856
          35257 33874 53144 36248 33720 50885 37181 33583 48697 38010 33496 46439 38723 33473 44205 39273 33565 42029 39697 33725 39889 40009 33939 37775 40233 34235 35700 40396 34602 33650 40642 35131 31597 40918 35719 29559 41192 36315 27536 41473 36906 25500 41799 37545 23616 42162 38218 21790 42521 38932 19871
          37958 31819 54240 38928 31708 51984 39798 31607 49844 40578 31536 47622 41286 31491 45350 41755 31626 43232 42172 31775 41129 42435 32038 39039 42672 32301 36947 42838 32628 34914 43013 32896 32896 43335 33638 30854 43621 34291 28829 43962 34936 26856 44286 35527 24875 44609 36277 22953 44986 37078 20906
          40949 29438 55292 41746 29495 53010 42464 29530 50892 43149 29553 48763 43733 29583 46576 44241 29649 44440 44611 29816 42391 44922 30033 40333 45125 30373 38260 45316 30733 36206 45508 31122 34192 45733 31577 32167 46039 32248 30114 46383 32912 28099 46787 33596 26137 47164 34278 24157 47517 35115 22072
          43489 27301 56276 44336 27495 53844 45021 27583 51755 45640 27611 49711 46139 27686 47650 46582 27774 45590 46929 27948 43581 47235 28144 41586 47467 28439 39561 47670 28773 37519 47861 29232 35500 48052 29691 33495 48324 30288 31457 48635 30952 29411 49030 31647 27395 49493 32364 25377 49946 33204 23249
          45985 25434 56587 46734 25630 54380 47361 25714 52377 47920 25760 50454 48411 25839 48542 48785 25992 46631 49136 26151 44724 49414 26406 42822 49675 26654 40905 49836 27021 38944 50006 27370 36967 50211 27874 34877 50436 28353 32821 50814 29070 30725 51137 29759 28662 51484 30577 26569 51932 31477 24249
          48324 23942 56816 48978 24044 54752 49557 24086 52883 50067 24143 51123 50543 24185 49369 50880 24312 47600 51187 24448 45812 51463 24665 43997 51707 24970 42162 51909 25305 40287 52058 25701 38350 52216 26119 36364 52401 26639 34268 52660 27210 32157 53098 27969 29969 53551 28768 27772 53929 29826 25100
          50620 22460 56844 51230 22607 55088 51784 22759 53402 52219 22833 51762 52619 22879 50129 52951 22959 48488 53204 23101 46816 53456 23244 45130 53676 23499 43369 53889 23760 41585 54071 24080 39703 54247 24433 37777 54415 24910 35748 54587 25469 33645 54871 26155 31427 55281 26943 29148 55788 27876 26703
          53110 20943 56896 53650 21141 55402 54190 21254 53950 54596 21348 52456 54946 21423 50946 55214 21568 49400 55470 21719 47825 55658 21905 46203 55833 22102 44541 56021 22315 42837 56198 22534 41112 56367 22849 39245 56550 23170 37367 56689 23713 35254 56916 24318 33085 57159 25106 30683 57559 25954 28203
          21319 50119 45996 21570 50380 43854 21642 50752 41765 21619 51139 39600 21524 51515 37385 21476 51841 35214 21422 52153 33049 21386 52436 31083 21345 52685 29143 21281 52973 27304 21243 53220 25511 21196 53355 23726 21018 53469 21906 21163 53435 20151 21566 53204 18517 21688 53100 16843 22264 52990 15554
          22685 48734 46620 23166 48819 44372 23395 49092 42245 23518 49415 40084 23552 49771 37845 23581 50120 35639 23606 50458 33452 23582 50854 31427 23544 51237 29470 23557 51583 27624 23581 51911 25869 23598 52165 24111 23652 52162 22196 23717 52149 20343 23971 51996 18825 24229 51851 17298 24595 51776 15914
          23891 47382 47320 24500 47374 44934 24868 47550 42776 25202 47749 40610 25426 48040 38365 25587 48373 36136 25676 48764 33914 25696 49239 31820 25664 49722 29886 25677 50146 28011 25748 50522 26255 25787 50891 24548 25870 50897 22578 25947 50931 20609 26175 50802 19103 26407 50678 17581 26705 50581 16097
          25115 46091 48171 25795 45989 45602 26334 46019 43358 26841 46079 41186 27228 46297 38968 27564 46550 36750 27702 46940 34581 27802 47363 32435 27811 47939 30481 27795 48512 28541 27879 49015 26717 27954 49433 24984 28065 49577 23059 28183 49659 21042 28363 49569 19422 28556 49436 17888 28757 49316 16345
          26337 44823 49347 27201 44567 46461 27897 44435 44075 28519 44410 41890 29052 44522 39689 29505 44743 37462 29749 45099 35313 29916 45476 33205 29984 45995 31224 30006 46548 29293 30094 47050 27399 30182 47543 25571 30284 47903 23714 30432 48077 21752 30623 48169 19986 30909 48187 18500 31252 48218 16798
          28022 43221 50060 28908 42935 47428 29762 42694 44986 30425 42638 42754 31025 42633 40538 31491 42831 38367 31872 43096 36216 32089 43496 34122 32234 43952 32083 32260 44526 30137 32282 45090 28184 32421 45555 26275 32526 46022 24424 32748 46298 22575 32942 46542 20702 33263 46738 19187 33633 46946 17523
          29872 41507 50920 30909 41162 48297 31740 40962 45969 32451 40847 43690 33080 40784 41431 33549 40937 39281 33972 41138 37169 34257 41520 35091 34485 41925 33012 34587 42458 31076 34638 43013 29162 34737 43512 27174 34838 43994 25204 35049 44432 23351 35292 44793 21512 35587 45128 19825 35977 45470 18230
          32077 39607 51916 33210 39222 49360 33994 39063 47103 34740 38929 44851 35372 38910 42623 35921 38968 40427 36282 39195 38300 36571 39494 36181 36756 39929 34085 36904 40411 32045 36985 40973 30117 37091 41487 28192 37272 41901 26151 37460 42355 24214 37762 42856 22460 38052 43295 20685 38427 43768 18989
          34260 37727 53060 35301 37404 50561 36189 37160 48258 36959 37008 45976 37636 37003 43758 38220 37073 41574 38613 37257 39446 38919 37478 37330 39127 37858 35252 39299 38277 33194 39454 38796 31221 39552 39353 29305 39728 39856 27314 39950 40279 25251 40253 40816 23362 40601 41378 21597 40985 41946 19757
          36610 35817 54079 37669 35562 51726 38610 35351 49484 39405 35238 47234 40148 35145 44987 40654 35236 42824 41095 35349 40672 41342 35571 38559 41555 35829 36459 41698 36225 34415 41854 36665 32371 42073 37203 30381 42248 37744 28442 42504 38295 26468 42753 38802 24489 43104 39447 22645 43466 40076 20669
          39335 33853 55130 40286 33721 52768 41114 33568 50622 41876 33448 48447 42563 33367 46190 43088 33385 44013 43458 33501 41889 43731 33694 39786 43934 33950 37698 44112 34255 35658 44269 34602 33649 44485 35122 31635 44728 35714 29628 45001 36280 27644 45316 36814 25660 45631 37447 23744 45999 38213 21678
          42124 31787 56183 42915 31771 53877 43678 31689 51712 44409 31599 49573 45033 31537 47389 45582 31483 45206 45891 31613 43122 46169 31750 41046 46333 32053 38968 46475 32351 36885 46674 32653 34884 46870 32896 32896 47161 33613 30883 47429 34240 28881 47824 34876 26908 48229 35471 24921 48624 36214 22839
          44756 29665 57138 45538 29684 54825 46233 29673 52662 46863 29630 50537 47424 29599 48422 47869 29619 46320 48237 29703 44264 48505 29873 42254 48729 30099 40238 48884 30427 38206 49041 30779 36179 49240 31157 34187 49470 31589 32183 49774 32223 30147 50113 32864 28126 50522 33613 26127 50945 34397 23968
          47227 27694 57728 47965 27741 55461 48615 27760 53369 49188 27745 51328 49723 27724 49326 50090 27796 47355 50420 27870 45385 50680 28053 43431 50919 28246 41474 51111 28541 39485 51282 28876 37492 51464 29318 35494 51653 29754 33497 51937 30341 31458 52268 30988 29416 52624 31732 27341 53072 32610 25083
          49692 25933 57985 50339 25949 55860 50910 25947 53936 51418 25958 52054 51875 25966 50191 52245 26029 48336 52519 26159 46474 52771 26318 44607 52992 26576 42734 53204 26825 40845 53363 27188 38884 53524 27533 36916 53737 27996 34860 53960 28427 32816 54364 29174 30668 54731 29897 28563 55140 30825 26115
          52156 24114 57975 52683 24186 56158 53189 24257 54427 53688 24277 52732 54069 24286 51004 54407 24313 49267 54653 24441 47511 54883 24575 45736 55083 24838 43934 55267 25141 42106 55439 25467 40238 55599 25842 38318 55759 26250 36349 55936 26766 34256 56182 27324 32113 56645 28122 29833 57150 28998 27461#,
          54755 22353 58104 55305 22401 56507 55804 22481 54978 56271 22559 53450 56579 22680 51856 56777 22863 50209 56954 23041 48535 57148 23196 46852 57300 23367 45139 57446 23595 43375 57594 23831 41591 57756 24137 39725 57940 24466 37822 58108 24954 35792 58297 25504 33672 58551 26202 31403 58964 27063 28961
          23180 51255 47003 23490 51518 44913 23437 52050 42827 23420 52544 40791 23195 53011 38530 23171 53266 36350 23004 53573 34205 22995 53750 32159 23020 53901 30267 23024 54052 28412 22940 54258 26730 22846 54449 25052 22635 54550 23292 22758 54460 21538 22593 54480 19800 23206 54116 18251 23315 53985 16591
          24591 49920 47645 25045 50048 45449 25231 50350 43339 25326 50732 41257 25383 51053 39046 25421 51356 36813 25430 51684 34650 25417 52017 32523 25362 52392 30606 25309 52732 28685 25301 53070 27030 25268 53340 25404 25243 53436 23683 25231 53395 21811 25280 53314 20048 25480 53080 18539 25691 52848 16976
          25767 48767 48552 26386 48763 46038 26783 48888 43847 27042 49142 41696 27230 49403 39508 27382 49672 37291 27462 49996 35101 27511 50331 32919 27485 50768 31032 27430 51180 29155 27423 51571 27432 27403 51964 25784 27361 52284 24107 27378 52213 22171 27413 52160 20300 27627 51918 18798 27837 51690 17220
          26979 47519 49481 27679 47423 46749 28223 47381 44450 28625 47522 42276 28989 47705 40095 29264 47968 37879 29424 48300 35684 29490 48683 33471 29498 49183 31485 29504 49629 29654 29517 50044 27886 29538 50444 26210 29520 50857 24577 29571 50849 22635 29613 50863 20678 29810 50692 19142 30037 50531 17507
          28233 46293 50554 29077 46060 47575 29756 45878 45131 30293 45910 42963 30792 45959 40804 31168 46184 38584 31467 46446 36396 31592 46817 34285 31668 47239 32227 31657 47774 30350 31632 48304 28494 31650 48820 26723 31650 49288 25021 31723 49427 23169 31811 49475 21239 32016 49465 19587 32360 49435 17805
          29800 44914 51366 30804 44501 48371 31508 44321 45996 32112 44249 43767 32656 44224 41586 33106 44373 39392 33498 44590 37184 33671 44965 35089 33804 45338 33018 33837 45848 31124 33836 46368 29268 33874 46855 27431 33900 47338 25638 33959 47708 23838 34104 47863 21960 34281 48008 20161 34628 48175 18469
          31776 43090 52211 32907 42663 49179 33562 42550 46952 34198 42452 44728 34751 42429 42520 35237 42484 40334 35584 42702 38184 35844 42999 36059 35989 43410 33980 36066 43883 31978 36063 44447 30091 36053 44997 28202 36150 45428 26341 36214 45860 24526 36427 46108 22710 36617 46333 20879 36959 46644 19174
          33735 41379 53024 34794 41015 50366 35647 40772 48031 36335 40632 45764 36928 40587 43535 37451 40605 41328 37761 40811 39175 38019 41045 37025 38208 41448 34981 38366 41855 32936 38418 42392 31053 38429 42946 29188 38523 43402 27256 38629 43823 25331 38842 44237 23521 39135 44604 21760 39465 44975 19911
          35815 39584 54049 36914 39199 51507 37899 38906 49183 38593 38795 46923 39232 38718 44701 39731 38778 42515 40134 38888 40341 40363 39107 38188 40554 39404 36078 40699 39821 34054 40804 40291 32085 40811 40863 30227 40849 41398 28366 41076 41765 26337 41284 42160 24384 41624 42672 22636 41976 43172 20711
          38279 37658 55004 39316 37363 52507 40135 37144 50264 40862 37001 48055 41563 36900 45859 42080 36917 43676 42485 36999 41492 42723 37205 39366 42906 37445 37253 43045 37823 35225 43158 38224 33214 43289 38723 31270 43374 39251 29382 43538 39743 27441 43762 40184 25444 44053 40704 23521 44431 41298 21521
          41024 35680 56021 41925 35515 53562 42685 35358 51401 43419 35208 49264 44043 35123 47063 44595 35061 44875 44897 35164 42717 45150 35302 40568 45292 35574 38478 45421 35864 36405 45531 36234 34405 45642 36649 32404 45864 37171 30436 46048 37678 28513 46343 38202 26571 46618 38695 24609 46994 39427 22404
          43620 33858 57116 44417 33754 54765 45159 33634 52543 45843 33515 50386 46449 33410 48213 46951 33349 46031 47297 33387 43905 47534 33494 41815 47698 33703 39731 47810 33979 37648 47954 34274 35628 48095 34588 33646 48299 35068 31657 48556 35625 29674 48890 36177 27695 49300 36740 25703 49642 37411 23626
          46080 32015 58147 46866 31908 55776 47578 31817 53577 48236 31682 51402 48858 31531 49234 49278 31522 47116 49649 31528 45020 49856 31662 43000 50051 31790 40978 50149 32092 38917 50229 32383 36843 50429 32668 34866 50620 32896 32896 50901 33570 30917 51165 34164 28948 51541 34873 26944 51969 35646 24682
          48598 29933 58855 49347 29864 56507 49983 29814 54382 50567 29749 52283 51089 29678 50200 51497 29661 48153 51794 29688 46132 52043 29784 44137 52245 29954 42167 52413 30187 40185 52534 30512 38179 52673 30850 36172 52861 31201 34185 53088 31613 32186 53429 32214 30168 53789 32847 28139 54181 33754 25895
          51021 27971 59304 51733 27928 56966 52298 27911 54977 52830 27898 53026 53281 27876 51060 53689 27852 49115 53914 27919 47188 54132 27982 45257 54339 28167 43340 54539 28352 41415 54704 28645 39457 54846 28987 37507 55017 29390 35514 55208 29785 33500 55534 30391 31417 55930 31073 29329 56354 31842 27106
          53535 26036 59367 54162 26033 57273 54682 26031 55493 55192 26017 53732 55557 26028 51915 55845 26060 50070 56078 26147 48232 56271 26276 46398 56452 26438 44554 56618 26694 42686 56781 26943 40803 56932 27287 38879 57077 27618 36952 57247 28051 34877 57428 28433 32802 57939 29273 30583 58459 30034 28385
          56264 24018 59478 56903 23995 57682 57570 23878 56072 57965 23933 54461 58387 23951 52853 58416 24175 51083 58449 24372 49289 58607 24530 47546 58762 24699 45794 58899 24964 44005 59030 25263 42184 59159 25577 40315 59301 25924 38391 59464 26290 36421 59697 26756 34311 59970 27337 32122 60422 28186 29736
          25250 52220 47871 25439 52546 45871 25213 53259 43798 25193 53735 41814 25194 54051 39744 25143 54292 37556 25070 54509 35443 25035 54661 33369 25026 54801 31461 24948 54972 29602 24878 55132 27882 24780 55292 26280 24547 55502 24656 24437 55463 22930 24557 55324 21210 24617 55202 19553 24796 54994 17988
          26563 51016 48491 26921 51182 46431 27190 51410 44412 27300 51770 42339 27373 52131 40234 27418 52425 37996 27420 52748 35808 27385 53091 33674 27291 53409 31725 27167 53673 29903 27061 53920 28169 26979 54159 26599 26888 54375 25029 26818 54394 23300 26761 54338 21487 26795 54225 19782 26949 54019 18209
          27770 49971 49142 28233 50015 47005 28676 50051 44921 28925 50287 42798 29138 50540 40687 29283 50802 38479 29382 51095 36285 29400 51435 34133 29375 51806 32111 29285 52201 30289 29176 52589 28485 29095 53010 26896 28993 53356 25347 28908 53472 23655 28845 53413 21768 28847 53345 19957 29055 52998 18437
          28954 48961 49925 29565 48844 47628 30145 48722 45471 30517 48867 43317 30825 49084 41178 31044 49317 38998 31235 49554 36821 31302 49873 34674 31343 50212 32571 31308 50628 30783 31239 51031 28991 31188 51431 27337 31116 51833 25733 31031 52137 24091 31022 52033 22208 31028 51956 20358 31230 51757 18778
          30414 47527 51138 31145 47350 48364 31716 47255 46168 32194 47271 44011 32590 47392 41867 32918 47590 39691 33176 47841 37493 33293 48178 35356 33348 48544 33212 33318 49031 31330 33293 49463 29557 33269 49870 27843 33235 50269 26194 33172 50669 24581 33207 50639 22719 33242 50628 20855 33485 50568 19012
          32034 46086 52226 32881 45828 49090 33442 45773 46946 33984 45732 44805 34450 45774 42659 34867 45860 40504 35162 46080 38305 35363 46355 36153 35444 46713 34071 35476 47128 32085 35438 47644 30271 35384 48150 28477 35355 48622 26737 35293 49102 25043 35349 49257 23228 35440 49316 21352 35653 49409 19562
          33838 44635 53020 34721 44311 50193 35395 44142 47900 35975 44068 45739 36484 44054 43574 36945 44076 41402 37238 44268 39225 37467 44496 37031 37549 44893 34941 37616 45275 32867 37614 45785 31043 37583 46295 29242 37595 46737 27453 37602 47157 25696 37649 47499 23932 37816 47668 22106 38007 47857 20229
          35724 43033 53836 36646 42662 51288 37512 42381 48961 38106 42309 46762 38644 42260 44578 39088 42302 42391 39435 42412 40210 39623 42633 38028 39773 42940 35916 39884 43335 33879 39920 43804 31926 39868 44371 30083 39824 44904 28235 39906 45276 26408 39966 45646 24623 40256 45930 22894 40558 46217 21028
          37731 41321 54842 38783 40925 52302 39660 40678 50047 40306 40540 47836 40837 40452 45639 41279 40485 43451 41659 40555 41252 41849 40755 39072 42007 40972 36896 42130 41377 34919 42229 41767 32921 42242 42294 31084 42222 42839 29268 42310 43273 27376 42429 43649 25472 42641 44057 23657 42953 44491 21764
          40380 39367 55878 41330 39045 53246 42046 38889 51107 42715 38742 48971 43249 38672 46795 43711 38639 44619 44012 38718 42408 44242 38857 40232 44387 39100 38128 44497 39404 36067 44543 39796 34063 44579 40230 32104 44595 40733 30252 44624 41225 28416 44858 41640 26462 45048 42050 24545 45402 42602 22576
          42941 37498 56843 43729 37279 54448 44432 37091 52211 45098 36929 50078 45648 36850 47925 46107 36808 45759 46406 36868 43582 46633 36977 41398 46758 37219 39297 46856 37482 37208 46925 37837 35213 46970 38210 33234 47092 38677 31311 47176 39159 29432 47352 39636 27508 47608 40089 25530 47909 40619 23460
          45470 35685 57994 46232 35531 55615 46918 35392 53367 47539 35273 51211 48115 35158 49055 48521 35116 46903 48875 35100 44763 49054 35206 42648 49201 35346 40539 49265 35612 38453 49329 35887 36392 49386 36209 34408 49452 36570 32423 49697 37068 30482 49888 37561 28580 50217 38147 26632 50535 38715 24605
          47855 33923 59049 48611 33825 56652 49257 33722 54472 49834 33602 52304 50363 33460 50133 50781 33388 47992 51111 33364 45881 51319 33426 43813 51455 33541 41765 51550 33752 39705 51614 34017 37635 51728 34291 35634 51851 34576 33672 52043 35018 31714 52290 35551 29770 52586 36137 27801 52992 36833 25698
          50136 32105 59844 50831 32023 57563 51454 31906 55399 52057 31780 53250 52561 31665 51113 53021 31573 48996 53290 31559 46955 53525 31562 44922 53653 31715 42926 53772 31863 40926 53858 32146 38902 53935 32410 36869 54123 32679 34884 54318 32896 32896 54619 33572 30926 54893 34174 28951 55243 34941 26826
          52522 30110 60444 53223 30015 58086 53757 29944 56033 54259 29876 54016 54694 29815 51995 55072 29760 49968 55344 29752 47978 55550 29778 46008 55736 29885 44056 55897 30060 42116 56039 30288 40172 56160 30584 38224 56302 30883 36250 56505 31210 34219 56777 31627 32162 57192 32268 30091 57638 32940 27972
          54891 28151 60659 55492 28085 58533 56020 28036 56594 56499 27996 54715 56934 27955 52841 57216 27935 50896 57471 27933 48967 57651 28009 47091 57831 28080 45216 57995 28279 43322 58159 28472 41415 58308 28765 39488 58446 29097 37566 58634 29477 35557 58862 29866 33501 59245 30478 31376 59698 31179 29204
          57494 26127 60771 58098 26073 58880 58683 25994 57090 59077 26006 55368 59455 26025 53658 59644 26124 51866 59805 26219 50057 59985 26318 48271 60156 26438 46493 60284 26606 44680 60432 26836 42833 60545 27078 40948 60683 27390 39000 60826 27699 37042 61089 28164 34928 61414 28654 32803 62078 29344 30473
          27344 53107 48639 27535 53434 46766 27568 53884 44918 27291 54537 42835 27337 54879 40912 27252 55148 38750 27156 55396 36624 27051 55573 34618 26989 55699 32640 26809 55889 30856 26717 56004 29057 26563 56157 27458 26282 56358 25870 26259 56390 24306 26093 56350 22613 26134 56225 20929 26117 56121 19241
          28625 51976 49237 28963 52158 47291 29260 52376 45422 29401 52690 43406 29466 53052 41368 29483 53383 39184 29454 53692 36981 29365 53990 34920 29252 54266 32884 29089 54517 31123 28922 54742 29359 28784 54962 27750 28656 55165 26216 28522 55351 24682 28423 55303 22953 28328 55242 21192 28333 55119 19486
          29905 50928 49897 30358 50978 47826 30744 51082 45876 31004 51282 43859 31148 51560 41791 31249 51853 39657 31322 52164 37466 31321 52512 35319 31283 52879 33170 31157 53251 31354 30998 53542 29631 30857 53819 28007 30736 54082 26491 30608 54325 24975 30496 54321 23267 30400 54252 21456 30390 54110 19704
          31206 49877 50668 31703 49853 48409 32156 49869 46396 32540 49951 44370 32792 50163 42279 32999 50404 40178 33144 50671 38015 33217 50976 35878 33224 51313 33750 33168 51684 31838 33055 52069 30089 32921 52450 28373 32795 52839 26804 32649 53207 25269 32536 53276 23607 32455 53144 21779 32454 52980 19954
          32560 48748 51775 33167 48640 49066 33706 48607 47041 34206 48592 45018 34520 48803 42898 34792 49037 40786 34954 49273 38610 35089 49508 36470 35136 49796 34392 35145 50122 32397 35081 50531 30672 34988 50925 28945 34900 51302 27317 34791 51675 25724 34697 51947 24097 34715 51882 22289 34744 51830 20335
          34334 47343 52904 35034 47170 50040 35560 47106 47870 36036 47099 45806 36425 47185 43702 36744 47334 41574 36952 47551 39405 37103 47794 37219 37149 48110 35130 37169 48421 33042 37090 48913 31232 37015 49376 29501 36961 49764 27832 36896 50126 26203 36805 50492 24595 36883 50528 22781 36961 50574 20914
          36067 46063 53671 36783 45803 51053 37419 45630 48789 37928 45632 46713 38395 45646 44633 38766 45727 42483 39055 45853 40323 39186 46068 38130 39277 46341 36007 39318 46677 33967 39300 47080 32039 39210 47579 30271 39105 48065 28509 39068 48464 26798 39002 48873 25117 39059 49084 23337 39185 49196 21477
          37888 44727 54555 38751 44324 52078 39459 44088 49853 40008 43998 47719 40476 43955 45613 40866 43993 43454 41220 44073 41279 41326 44275 39073 41380 44497 36857 41438 44868 34814 41487 45217 32777 41444 45730 31034 41365 46231 29286 41356 46627 27533 41372 46978 25796 41436 47302 24069 41656 47545 22253
          40186 42889 55731 41053 42513 52995 41730 42385 50888 42324 42277 48788 42747 42242 46656 43117 42235 44511 43395 42307 42301 43597 42439 40117 43704 42661 37969 43753 42956 35882 43748 43314 33850 43725 43747 31926 43679 44282 30138 43629 44799 28348 43701 45148 26522 43765 45480 24746 44017 45828 22941
          42716 41056 56706 43501 40803 54146 44137 40647 51956 44698 40521 49858 45116 40459 47734 45453 40436 45596 45671 40488 43377 45837 40566 41129 45947 40794 39025 46046 41025 36925 46057 41409 34947 46037 41776 32953 46046 42248 31133 46031 42736 29345 46120 43171 27495 46252 43554 25615 46432 43977 23699
          45309 39191 57721 45996 39034 55334 46603 38893 53112 47112 38794 51005 47570 38714 48887 47898 38671 46737 48174 38664 44579 48307 38787 42385 48399 38955 40222 48430 39196 38109 48441 39487 36055 48428 39853 34091 48419 40252 32162 48401 40695 30313 48387 41133 28478 48678 41559 26530 48921 41981 24563
          47636 37446 58926 48363 37277 56470 48936 37146 54261 49439 37050 52099 49885 36976 49968 50225 36927 47840 50493 36901 45707 50639 36972 43565 50730 37082 41417 50783 37311 39328 50815 37559 37240 50836 37879 35260 50836 38218 33299 50935 38662 31394 51008 39123 29523 51193 39624 27602 51509 40146 25606
          49917 35717 59976 50633 35582 57512 51173 35477 55351 51695 35373 53213 52138 35280 51079 52545 35200 48949 52779 35189 46835 52974 35201 44727 53032 35314 42645 53079 35451 40560 53103 35690 38479 53131 35933 36422 53189 36207 34467 53253 36511 32514 53471 37009 30595 53638 37514 28704 53995 38212 26692
          52072 34013 60811 52720 33911 58493 53271 33806 56377 53749 33691 54214 54171 33592 52065 54541 33508 49932 54810 33469 47843 55023 33454 45776 55156 33534 43748 55243 33656 41736 55329 33849 39730 55406 34081 37723 55517 34345 35719 55632 34640 33715 55815 35096 31722 56046 35648 29741 56319 36235 27709
          53954 32294 61680 54627 32206 59315 55163 32098 57238 55674 31956 55069 56156 31824 52940 56507 31744 50872 56821 31679 48824 57020 31681 46819 57205 31702 44821 57320 31844 42858 57430 31984 40894 57543 32216 38951 57649 32427 37001 57868 32689 34950 58081 32896 32896 58438 33660 30884 58769 34321 28838
          56246 30378 61938 56846 30283 59783 57373 30174 57758 57840 30100 55751 58269 30042 53769 58590 29992 51799 58875 29939 49843 59097 29945 47921 59287 29982 46013 59452 30090 44095 59588 30258 42160 59715 30468 40213 59834 30735 38256 59985 31009 36265 60231 31313 34215 60542 31701 32143 61009 32378 29958
          58712 28362 62202 59261 28286 60178 59781 28204 58242 60200 28180 56364 60550 28191 54537 60855 28197 52709 61101 28167 50868 61335 28147 49044 61513 28213 47233 61680 28284 45414 61823 28448 43521 61951 28636 41593 62085 28931 39631 62225 29238 37658 62455 29615 35609 62762 29959 33524 63859 30489 31081
          29491 54004 49446 29698 54274 47590 29844 54607 45798 29807 55038 43895 29746 55432 41953 29611 55818 39947 29448 56132 37846 29256 56388 35836 29046 56588 33889 28845 56748 32056 28658 56880 30329 28478 56999 28611 28302 57106 27077 28127 57198 25539 27972 57223 23963 27849 57155 22332 27724 57087 20664
          30873 52860 49935 31224 52993 48004 31469 53248 46204 31600 53551 44359 31563 53912 42360 31507 54281 40345 31455 54612 38223 31347 54928 36155 31188 55203 34166 31005 55450 32284 30816 55663 30581 30624 55854 28866 30465 56024 27341 30306 56175 25828 30148 56276 24287 30014 56193 22610 29877 56110 20899
          32179 51817 50610 32604 51830 48537 32930 52005 46684 33217 52221 44851 33278 52527 42818 33291 52855 40798 33321 53207 38643 33304 53549 36531 33208 53862 34473 33074 54157 32504 32893 54425 30825 32704 54675 29133 32547 54910 27598 32396 55122 26101 32240 55315 24604 32094 55216 22899 31954 55110 21151
          33598 50803 51382 34094 50767 49188 34471 50885 47280 34815 51017 45393 35009 51262 43388 35139 51545 41382 35204 51840 39263 35229 52153 37117 35176 52487 35035 35093 52838 32944 34934 53200 31212 34758 53497 29533 34594 53774 27944 34447 54038 26434 34298 54285 24926 34190 54269 23252 34095 54160 21480
          35163 49774 52178 35623 49725 49956 36032 49748 47920 36398 49818 45962 36682 49976 43960 36889 50213 41931 37024 50464 39857 37087 50718 37718 37088 50996 35648 37046 51290 33599 36950 51651 31774 36811 52027 30079 36653 52386 28406 36491 52743 26832 36307 53091 25276 36231 53228 23636 36259 53179 21803
          36848 48606 53016 37355 48530 50800 37838 48505 48708 38236 48587 46718 38588 48693 44728 38785 48919 42638 38930 49151 40547 39006 49335 38417 39044 49541 36332 39017 49792 34332 38963 50084 32409 38861 50476 30724 38739 50853 29033 38644 51194 27411 38535 51532 25811 38433 51833 24189 38461 51941 22371
          38653 47398 53955 39264 47240 51746 39797 47153 49664 40225 47168 47642 40602 47214 45642 40868 47335 43558 41073 47488 41454 41132 47676 39306 41147 47870 37144 41111 48161 35117 41047 48443 33083 40898 48899 31299 40756 49330 29588 40686 49677 27941 40654 49987 26327 40602 50308 24726 40661 50512 22914
          40597 46022 54922 41186 45824 52710 41750 45748 50682 42249 45692 48668 42632 45707 46637 42961 45739 44584 43187 45834 42436 43327 45964 40284 43324 46170 38118 43301 46420 36033 43248 46722 34041 43180 47093 32158 43074 47573 30429 42929 48045 28684 42904 48376 26972 42858 48714 25282 42886 48970 23493
          42962 44494 56094 43596 44330 53788 44114 44222 51733 44581 44121 49726 44919 44091 47678 45194 44094 45616 45383 44157 43452 45530 44241 41253 45549 44436 39074 45531 44643 36883 45404 44941 34821 45288 45225 32787 45281 45714 31137 45232 46193 29462 45220 46579 27732 45250 46892 25988 45286 47205 24207
          45508 42679 57256 46100 42579 54959 46595 42483 52857 46983 42410 50826 47319 42358 48777 47547 42354 46666 47733 42380 44530 47816 42504 42319 47859 42663 40138 47847 42871 37996 47810 43146 35937 47736 43482 33960 47661 43861 32058 47591 44321 30288 47509 44785 28525 47570 45131 26689 47616 45460 24869
          48011 40951 58491 48570 40817 56234 49032 40704 54138 49380 40642 52039 49661 40610 49929 49885 40580 47793 50070 40552 45639 50140 40652 43453 50167 40795 41249 50124 40997 39096 50082 41211 36954 50056 41581 35030 50008 41941 33095 49970 42347 31272 49917 42763 29478 49989 43173 27626 50130 43561 25688
          50312 39246 59590 50887 39111 57318 51289 39034 55232 51674 38963 53160 51996 38916 51061 52295 38873 48964 52437 38879 46812 52548 38906 44661 52549 39014 42506 52541 39156 40364 52514 39377 38257 52478 39639 36199 52418 39985 34233 52355 40360 32289 52308 40778 30433 52252 41183 28597 52609 41664 26626
          52383 37549 60599 52923 37397 58343 53365 37285 56245 53746 37214 54166 54081 37153 52072 54376 37104 49962 54559 37106 47836 54678 37140 45700 54732 37218 43602 54753 37313 41516 54764 37501 39446 54763 37713 37376 54765 38011 35386 54751 38338 33415 54837 38768 31496 54920 39220 29609 55101 39731 27649
          54334 35887 61540 54854 35769 59288 55291 35666 57207 55685 35573 55104 56062 35481 53008 56346 35427 50911 56598 35386 48820 56730 35409 46731 56847 35448 44660 56912 35549 42648 56974 35665 40638 57024 35865 38631 57064 36075 36613 57069 36393 34567 57061 36738 32526 57275 37245 30572 57474 37742 28598
          56055 34273 62394 56598 34186 60229 57033 34064 58163 57446 33939 56050 57831 33833 53906 58136 33768 51820 58405 33720 49768 58604 33713 47733 58777 33720 45707 58899 33795 43715 58996 33897 41732 59096 34062 39758 59197 34264 37785 59336 34509 35781 59494 34799 33753 59757 35277 31722 60137 35872 29646
          57844 32692 63276 58189 32659 61163 58687 32498 59054 59128 32369 56960 59567 32245 54796 59948 32147 52702 60236 32086 50715 60506 32037 48745 60714 32036 46793 60911 32045 44845 61015 32153 42876 61117 32255 40903 61217 32445 38914 61311 32616 36921 61565 32794 34909 61808 32896 32896 62932 33781 30625
          60254 30635 63605 60632 30637 61518 61053 30539 59500 61447 30446 57494 61796 30399 55525 62122 30361 53575 62399 30311 51697 62670 30269 49849 62894 30276 47991 63086 30308 46118 63251 30408 44214 63394 30578 42273 63538 30764 40315 63681 30971 38336 63849 31166 36324 64107 31326 34248 65057 31668 31825
          31657 55190 50562 31949 55114 48374 32090 55388 46594 32183 55730 44851 32063 56183 42932 31859 56649 41045 31686 57010 39016 31457 57341 36997 31202 57660 35117 30917 57896 33205 30698 58029 31499 30485 58098 29818 30284 58162 28210 30116 58240 26724 29954 58326 25234 29765 58292 23670 29586 58172 22031
          33199 53938 50828 33590 53917 48778 33773 54199 47023 33903 54485 45291 33859 54844 43389 33757 55246 41486 33654 55603 39465 33518 55928 37402 33310 56202 35439 33070 56450 33516 32831 56650 31762 32596 56830 30080 32374 56994 28436 32196 57119 26953 32037 57243 25476 31846 57262 23935 31719 57189 22341
          34657 52885 51341 35150 52865 49350 35402 53089 47539 35598 53349 45764 35669 53654 43904 35635 54000 41988 35576 54350 40002 35486 54671 37901 35342 54972 35876 35140 55244 33903 34919 55495 32085 34690 55721 30424 34460 55932 28759 34290 56128 27261 34131 56312 25772 33981 56436 24269 33936 56406 22706
          36182 51882 52051 36645 51860 50045 37014 52000 48156 37251 52224 46323 37459 52490 44490 37488 52770 42537 37496 53073 40584 37425 53389 38470 37313 53691 36390 37152 53976 34390 36971 54261 32468 36751 54525 30813 36526 54776 29156 36350 55038 27616 36199 55294 26115 36036 55532 24617 36073 55547 23048
          37824 50956 52787 38298 50996 50773 38723 51071 48831 39006 51237 46971 39294 51411 45152 39366 51604 43184 39397 51790 41228 39373 52039 39180 39354 52335 37145 39196 52605 35160 39051 52906 33186 38854 53224 31438 38636 53496 29733 38468 53788 28118 38334 54090 26586 38184 54381 25057 38288 54588 23469
          39546 50056 53563 40039 50039 51514 40499 50066 49575 40834 50163 47681 41145 50278 45829 41306 50407 43895 41353 50546 41900 41346 50711 39874 41323 50928 37832 41198 51143 35837 41050 51382 33893 40905 51679 32083 40731 52008 30393 40573 52340 28720 40473 52674 27139 40355 53018 25570 40326 53382 23980
          41385 48948 54367 41960 48866 52362 42447 48846 50478 42866 48862 48600 43145 48950 46683 43375 49052 44757 43431 49212 42728 43441 49356 40701 43359 49535 38624 43273 49734 36581 43122 49969 34629 42993 50236 32717 42818 50590 31004 42644 50940 29307 42555 51272 27679 42494 51595 26093 42526 52008 24576
          43616 47618 55438 44185 47487 53410 44665 47469 51518 45069 47436 49644 45336 47481 47704 45522 47535 45737 45619 47641 43700 45642 47759 41622 45570 47940 39537 45455 48144 37449 45309 48403 35489 45156 48684 33567 44986 49065 31749 44798 49451 29978 44659 49803 28261 44619 50082 26611 44622 50417 24997
          46034 46159 56539 46529 46093 54530 47040 46097 52603 47320 46051 50679 47574 46040 48745 47712 46088 46729 47823 46151 44700 47817 46263 42548 47790 46401 40412 47659 46562 38266 47523 46771 36207 47366 47039 34283 47218 47347 32417 47069 47741 30695 46906 48138 28959 46843 48469 27215 46800 48811 25475
          48566 44572 57793 48999 44493 55742 49414 44457 53783 49667 44439 51811 49876 44435 49840 50003 44472 47807 50076 44525 45738 50057 44620 43579 50005 44743 41377 49893 44902 39214 49772 45066 37051 49644 45340 35098 49500 45614 33158 49382 45976 31414 49249 46343 29695 49159 46692 27945 49137 47038 26130
          51090 42932 59128 51475 42817 57006 51842 42836 55056 52055 42779 53076 52247 42771 51055 52395 42742 49021 52424 42779 46886 52409 42799 44731 52321 42896 42534 52237 43036 40366 52119 43229 38246 51992 43469 36183 51850 43786 34214 51721 44118 32293 51617 44503 30499 51496 44888 28718 51539 45218 26785
          53353 41149 60281 53661 41055 58201 53923 41025 56189 54141 41008 54195 54331 40989 52163 54466 40956 50081 54551 40963 47965 54582 40991 45813 54551 41070 43662 54483 41177 41505 54419 41352 39390 54353 41550 37292 54268 41877 35307 54135 42202 33329 54072 42582 31470 54004 42965 29659 53997 43308 27740
          55292 39434 61221 55554 39363 59148 55812 39317 57125 56086 39268 55111 56349 39220 53100 56494 39201 51015 56628 39191 48930 56676 39243 46816 56715 39305 44709 56672 39397 42626 56629 39514 40543 56595 39699 38477 56559 39920 36429 56514 40263 34448 56470 40614 32481 56478 41012 30589 56510 41483 28692
          57115 37742 62160 57440 37677 60062 57689 37636 58037 57941 37583 56007 58186 37521 53981 58370 37487 51925 58529 37467 49856 58638 37503 47784 58723 37567 45708 58767 37635 43662 58806 37718 41633 58836 37875 39608 58871 38068 37586 58923 38365 35577 58948 38695 33575 59103 39141 31622 59311 39677 29501
          58643 36205 63166 58973 36135 61027 59252 36072 58983 59518 36009 56937 59785 35935 54870 60036 35869 52810 60240 35838 50772 60425 35820 48742 60547 35856 46719 60659 35898 44700 60749 35974 42694 60842 36065 40687 60932 36264 38686 61027 36474 36678 61144 36785 34654 61293 37112 32626 62042 37677 30460
          60283 34640 64050 60583 34593 61957 60870 34534 59911 61129 34470 57875 61415 34383 55787 61732 34290 53678 61993 34240 51672 62248 34223 49707 62461 34235 47743 62648 34246 45777 62804 34318 43809 62944 34414 41836 63099 34566 39864 63252 34749 37891 63523 34998 35914 63987 35356 33923 65164 35665 31484
          62110 32941 64922 62347 32971 62860 62606 32957 60839 62861 32889 58790 63116 32807 56729 63441 32674 54610 63780 32563 52592 64036 32531 50680 64289 32507 48773 64505 32503 46851 64714 32516 44925 64884 32615 42973 65052 32720 41015 65215 32839 39053 65439 32915 37075 65535 33009 35031 65535 32896 32896
        </TableData>
      </CLUT>
      <MCurves>
        <ParametricCurve FunctionType="0">
          1.000000000000
        </ParametricCurve>
        <ParametricCurve FunctionType="0">
          1.000000000000
        </ParametricCurve>
        <ParametricCurve FunctionType="0">
          1.000000000000
        </ParametricCurve>
      </MCurves>
      <Matrix
        e1="1.000000000000" e2="0.000000000000" e3="0.000000000000"
        e4="0.000000000000" e5="1.000000000000" e6="0.000000000000"
        e7="0.000000000000" e8="0.000000000000" e9="1.000000000000"
        e10="0.000000000000" e11="0.000000000000" e12="0.000000000000"/>
      <BCurves>
        <ParametricCurve FunctionType="0">
          1.000000000000
        </ParametricCurve>
        <ParametricCurve FunctionType="0">
          1.000000000000
        </ParametricCurve>
        <ParametricCurve FunctionType="0">
          1.000000000000
        </ParametricCurve>
      </BCurves>
    </lutAtoBType> </AToB0Tag>

    <AToB1Tag> <lutAtoBType>
      <Channels InputChannels="3" OutputChannels="3"/>
      <ACurves>
        <ParametricCurve FunctionType="4">
          2.399993896484 0.942916870117 0.051864624023 0.076416015625 0.039291381836 0.012496948242 0.012496948242
        </ParametricCurve>
        <ParametricCurve FunctionType="4">
          2.399993896484 0.942916870117 0.051864624023 0.076416015625 0.039291381836 0.012496948242 0.012496948242
        </ParametricCurve>
        <ParametricCurve FunctionType="4">
          2.399993896484 0.942916870117 0.051864624023 0.076416015625 0.039291381836 0.012496948242 0.012496948242
        </ParametricCurve>
      </ACurves>
      <CLUT>
        <GridPoints>2 2 2</GridPoints>
        <TableData>
              0     0     0  9375  3972 46786
          25238 46982  6361 34613 50954 53148
          28576 14581   912 37950 18553 47699
          53814 61563  7274 63189 65535 54060
        </TableData>
      </CLUT>
      <MCurves>
        <ParametricCurve FunctionType="4">
          0.333328247070 1.618850708008 0.000000000000 9.368347167969 0.008544921875 -0.160003662109 0.000000000000
        </ParametricCurve>
        <ParametricCurve FunctionType="4">
          0.333328247070 1.560897827148 0.000000000000 9.032958984375 0.008850097656 -0.160003662109 0.000000000000
        </ParametricCurve>
        <ParametricCurve FunctionType="4">
          0.333328247070 1.892227172852 0.000000000000 10.950393676758 0.007308959961 -0.160003662109 0.000000000000
        </ParametricCurve>
      </MCurves>
      <Matrix
        e1="0.000000000000" e2="1.000000000000" e3="0.000000000000"
        e4="1.690338134766" e5="-1.690338134766" e6="0.000000000000"
        e7="0.000000000000" e8="0.676132202148" e9="-0.676132202148"
        e10="0.000000000000" e11="0.501968383789" e12="0.501968383789"/>
      <BCurves>
        <Curve IdentitySize="2"/>
        <Curve IdentitySize="2"/>
        <Curve IdentitySize="2"/>
      </BCurves>
    </lutAtoBType> </AToB1Tag>

    <BToA0Tag> <lutBtoAType>
      <Channels InputChannels="1" OutputChannels="3"/>
      <BCurves>
        <ParametricCurve FunctionType="0">
          1.000000000000
        </ParametricCurve>
        <ParametricCurve FunctionType="0">
          1.000000000000
        </ParametricCurve>
        <ParametricCurve FunctionType="0">
          1.000000000000
        </ParametricCurve>
      </BCurves>
      <Matrix
        e1="1.000000000000" e2="0.000000000000" e3="0.000000000000"
        e4="0.000000000000" e5="1.000000000000" e6="0.000000000000"
        e7="0.000000000000" e8="0.000000000000" e9="1.000000000000"
        e10="0.000000000000" e11="0.000000000000" e12="0.000000000000"/>
      <MCurves>
        <ParametricCurve FunctionType="0">
          1.000000000000
        </ParametricCurve>
        <ParametricCurve FunctionType="0">
          1.000000000000
        </ParametricCurve>
        <ParametricCurve FunctionType="0">
          1.000000000000
        </ParametricCurve>
      </MCurves>
      <CLUT>
        <GridPoints>17 17 17</GridPoints>
        <TableData>
           6975 41668 43636  8089 41050 41937  8299 40718 41242  8826 40352 39848  9573 39643 38082  9272 40012 36686  9972 39601 35466  9917 39295 34836 10355 36465 29818 10472 36010 26275 10421 35933 25745 10368 35857 25209  8430 34739 19141  8461 35017 10117  8597 35104  9389  8735 35182  8755  8289 34691  7379
           6090 41286 47034  6777 40846 43259  8211 40209 41050  8466 39761 40171  9206 39326 38251  9618 38684 36770  9257 39110 35210 10725 34404 29978 10649 35513 29356 10191 35804 25654 10451 35544 25304 10289 35212 23800  8645 32613 10474  8880 32982  9757  8719 34551  8780  8927 34709  8164  9117 34844  7641
           5808 40717 46970  5629 40133 45842  6705 39660 42427  8375 39013 39780  8698 38375 38605  9493 37884 36315  9038 33733 30836 10183 34885 30731 10518 33891 27552 10723 34017 25392 10525 34389 24081  9134 32214 18700  9119 30822 10168  9162 32286  9284  9368 32991  8573  9316 34237  7624  9505 34421  7114
           4066 40392 51256  4642 39109 46432  5633 38548 44090  6753 37028 40099  7551 36810 38030  8006 33100 32235  9204 32260 30073 10073 31763 27932 10539 31090 25355 10594 29563 20847 10495 30329 19761  9525 28065 10854  9964 29788  9932  9718 30528  8930  9793 31994  8143  9993 33001  7361  9978 33927  6511
           3123 38091 51316  4174 35631 45753  4481 34907 42342  5401 33981 38970  7055 31493 34104  7480 29584 30052  8850 29457 28172 10137 28373 25464 10571 26879 21187 10533 27921 20173  9968 26331 14003  9564 26127  9643 10062 27289  8894 10442 29254  8565 10421 30256  7757 10497 31712  7063 22473 35726  5445
           2360 35194 51805  2581 35005 49269  4007 31883 41390  5252 29943 36429  6544 28485 33155  6831 26603 28957  8420 25605 25565 10003 25049 22910 10255 24300 19381 10406 22680 14585 10318 22528 10411 10341 23817  9160 10125 25319  7421 10575 26728  7156 17812 29189  6585 22731 32714  6222 26945 36443  6586
           1796 32174 52129  1621 32248 49826  3524 28411 40448  4642 27054 36214  5793 24792 31453  5755 22956 27280  7983 21687 23347  9493 20908 20250 10436 19943 16000 11016 18894 11488 10885 20166 10189 11349 21248  7521 14847 23270  5986 18908 26458  6049 22846 29236  6312 25641 31769  6403 28689 34783  6415
            556 27734 52792   362 27272 50276  2539 23866 40594  2723 22399 34840  3886 20857 29759  4916 18478 24716  7692 17377 21411  9339 16505 17518 10632 15660 13574 11486 16110 11089 13384 17715  9044 16074 19906  7417 19389 22648  6410 22143 25055  5831 25460 28227  6396 29025 31048  6614 32480 34021  6665
           3165 23366 52883   980 22984 50537  1161 19770 41191  1731 18584 35200  3203 16568 28531  5694 14635 24062  7150 12518 19052  9107 11804 15068 10486 10486 10486 14180 13617 10516 17026 16055  9173 20010 18761  8021 22678 21544  7183 25203 24019  6278 28328 27000  6610 31436 30119  6995 34718 32769  7223
          11111 12305 53507  6689 13129 51312  1086 15733 42596  2125 14074 35254  5844 12505 29505  8441 11307 24140 10438 10147 19620 12579  9696 15771 14423  9372 11889 17554 11353 10678 20330 13777  9436 23199 16182  8558 25825 19252  7725 28046 22115  6699 31075 25190  6991 35492 29310  7713 37373 30896  7835
          11134 12288 53513 11075 12273 53472  5907 10735 45621  6261 10116 36851  9198  9723 30510 11548  8966 25047 14015  7673 20316 15924  7494 16313 17913  7168 12626 20917  9822 10415 23457 10778  9624 25762 13534  8596 28584 16420  7856 30442 19050  6935 34294 22522  7287 37630 25876  8151 38622 28768  8029
          11157 12273 53519 11120 12243 53484  8082  9453 48700  8928  7858 39728 13446  7845 32332 16907  8050 27894 19540  7989 23817 21147  7371 20001 22421  6797 15515 24133  7449 11769 25941  8974  9467 28637  9645  8610 30604 12149  7670 34353 17158  7044 36888 18603  7453 38633 21752  7843 41035 24969  8171
          11179 12258 53526 11165 12212 53498 10005  8360 50850 17132  7139 42261 20609  7896 35837 23416  8247 31636 24667  8134 26884 26137  7202 23147 26821  6302 18669 28399  6881 14596 29613  7930 10436 31700  8318  8958 33789  8695  8193 35658 10934  6289 38227 16308  6759 39748 19538  7671 42473 21802  7776
          11202 12242 53532 11210 12181 53510 19793  5213 50862 24437  6994 43733 28289  7746 39506 29287  8148 34556 29964  7793 30887 31018  6867 26528 31796  6376 22110 32866  6462 17923 33902  6884 14239 34798  7808  9693 37236  8320  8955 38852  8464  8148 41220  8900  7793 43161 16616  6943 44111 19150  7284
          11383 12003 53368 11418 11929 53353 30666  5716 51801 33749  5991 49228 34284  7025 42756 34979  7381 39183 35811  7196 34848 36976  6812 30447 37527  7125 25560 38242  7036 21605 38805  7029 17616 39928  7337 13819 39620  8000  9514 41594  7873  8600 44600  8156  8027 49588  9457  8672 50103 10090  8989
          11714 14060 51743 33088  7359 53770 36899  7066 52474 39631  6791 50480 39468  7308 46091 40921  7556 43887 41452  7432 39512 40902  7171 33437 40576  7289 27540 41176  7508 23442 41718  7215 19179 41725  7054 15254 42733  6957  9680 48323  6951  8641 49957  8734  9209 50390  9525  9398 50660 10026  9518
          34836  8118 54503 38751  8103 53718 40837  7508 52655 41677  7002 51433 45743  7358 50810 48414  7459 49728 45648  7698 42456 46413  7437 38409 48828  7170 33266 45028  7451 25683 44819  7229 21341 44587  6846 16793 46066  5361 12066 50316  8040  9775 50673  8974  9827 50893  9571  9862 51042  9983  9888
           7097 42067 44168  8015 41454 42391  8232 41125 41682  8769 40748 40254  9542 39991 38423  9252 40320 36987  9943 39885 35739  9885 39575 35076 10286 36697 30031 10461 36165 26462 10405 36080 25869 10343 35994 25266  8426 35038 19265  8442 35285 10242  8586 35359  9455  8077 35066  7991  7711 36821  6852
           6281 41754 47559  6776 41303 43891  8133 40632 41533  8402 40183 40624  9168 39713 38637  9588 39020 37099  9242 39387 35483 10005 38652 34349 10544 35875 29518 10181 35941 25760 10436 35654 25382 10223 35239 23463  8426 34319 18420  8620 34201  9645  8717 34802  8810  8892 34921  8093  9099 35051  7536
           6030 41244 47565  5855 40731 46519  6588 40115 43092  8297 39437 40277  8643 38776 39039  9467 38219 36654  8987 34064 31217 10166 35053 30953 10421 34783 28574 10341 34576 25452 10493 34804 24448  8822 32726 18573  8939 31714 10193  9122 32463  9280  9202 34111  8194  9316 34425  7498  9523 34608  6955
           4150 41056 51885  4665 39744 47112  5595 39107 44789  6656 37532 40675  7546 37381 38563  8040 34367 33663  9693 32492 30839 10069 32111 28179 10533 31636 25844 10689 30701 22188 10377 30700 19634  9327 28871 11571  9955 30181  9984  9641 31362  8740  9830 32134  8008  9854 33832  6803 10047 34087  6285
           3254 38881 51991  4028 38460 50246  4416 35487 43237  5340 34696 39645  6915 32254 34824  7736 30782 31106  8747 29791 28544 10140 28757 25724 10451 27789 22199 10510 28118 20199  9908 26607 13946  9445 26525  9590 10145 27902  8882 10520 29683  8422 10480 31035  7375 10695 31932  6796 22581 36490  5437
           2752 36157 52575  2798 36004 50377  2832 34412 45028  4694 31854 39076  6521 29390 34133  6765 27620 30035  8238 26435 26477  9957 25481 23207 10191 24890 19913 10377 23606 15350 10212 22994 10424 10293 24092  8788 10407 25766  7225 12868 27901  6730 18363 29969  6453 23117 32961  6202 28111 37686  6787
           2444 33239 52902  1820 33166 50720  3351 30522 43960  3960 28689 38153  5799 25953 32849  6021 23874 28245  7781 22495 24216  9503 21582 20725 10101 20628 16589 10666 19662 12098 10873 20525  9634 12832 21849  7106 16205 24312  5753 19345 27052  6053 23307 30000  6365 26451 32916  6348 29678 35808  6552
           1309 28664 53703   310 28398 51288  1868 27601 45788  2950 24239 37227  3752 22279 31293  4726 19124 25889  7262 18236 21956  9065 17114 18128 10632 16595 14346 11695 16270 10263 14040 18295  8658 16825 20613  7265 19884 23241  6128 23146 26239  6242 26422 29155  6451 29826 31956  6631 32629 34329  6635
           3733 24612 53777   876 24218 51759  1111 20797 42665  1636 19617 36546  2425 17724 29683  7272 16344 25774  9740 15270 21757 11803 14578 17852 13431 13674 13705 14967 14146 10118 17692 16694  8917 20533 19443  7835 23263 22228  6901 26019 24864  6287 29335 28088  6715 32710 31414  7074 35283 33239  7086
          11124 12315 53518  3519 19027 51984  1157 17258 45013   522 14188 36300  5532 14073 30136  9841 13235 26086 12933 12564 21912 15102 12159 18124 16823 11902 14294 18312 11925 10294 21160 14625  9166 23792 17223  8263 26280 20031  7434 28594 23058  6728 31999 26000  7063 35747 29565  7727 38049 31660  7843
          11147 12299 53524 11100 12294 53495  4283 12307 47658  4642 10744 37896  9596 10611 31516 13572 10407 26898 16609 10162 22885 18512  9774 19069 20219  9505 14897 21425  9280 10506 23965 11309  9407 26441 14053  8352 28860 16985  7707 31233 20044  6901 35075 23484  7475 38262 26751  8118 39839 29744  7978
          11168 12283 53531 11145 12263 53507  8080  9569 49662  9603  7400 39499 14222  7590 33081 18131  7883 27493 20316  7835 24102 22248  7401 20277 23254  6764 15849 24888  7287 12181 26646  8761  9341 28982 10021  8424 31293 12764  7319 34941 17532  7135 38047 20656  7797 38886 22496  7850 41326 25816  8132
          11191 12267 53537 11189 12231 53520 11368  7512 51005 17730  7036 43214 21476  7810 37014 24633  8692 31248 26152  8156 27614 27034  6979 23672 27715  6228 19061 29202  6820 15167 30343  7415 11102 31949  8259  8989 34361  8771  8033 36688 11898  6376 38607 17093  6816 40928 20670  7666 43654 21879  7563
          11214 12252 53543 11395 11978 53364 21434  4945 52391 27027  5619 47076 29150  7707 39921 30531  8388 34840 31735  8089 30864 31724  6564 26776 32876  6430 22440 33465  6625 18430 34859  6823 14549 35781  7592 10128 38144  8250  8887 39call{8472  7983 42392  9717  7778 43764 17084  6950 44383 19999  7248
          10999 13106 53279 28139  7365 54849 32125  6554 52754 35127  6118 50074 34849  7065 43596 35925  7481 39640 37762  7479 36464 37601  6894 30590 38475  7308 26091 38586  7057 21719 39628  7061 17810 40805  7152 13855 40930  7738  9491 43248  7713  8436 49101  8721  8407 49911  9756  8894 50351 10322  9160
       ,   31547  8149 55421 34211  7878 54289 38253  7635 53096 40765  6875 51261 43635  7168 49799 41647  7643 44094 42570  7504 39820 43230  7158 34969 42427  7327 28548 42370  7508 24119 42140  7346 19569 43804  6784 16220 44545  6268 10163 49613  7721  9183 50280  9031  9432 50639  9755  9569 50862 10213  9658
          36100  8512 54789 39229  8453 54161 41936  7888 53216 42917  6867 52394 46261  7383 51322 49546  7546 50159 50029  7805 45819 49949  7612 40444 49634  7215 33682 49155  7211 28736 45253  7255 21520 45044  6852 16979 48415  4505 10038 50643  8335 10000 50923  9204  9999 51096  9758 10002 51213 10141 10006
           7223 42468 44701  7955 41904 42893  8156 41581 42174  8702 41198 40713  9505 40390 38810  9229 40677 37335  9907 40218 36060  9846 39908 35361 10328 37302 30482 10982 35581 26464 10383 36266 26027  8911 36143 24545  9006 39523 23637  8419 35593 10386  7838 35496  8825  7502 37067  7628  7616 37183  6730
           6474 42223 48080  6941 41817 44545  8042 41115 42083  8325 40666 41147  9114 40164 39092  9552 39417 37485  9221 39719 35810  9974 38947 34612 10434 36235 29738 10493 35914 26280 10417 35800 25488 10149 35323 23161  8363 34866 18143  8521 34977  9776  8713 35097  8845  8375 34463  7284  8056 36317  5943
           6251 41774 48158  6105 41341 47207  6479 40659 43857  8202 39934 40858  8576 39257 39555  9432 38626 37065 10104 36515 34021 10145 35285 31256 10391 35150 28968 10313 35004 25865 10463 35154 24735  8477 33252 18456  8748 32467 10261  9042 33140  9219  9056 34431  8063  9318 34651  7345  9544 34832  6766
           4205 41623 52583  4688 40436 47865  5625 39778 45608  5993 38892 42646  7458 38141 39383  9014 36725 36526  8942 34119 31630 10092 33202 29598 10504 32311 26593 10665 31392 22887 10282 31085 19569  9263 29348 11680  9421 30090  9727  9576 32013  8550  9869 33011  7578  9923 34017  6557 10173 34334  6131
           3630 39440 52706  4095 39394 51058  4641 37987 46407  5138 35296 40499  7177 33976 37390  7724 32103 32605  8669 30645 29698  9995 29961 27135 10419 29111 23830 10689 28380 20445  9816 27243 14500  9521 27015  9727 10244 28502  8827 10442 29656  7916 10594 31598  6958 11752 33178  6806 23289 36924  5456
           3779 36886 52980  2974 36941 51234  2784 35180 45925  5099 32515 39953  6547 30369 35065  6736 28751 31320  7951 27282 27360  9862 26000 23817 10134 25442 20388 10172 24239 15743 10288 23735 11004 10185 24402  8124 11303 26236  6753 14024 28590  6426 19900 31275  6298 24011 32969  5886 28331 37940  6824
           3194 34305 53667  2237 33847 51657  2395 32621 46985  3746 29877 39590  5243 27245 33785  6104 24859 29257  7765 23442 25256  9514 22606 21484 10277 21408 17424 10639 20618 12860 11149 20443  8171 13585 22396  6668 16877 25017  5772 19725 27613  6059 24093 30803  6396 26985 33366  6367 31060 37301  6761
           2180 29466 54594   400 29647 52516  1845 28653 46941  2666 26062 39795  3661 23562 32843  7139 21545 28263  9807 20598 24509 11514 19727 20678 12897 18955 16643 13785 18569 12338 14703 18793  8103 17605 21364  6928 20566 23946  5800 23973 27125  6281 27200 30027  6500 30223 32535  6635 33550 35627  6844
           4338 25878 54699  2096 25992 52887   461 24582 47747  1792 21560 39109  5910 20016 32522  9410 18921 28122 12307 17785 24085 14264 16907 20199 16007 16264 16293 17211 16719 12322 18328 17272  8406 21096 20124  7561 23834 22937  6592 26818 25924  6479 30160 28957  6770 33282 31807  7120 35958 34201  7192
          11136 12325 53530  4449 20971 53341   864 19491 48569  3650 16893 38898  8965 16684 32920 12840 15897 28215 15496 15025 24115 17645 14513 20358 19230 14262 16422 20590 14441 12516 21727 15042  8811 24312 17958  8039 26776 20885  7160 29453 23881  6825 32984 27112  7305 36403 30301  7776 38586 32385  7835
          12721 11921 53361 11125 12313 53518  2368 13699 48833  7504 13547 41215 12796 13256 33531 16801 12976 28807 19634 12598 24982 21081 12210 21459 22358 11874 17208 23634 11700 12919 24737 12048  8965 27030 14678  8158 29597 17867  7310 32279 21136  7034 36104 25163  8017 38605 28101  8270 40596 29930  7966
          11182 12292 53541 11170 12283 53531  8601  9581 50210 13116  9748 43203 17509 10270 36023 20723 10503 30767 22870 10296 26571 24365  9729 22567 25561  9147 18322 26462  8546 13585 27302  8259  9209 29517 10619  8088 31980 13594  7032 35233 17859  7184 38338 21480  7831 40403 24364  8278 43170 27765  7589
          11204 12278 53549 11214 12252 53543 14633  5684 52092 18784  6680 45034 23058  7637 37371 25311  8379 32461 26987  8103 28156 27654  7300 23853 28852  6719 19704 29997  6764 15524 31414  7508 11944 32727  8276  8999 34834  9274  7750 37470 13136  6517 39408 17629  6863 42587 21457  7722 44034 22935  7582
          11139 12708 53223 11419 11997 53387 25496  6407 53879 28937  5220 48698 30331  6890 41471 32098  7378 36732 32608  7099 31860 32880  6414 27285 33773  6469 23007 34496  6715 18884 35738  6760 14905 36652  7394 10521 38896  8205  8822 41073  8615  7899 43732 10889  7694 44380 18244  7345 44728 20889  7272
          11408 12022 53393 30130  8072 55539 33308  7357 53708 36631  6235 51182 37460  6972 46610 39186  7823 42437 39148  7688 37432 39148  7160 31769 38991  7405 26380 39449  7203 22124 40206  7080 17812 41189  7055 13946 41928  7516  9529 44680  7481  8234 49560  9145  8723 50234 10054  9117 50599 10552  9331
          32959  8624 55783 35615  8404 54745 38977  8162 53768 41617  7095 52193 44760  7303 50500 44903  7650 46943 44847  7641 41695 44884  7267 36169 44644  7327 30120 44615  7400 24912 44496  7103 20489 44344  6785 16403 47256  4968 10094 50075  8141  9503 50604  9329  9656 50887  9985  9742 51064 10400  9797
          37137  9015 55343 39706  8806 54600 42594  8293 53794 46342  7374 53051 47099  7475 52025 50719  7641 50657 50440  7845 46043 50387  7637 40664 50063  7238 33834 49721  7210 28953 49637  6728 23907 49745  6393 19753 49963  5338 12368 50968  8632 10223 51172  9432 10170 51298  9945 10142 51383 10299 10124
           7352 42872 45236  8051 42387 43397  8069 42096 42731  8624 41710 41236  9463 40849 39257  9200 41092 37740  9862 40615 36441  9846 40396 35771 10366 37913 30936 10440 38116 28814 10356 36515 26238  9896 39702 25605  9122 40043 23931  7582 35998  9991  7266 37382  8658  7378 37498  7544  7499 38881  6711
           6668 42691 48601  7113 42333 45199  7939 41668 42712  8234 41229 41750  9036 40702 39640  9510 39892 37949  9196 40128 36209  9936 39318 34943 10343 36534 30044 10480 36141 26580 10391 36006 25633  8482 36023 22482  8295 35703 17664  8499 35346  9915  8103 34902  8149  7770 36742  6671  8115 37023  5962
           6474 42303 48751  6357 41955 47893  6720 41372 44722  8090 40527 41547  8491 39839 40178  9386 39131 37574  9478 38428 35941 10111 35619 31691 10841 34726 29257 10295 35294 26051 10440 35249 24731  8421 33697 18601  8620 32778 10440  8793 34317  8999  9020 34718  7943  9316 34929  7156  8617 35528  4671
           4499 42227 53290  4792 41199 48684  5766 40564 46538  5853 39601 43577  7392 38753 40067  8970 37302 37143  9031 34853 32383  9770 32863 29408 10478 33070 27422 10782 32532 24271 10189 31511 19579  8512 30179 13349  9276 30957  9708  9590 32235  8409  9733 33904  6994 10010 34249  6251 17481 37097  4496
           4950 39970 53195  4161 40400 51965  4695 38858 47407  4669 38002 44303  7095 35222 38803  7597 33380 34125  8546 31535 30012  9921 30592 27863 10412 29749 24464 10670 28810 20615  9738 27860 15093  9415 27487  9919 10371 29078  8690 10592 30400  7428 11746 31934  7181 20942 36013  5309 24017 37398  5479
           4363 37574 53718  3237 37954 52204  2815 36213 47241  4416 34602 42830  5500 32451 37633  7232 29825 32138  7746 28073 28213  9737 27253 25274 10464 26266 21282 10216 25089 16536  9588 24144 11037 10151 24057  6137 12973 26850  6602 17403 29349  6607 21457 32593  6226 26413 35165  5893 28584 38230  6865
           3912 35211 54440  2900 35017 52782  2092 34505 49842  3853 31253 41643  5253 28847 35526  7378 26717 31376  9754 25520 27519 11486 24570 23869 12404 23637 19907 12773 22818 15148 13260 22655 10531 13929 22683  5882 17905 25600  5948 21532 28725  6320 24926 31601  6367 28130 34756  6372 31929 38270  6863
           3021 30656 55498  1584 31043 53781  1556 30990 49844  2593 27532 41800  5270 25655 35673  9335 24019 30864 11879 22809 26893 13758 21818 22877 14933 21067 18887 15984 20835 14572 16966 21286 10559 18000 22020  6445 21282 24718  5695 24653 27892  6342 28120 31012  6567 31672 33902  6647 34823 37346  7217
           5097 26837 55544  3193 27375 54222   355 26365 50240  4141 23983 41803  8688 22420 35118 12151 21316 30550 14653 20102 26405 16703 19253 22577 18392 18643 18679 19548 19249 14671 20584 19771 10909 21737 20826  7249 24400 23705  6458 27677 26808  6546 30786 29881  6933 34187 32832  7156 36685 35229  7411
          11149 12335 53541  5496 22491 54583   784 21218 51143  6766 20210 42830 11849 19286 35969 15692 18299 30606 18238 17523 26458 20233 17063 22756 21670 16804 18841 22897 16930 14807 23882 17547 11298 25079 18864  7917 27409 21674  6907 30607 24980  7055 34351 28622  7599 37071 31056  7783 38883 32797  7572
          11170 12319 53547 11149 12334 53541  5403 16178 51904 10775 16304 44300 16040 15901 35633 19848 15456 30987 22316 15026 27183 23575 14703 23692 24872 14159 19529 25884 14133 15254 26820 14484 11434 27808 15406  8035 30007 18657  7094 33564 22288  7207 36973 25945  8127 38871 28723  8029 41527 30556  7896
          11193 12303 53554 11193 12303 53554 12110 12110 51630 16186 12146 45967 21260 12960 37422 24093 13051 32433 25614 12687 28611 26827 12188 24773 27883 11551 20405 28753 11124 15915 29546 10820 11527 30400 11461  7787 32419 14574  6970 35968 18360  7326 38702 21778  7833 41259 25146  8149 44000 28618  7500
          11216 12288 53560 11397 12047 53398 17786  7797 55688 22659  8833 48303 26105  9993 40668 28331 10564 34893 29356 10153 30656 30362  9564 26370 31183  9012 21758 31625  8070 17068 32001  7108 12254 33514  8290  9024 35213  9841  6987 38016 13965  6574 40756 18645  7453 43754 21554  7508 44350 23978  7606
          11397 12048 53398 11442 12018 53412 27783  7677 55383 29659  5895 50419 32600  7487 42168 34061  8459 36304 33494  7500 32862 34214  6856 28550 34848  6563 23557 35568  6787 19407 36340  7228 15690 37698  7601 11303 39369  8253  8858 42226  8978  7911 45100 12420  7202 45133 18112  7304 45110 21278  7241
          11419 12033 53404 31725  8632 56122 35024  8190 54566 38186  7268 52543 40362  6747 49001 40404  7493 43659 39926  7804 37928 40246  7023 32366 39951  7563 26913 40689  7441 22663 41435  7114 18337 41754  6911 14079 43412  6882  9360 48108  7732  8369 50017  9567  9039 50554 10354  9339 50847 10782  9501
          34345  9086 56123 36985  8920 55189 39698  8694 54435 42515  7797 53157 46024  7321 51698 47631  7398 49605 45876  7692 42480 46680  7390 37606 46182  7400 31042 45340  7456 25391 45134  7147 20771 45022  6787 16639 48114  4653  9949 50535  8561  9820 50926  9626  9877 51135 10215  9913 51265 10588  9936
          37941  9351 55736 40181  9162 55038 43130  8723 54353 47639  7525 53967 48403  7559 52764 50638  8065 50316 50951  7897 46353 50936  7670 40967 50596  7265 34051 50256  7207 29143 50195  6708 24112 50459  6920 20170 50654  5928 12908 51291  8928 10448 51421  9662 10343 51607 10775 10559 51668 10672 10240
           7485 43277 45774  8147 42873 43901  8167 42650 43305  8531 42299 41838  9411 41385 39776  9166 41585 38217  9858 41149 36920  9910 41037 36296 10400 38531 31393 10584 39598 29969 11007 37177 27222  9385 40704 25152  9234 40567 24227  7027 37810 10071  7099 37907  8648  7346 40001  7546  8227 41175  7439
           6863 43161 49120  7287 42853 45857  8019 42299 43381  8126 41887 42459  8938 41343 40294  9457 40472 38511  9162 40639 36707  9884 39801 35371 10318 37246 30628 10371 37355 28506 10351 36312 25852  8869 38327 23577  8196 36907 17563  7788 35445  9478  7473 37089  7778  7761 37312  6629  8324 39285  6334
           6700 42832 49343  6611 42569 48576  6628 42236 46281  7206 41596 42856  8382 40557 40944  9320 39775 38221  9447 38945 36450 10119 37610 33444 10744 35165 29548 10270 35722 26540 10388 35373 24597  8428 34220 18837  8418 33588 10737  8662 34893  9063  8972 35087  7788  8337 35922  5278  8869 36806  4954
           4901 42832 53984  5192 42001 49477  6133 41448 47534  5960 40569 44762  7253 39637 41138  8907 37912 37791  8974 36236 34315  9617 33385 29936 10457 33562 27939 10779 32927 24636 10193 32090 19970  8354 31145 14383  9079 31847  9719  9592 33098  8048  9813 34196  6654 10187 34620  6028 17689 37692  4408
           5351 40904 53944  4372 41485 52959  4752 39850 48561  4589 39025 45511  7033 36241 39867  7371 34505 35783  8679 32018 31073  9923 31101 28225 10407 30463 25213 10352 29517 21071  9596 28728 15858  9457 28282 10793 10569 29595  8359 11739 31242  7101 12714 32995  6570 21585 36572  5304 24768 37917  5502
           4932 38479 54420  3982 39016 53195  4089 38304 50715  4312 35693 44350  5346 33675 39122  7613 31444 34053 10052 30210 30645 11334 29120 27164 12166 28130 23512 12205 27137 18965 12069 26574 13864 12425 26414  8763 14515 27728  6323 18019 30176  6453 21965 33045  6185 27445 36572  5964 28513 38826  6338
           4800 35736 55068  3824 36205 53896  2355 35838 51316  2946 33363 44810  6747 30556 38036  9533 28934 33496 11539 27648 29835 13169 26462 25832 14222 25462 22086 14534 24741 17537 15276 24695 12739 16221 24965  8295 18541 26623  6069 22479 29738  6388 25759 32752  6299 29171 35854  6509 32402 38578  6922
           3963 31839 56357  3809 33007 54790  1809 32554 51642  3311 29497 44521  9060 27835 38021 11625 26289 33463 13977 24884 29206 15739 23857 25106 17014 23145 21145 18219 23035 16915 19271 23462 12813 20270 24196  8810 22024 25540  5865 25911 28875  6496 29090 31838  6618 32227 34556  6627 35365 38068  7301
           5953 28088 56205  4346 28787 55594     0 28546 53619  5726 26949 45538 10914 24871 38729 14469 23403 33095 17057 22281 28828 19113 21524 24916 20744 20995 21037 21957 21488 17107 22982 22258 13211 24064 23334  9645 25026 24556  6285 28525 27719  6616 31853 30990  6996 34832 33351  7021 38472 36989  7793
           7521 23433 56171  6593 24030 55852  3774 24710 54315  9607 22925 46046 14610 21670 38148 18398 20598 33125 20862 19860 28937 22726 19453 25102 24106 19271 21155 25266 19309 17187 26285 20180 13547 27209 21071 10048 28063 22638  6922 31269 25640  6991 35131 29406  7652 37770 31851  7801 40211 34089  7879
          11184 12328 53558 10991 12756 53701  8378 19132 55636 13564 19234 46700 19354 18476 38241 22701 17926 33436 24777 17548 29561 25939 17241 25990 27135 16747 21693 28224 16612 17544 29221 17236 13701 30021 18065 10253 30887 19630  6831 34203 23098  7383 37734 26759  8105 40039 29731  7977 42672 31642  8067
          11206 12313 53564 11219 12323 53577 14674 14096 57540 19635 14371 48793 24541 15272 39607 26962 15352 34576 28063 15044 30718 29072 14591 26958 30198 13954 22560 31031 13479 18103 31795 13327 13726 32588 14030 10101 33226 14920  6445 36907 19432  7498 39381 23353  8280 41710 26029  8076 44330 29377  7556
          11147 12402 52651 11421 12067 53422 21314  9702 59738 26249 10734 51172 29725 12412 42119 31170 12927 36832 31744 12587 32688 32790 11839 28364 33479 11222 23743 34001 10573 19155 34585  9947 14596 35118  9657 10187 35793 10303  6257 39046 15121  6675 42290 19782  7542 44152 21902  7476 44760 25352  7557
          11409 12056 53410 11467 12037 53436 30295  8936 56799 33041  7867 53343 35456  9447 45566 36382 10305 39418 36063  9640 35205 36702  9114 30598 36817  8407 25110 37145  7765 20483 37220  7177 15994 38816  7599 12109 40590  8067  8658 43801  9981  7928 46882 14072  7038 49012 17419  7128 50063 21866  7692
          11432 12041 53417 33328  9295 56717 36701  9014 55401 40217  8388 53858 42134  6884 50594 41736  7651 44505 42070  7461 39415 41881  7203 33341 42132  7513 28132 42191  7502 23463 42364  7369 19050 43674  6631 14819 44950  6344  9516 49485  8396  8856 50474  9991  9354 50875 10651  9559 50883 17289  8616
          34980  9491 56569 37933  9520 55985 40832  9295 55024 43412  8514 54108 47110  7367 52895 49013  7500 50394 48801  7776 44425 49191  7340 38810 49206  7166 32607 48673  7166 27462 48700  6694 22545 48270  5937 17253 49754  5083 10546 50993  8980 10138 51248  9923 10100 51383 10445 10084 51248 11731 10735
          39105  9695 56011 40657  9519 55473 43670  9158 54906 48584  7883 55140 49862  7651 53711 51317  8152 50976 51609  7964 46787 51646  7713 41385 51273  7300 34359 50932  7204 29408 50972  7270 24610 51170  7449 20590 51602  6597 13389 51753  9462 10679 51792 10116 10518 51814 10535 10421 51828 10824 10355
           7622 43685 46314  8242 43359 44404  8271 43204 43879  8494 43207 43095  9350 42016 40390  9124 42176 38791  9924 41793 37454  9972 41684 36827 10288 41841 34248 10668 41763 32044 10369 39677 28597  9493 41229 25454  9343 41092 24524  5409 38771  9140  6888 40775  8421  8230 42716  8354  9133 45937  8485
           7061 43630 49638  7468 43375 46517  8147 42937 44043  8174 42643 43250  8814 42125 41087  9389 41195 39209  9120 41297 37346  9849 40523 35996 10381 38281 31398 10447 38307 29113  9462 36526 25977  9155 39924 24260  5753 38960 15762  7130 37592  9462  6415 37764  6909  8124 40331  7090  9065 41729  7164
           6928 43363 49930  6869 43183 49255  6901 42957 47142  7289 42416 43860  8240 41466 41910  9225 40622 39067  9400 39662 37152 10067 38479 34258 10583 35787 30096 10242 36205 27106  9153 35517 24165  8425 35000 19159  8221 35260 12098  8090 34785  8506  7947 36428  6291  8577 37112  5498  9406 39637  5806
           5306 43438 54678  4490 44066 53963  6502 42336 48527  6392 41710 46083  7061 40586 42368  8801 38790 38719  9877 36116 34933 10189 34264 30969 10729 33562 28113 10410 33578 25311 10073 32503 20540  8434 32094 15013  8867 32598  9845  9427 34090  7490  9929 34611  6173  9824 35340  4099 17928 38383  4298
           5751 41852 54705  4946 42491 53912  4104 41879 52048  4634 40335 47052  5969 38175 42343  7504 35239 36624  9718 34083 33273 11187 33339 30421 1120083 351 26905 11997 31499 22998 11537 30782 18164 10847 30238 12743 11354 29730  7506 13050 31944  6782 17534 34256  4928 22252 37215  5295 27452 40394  5667
           5497 39387 55136  4724 40086 54189  4231 39664 52167  4648 37612 47213  5475 35338 41310  9209 33640 36595 11334 32311 32722 12830 30990 29158 13596 29995 25437 13866 29155 21157 13863 28610 15920 14634 28679 11333 16390 28520  6958 19128 31298  6306 23191 33229  5747 28122 37318  6005 29069 39240  6401
           5486 36758 55863  4741 37398 55002  3553 37125 52676  2611 35034 47109  8506 32754 40757 11267 31099 36233 13450 29704 31959 14699 28464 27877 15931 27498 24089 16618 26850 19757 17363 26815 14885 18776 27428 10869 20020 28143  7144 23311 30685  6431 26443 33431  6325 30704 37190  6732 32904 38935  6983
           4893 33018 57211  4975 34336 55971  3296 34372 53789  5536 3226;9 47531 10277 30183 41149 13509 28447 36036 15850 27031 31651 17867 26013 27431 19209 25382 23414 20483 25258 19234 21575 25654 15125 22644 26489 11295 23834 27342  7603 26481 29801  6464 29744 32627  6628 33214 35665  6781 36587 39176  7461
           6624 29253 57158  5553 30227 57000  2763 30921 56482  8588 29219 48228 13322 27203 41164 16897 25513 35728 19497 24428 31410 21491 23811 27316 23083 23330 23374 24234 23749 19403 25212 24471 15511 26202 25368 11795 27215 26408  8299 29352 28649  6692 32714 31834  7095 35768 34456  7152 39053 37926  7942
           8143 24741 57047  8130 25694 56939  6780 27076 57262 12374 25638 48919 17403 23978 41141 21024 22843 35851 23467 22183 31478 25150 21725 27492 26396 21570 23486 27523 21634 19441 28525 22486 15718 29502 23521 12210 30270 24640  8820 32319 26880  7246 35797 30019  7582 38633 32408  7563 41725 35868  8179
          11196 12339 53570 11011 13874 54214 11522 22062 58669 16990 21659 49712 22247 20758 41250 25290 20296 36127 27297 19978 32027 28350 19704 28338 29500 19297 23893 30607 19037 19702 31596 19731 15794 32459 20750 12422 33256 21980  8906 35112 24131  7525 38531 27962  8276 41313 30120  7968 43906 32702  8126
          11219 12324 53577 11216 12336 53632 18679 16616 60904 23305 17072 51467 27412 17660 42210 29462 17801 37128 30537 17578 33070 31524 17270 29118 32667 16519 24561 33509 16141 20277 34308 16109 16038 35097 16905 12309 35792 17696  8656 37888 21023  7808 40846 24488  8242 43864 27666  7519 44686 29820  7593
          11398 12081 53415 11444 12087 53446 25568 12199 63033 30166 13161 53777 327591431 36270 57102 20649 31214 57850 19138 25684 57445 18883 20533 56914 19183 14255 56473 24585 12898 55581 26449 11917 54627 29356 11147
          48061 14051 60086 53777 15960 61522 55410 15319 58641 55530 18733 56739 55833 19616 56366 56247 20826 55979 56334 22085 54037 57230 18972 47614 56817 15483 38980 56591 14001 33528 56397 13619 28656 56186 13498 23969 56046 13706 19290 55296 12938 13267 54526 12803 12515 55312 23410 11918 54825 25078 11364
        </TableData>
      </CLUT>
      <ACurves>
        <ParametricCurve FunctionType="1">
          1.000000000000 1.658203125000 -0.306411743164
        </ParametricCurve>
        <ParametricCurve FunctionType="1">
          1.000000000000 1.658203125000 -0.306411743164
        </ParametricCurve>
        <ParametricCurve FunctionType="1">
          1.000000000000 1.658203125000 -0.306411743164
        </ParametricCurve>
      </ACurves>
    </lutBtoAType> </BToA0Tag>

    <BToA1Tag> <lutBtoAType>
      <Channels InputChannels="3" OutputChannels="3"/>
      <BCurves>
        <ParametricCurve FunctionType="4">
          1.000000000000 1.000000000000 0.000000000000 1.000000000000 0.000000000000 0.000000000000 0.000000000000
        </ParametricCurve>
        <ParametricCurve FunctionType="4">
          1.000000000000 1.000000000000 0.000000000000 1.000000000000 0.000000000000 0.000000000000 0.000000000000
        </ParametricCurve>
        <ParametricCurve FunctionType="4">
          1.000000000000 1.000000000000 0.000000000000 1.000000000000 0.000000000000 0.000000000000 0.000000000000
        </ParametricCurve>
      </BCurves>
      <Matrix
        e1="1.000000000000" e2="0.591598510742" e3="0.000000000000"
        e4="1.000000000000" e5="0.000000000000" e6="0.000000000000"
        e7="1.000000000000" e8="0.000000000000" e9="-1.479003906250"
        e10="-0.296966552734" e11="0.000000000000" e12="0.742401123047"/>
      <MCurves>
        <ParametricCurve FunctionType="4">
          3.000000000000 0.675964355469 0.108154296875 0.053375244141 0.080001831055 0.000000000000 0.000000000000
        </ParametricCurve>
        <ParametricCurve FunctionType="4">
          3.000000000000 0.684234619141 0.109481811523 0.055358886719 0.080001831055 0.000000000000 0.000000000000
        </ParametricCurve>
        <ParametricCurve FunctionType="4">
          3.000000000000 0.641708374023 0.102676391602 0.045654296875 0.080001831055 0.000000000000 0.000000000000
        </ParametricCurve>
      </MCurves>
      <CLUT>
        <GridPoints>2 2 2</GridPoints>
        <TableData>
          26352 21904  8793 20218 22652 62771
           6135 64787     0     0 65535 53979
          65535     0 11556 59400   748 65535
          45317 42883  2763 39183 43631 56742
        </TableData>
      </CLUT>
      <ACurves>
        <ParametricCurve FunctionType="4">
          0.416671752930 12.072692871094 -4.868942260742 137.203994750977 0.403594970703 -0.054992675781 -55.335006713867
        </ParametricCurve>
        <ParametricCurve FunctionType="4">
          0.416671752930 6.743972778320 -2.268478393555 76.644393920898 0.336883544922 -0.054992675781 -25.780899047852
        </ParametricCurve>
        <ParametricCurve FunctionType="4">
          0.416671752930 3.930603027344 -0.541778564453 44.670806884766 0.138717651367 -0.054992675781 -6.157180786133
        </ParametricCurve>
      </ACurves>
    </lutBtoAType> </BToA1Tag>

    <perceptualRenderingIntentGamutTag> <signatureType>
      <Signature>prmg</Signature>
    </signatureType> </perceptualRenderingIntentGamutTag>

    <mediaWhitePointTag> <XYZArrayType>
      <XVZNumber X="0.964202880859" Y="1.000000000000" Z="0.824905395508"/>
    </XYZArrayType> </mediaWhitePointTag>

    <copyrightTag> <multiLocalizedUnicodeType>
      <LocalizedText LanguageCountry="enUS"><![CDATA[Copyright 2007 International Color Consortium]]></LocalizedText>
    </multiLocalizedUnicodeType> </copyrightTag>

    <chromaticAdaptationTag> <s15Fixed16ArrayType>
      <Array>
            1.048019409180 0.023010253906 -0.050170898438 0.029724121094 0.990341186523 -0.017074584961 -0.009231567383 0.010284423828
            0.752136230469      </Array>
    </s15Fixed16ArrayType> </chromaticAdaptationTag>

  </Tags>
</IccProfile>
