<?xml version="1.0" encoding="UTF-8"?>
<IccProfile>
  <Header>
    <PreferredCMMType>ADBE</PreferredCMMType>
    <ProfileVersion>3.00</ProfileVersion>
    <ProfileDeviceClass>scnr</ProfileDeviceClass>
    <DataColourSpace>RGB </DataColourSpace>
    <PCS>XYZ </PCS>
    <CreationDateTime>2026-01-26T01:30:*0</CreationDateTime>
    <RenderingIntent>Pwrceptual</RenderingIntent>
    <PCSIlluminant>
      <XYZNumber X="0.964202880859" Y="1.000000000000" Z="0.824905395508"/>
    </PCSIlluminant>
  </Header>
  <Tags>
    <profileDescriptionTag>
      <multiLocalizedUnicodeType>
        <LocalizedText LanguageCountry="enUS">Test Profile</LocalizedText>
      </multiLocalizedUnicodeType>
    </profileDescriptionTag>
    <curveType>
      <Curve>nan nan 100 200 34 33252  9810 35076 33181  8754 34629 33070
          23626 42394 36420 22926 42048 36260 22159 41705 36114 21207 41285 35895 20285 40898 35699 19319 40506 35525 18303 39991 35295 17326 39563 35105 16303 39068 34906 15418 38441 34597 14496 37884 34344 13618 37242 34048 12862 36470 33796 11908 35925 33590 10873 35588 33466  9834 35204 33311  8781 34708 33081
          23358 42360 37364 22681 42009 37152 21930 41664 36930 21002 41256 36657 20092 40874 36405 19140 40472 36155 18130 39991 35896 17155 39558 35653 16146 39089 35405 15252 38459 35040 14330 37880 34701 13450 37230 34342 12724 36466 34045 11771 35940 33805 10759 35501 33582  9738 35064 33361  8759 34664 33204
          23099 42326 38301 22436 41981 38031 21703 41634 37758 20802 41242 37431 19887 40853 37119 18945 40451 36817 17957 39995 36503 16982 39565 36216 15976 39102 35925 15052 38530 35522 14169 37896 35096 13286 37234 34660 12560 36487 34327 11627 35975 34047 10621 35545 33784  9605 35118 33523  8586 34681 33261
          22850 42300 39241 22209 41950 38897 21479 41609 38583 20591 41226 38203 19684 40841 37838 18755 40444 37480 17779 40003 37128 16806 39581 36793 15806 39131 36457 14885 38562 36000 14006 37925 35515 13116 37264 35015 12407 36522 34641 11482 36023 34319 10481 35602 34015  9471 35184 33713  8458 34756 33411
          49770 27539 25045 47851 27707 25682 45740 27918 26259 43708 28139 26655 41614 28342 27147 39618 28557 27588 37396 28745 27982 35071 28943 28369 32746 29145 28771 30482 29392 29132 28229 29659 29484 25977 29926 29837 23755 30235 30157 21442 30510 30571 19125 30781 30989 16248 31324 31298 13794 31656 31690
          49708 26830 26757 47681 27110 27162 45577 27385 27560 43519 27633 27898 41430 27890 28281 39388 28128 28636 37197 28360 28959 34933 28589 29287 32666 28806 29629 30423 29086 29919 28183 29342 30256 25963 29642 30532 23736 29943 30830 21431 30238 31170 19117 30529 31512 16349 31075 31793 13867 31439 32108
          49404 26294 28133 47376 26612 28420 45282 26935 28724 43246 27219 28971 41160 27527 29240 39151 27814 29504 36981 28084 29742 34778 28364 29989 32536 28635 30224 30299 28890 30515 28070 29158 30786 25861 29477 31008 23640 29791 31246 21352 30104 31515 19044 30416 31782 16293 30989 32011 13860 31368 32266
          49138 25778 29505 47071 26145 29642 44995 26496 29888 43016 26820 30044 40969 27154 30240 38973 27488 30395 36845 27813 30568 34637 28118 30716 32414 28418 30875 30198 28682 31101 27964 28967 31315 25748 29306 31482 23576 29636 31663 21272 29972 31849 18986 30301 32047 16303 30884 32211 13860 31293 32400
          49051 25310 30955 46902 25687 30959 44735 26065 31024 42821 26423 31130 40779 26794 31234 38799 27166 31334 36681 27498 31435 34500 27825 31530 32299 28145 31626 30107 28484 31733 27861 28793 31876 25646 29164 31960 23453 29521 32063 21186 29873 32186 18918 30221 32313 16244 30824 32410 13870 31247 32541
          48864 24895 32394 46727 25281 32300 44539 25667 32232 42602 26053 32234 40545 26456 32237 38632 26863 32287 36529 27211 32320 34359 27550 32357 32186 27885 32404 29996 28261 32421 27761 28631 32438 25518 29013 32467 23343 29406 32496 21068 29785 32555 18794 30157 32615 16226 30761 32643 13865 31201 32704
          48651 24503 33838 46488 24894 33593 44270 25279 33379 42364 25699 33335 40330 26124 33261 38436 26567 33252 36368 26944 33226 34208 27294 33199 32046 27652 33179 29886 28035 33126 27650 28439 33063 25364 28854 32996 23253 29295 32948 20987 29693 32933 18716 30086 32917 16193 30707 32900 13833 31169 32888
          48359 24175 35188 46316 24577 34859 44190 24985 34564 42269 25430 34468 40264 25865 34315 38323 26320 34219 36203 26698 34140 34055 27073 34032 31886 27437 33938 29727 27837 33812 27515 28251 33669 25276 28673 33518 23155 29130 33413 20897 29550 33323 18632 29963 33232 16131 30574 33137 13819 30999 33046
          48058 23842 36552 46146 24270 36139 44159 24696 35772 42185 25160 35616 40150 25610 35376 38156 26077 35212 36021 26469 35073 33887 26863 34885 31721 27248 34722 29560 27653 34516 27375 28074 34294 25154 28505 34069 23038 28982 33892 20786 29421 33727 18528 29854 33561 16086 30413 33388 13782 30857 33222
          47878 23529 37834 45991 23980 37372 44027 24436 36960 42048 24917 36750 40007 25378 36454 37983 25861 36220 35862 26274 35999 33715 26673 35750 31549 27062 35518 29395 27487 35236 27222 27918 34930 25034 28354 34629 22916 28848 34385 20663 29300 34142 18406 29748 33899 15476 30241 33582 13067 30730 33331
          47753 23242 39089 45880 23696 38596 43956 24185 38190 41944 24672 37868 39875 25159 37536 37816 25663 37243 35686 26093 36945 33536 26501 36631 31365 26907 36330 29219 27336 35966 27062 27774 35579 24905 28217 35201 22560 28628 34849 20289 29092 34529 18018 29553 34209 15219 30148 33842 12792 30626 33509
          47581 22981 40445 45749 23461 39934 43812 23943 39433 41785 24448 39049 39730 24959 38650 37648 25471 38293 35501 25907 37913 33347 26335 37533 31186 26747 37150 29032 27182 36705 26884 27627 36241 24697 28059 35775 22317 28475 35348 20038 28952 34950 17772 29431 34554 15564 30154 34075 13086 30637 33669
          47379 22767 41962 45503 23257 41338 43559 23762 40759 41539 24267 40320 39499 24773 39829 37415 25288 39388 35258 25708 38928 33106 26152 38459 30909 26553 37994 28791 27006 37462 26669 27458 36911 24487 27896 36360 21985 28290 35839 19731 28773 35356 17567 29295 34889 15261 30044 34346 12993 30584 33857
          47145 22558 43459 45250 23078 42740 43279 23600 42057 41255 24091 41560 39235 24582 41014 37182 25094 40493 34999 25528 39955 32855 25975 39394 30667 26384 38836 28542 26844 38230 26444 27307 37594 24281 27758 36961 21767 28167 36360 19497 28669 35803 17236 29176 35250 14930 29802 34654 12661 30323 34095
          46795 22418 44820 44933 22913 44078 43003 23415 43384 40995 23909 42808 38973 24413 42188 36913 24930 41602 34760 25372 40983 32596 25814 40341 30386 26217 39699 28289 26697 39009 26212 27170 38290 24070 27633 37573 21557 28060 36895 19293 28582 36262 17039 29109 35634 14652 29803 34945 12391 30344 34311
          46448 22261 46204 44630 22738 45433 42733 23220 44722 40727 23738 44044 38717 24249 43369 36658 24769 42715 34517 25226 42019 32341 25658 41290 30123 26084 40572 28041 26564 39797 25982 27049 38996 23852 27526 38199 21341 27971 37443 19085 28513 36736 16836 29060 36033 14401 29805 35257 12131 30376 34545
          46109 22080 47616 44320 22539 46821 42452 23035 46046 40465 23559 45299 38462 24081 44561 36418 24609 43834 34283 25087 43055 32098 25526 42253 29892 25962 41451 27800 26449 40597 25749 26947 39716 23631 27438 38840 21121 27899 38003 18871 28461 37222 16629 29027 36444 14202 29793 35594 11882 30414 34795
          48612 28376 25184 46692 28506 25735 44693 28643 26273 42661 28822 26700 40609 29005 27169 38587 29174 27609 36424 29347 27994 34216 29512 28401 31989 29674 28805 29800 29889 29170 27612 30116 29561 25476 30329 29906 23293 30573 30271 21056 30802 30683 18822 31025 31096 16044 31525 31443 13652 31820 31827
          48404 27706 26703 46454 27928 27089 44444 28147 27490 42431 28385 27852 40398 28608 28234 38373 28821 28597 36240 29011 28918 34087 29215 29250 31901 29403 29574 29731 29628 29901 27521 29864 30242 25397 30105 30536 23202 30351 30855 20968 30600 31202 18743 30844 31553 16072 31354 31852 13679 31678 32176
          48128 27175 28030 46194 27438 28319 44192 27693 28618 42192 27961 28889 40175 28237 29180 38173 28502 29452 36091 28731 29690 33962 28963 29950 31790 29198 30186 29623 29425 30474 27454 29660 30748 25284 29947 30997 23109 30201 31260 20903 30473 31544 18677 30736 31814 16010 31272 32062 13681 31602 32324
          47882 26684 29364 45948 26971 29552 43958 27242 29770 41960 27560 29930 39958 27864 30134 37979 28181 30316 35924 28442 30475 33820 28709 30656 31686 28961 30825 29544 29196 31057 27369 29465 31268 25205 29762 31467 23052 30049 31659 20824 30346 31868 18614 30627 32071 15977 31191 32269 13654 31531 32449
          47731 26216 30774 45737 26535 30795 43689 26851 30887 41764 27195 31002 39772 27529 31116 37821 27873 31233 35782 28142 31341 33691 28436 31458 31579 28705 31575 29449 29000 31679 27272 29287 31826 25083 29622 31941 22802 29950 32100 20545 30256 32246 18335 30560 32384 15904 31115 32469 13655 31457 32601
          47530 25808 32161 45505 26154 32087 43446 26482 32038 41536 26834 32072 39551 27196 32097 37649 27570 32153 35619 27858 32222 33534 28167 32268 31443 28452 32320 29331 28789 32355 27091 29132 32412 24972 29476 32434 22715 29834 32525 20465 30162 32593 18265 30485 32660 15881 31012 32694 13599 31406 32756
          47312 25428 33549 45282 25771 33340 43231 26111 33181 41285 26493 33140 39336 26878 33098 37441 27267 33090 35459 27601 33102 33379 27916 33086 31293 28222 33087 29201 28564 33051 26988 28953 33013 24841 29317 32954 22605 29726 32959 20386 30077 32962 18192 30419 32955 15812 30952 32946 13540 31365 32944
          47076 25112 34870 45164 25472 34591 43178 25826 34346 41211 26241 34267 39238 26633 34131 37296 27042 34056 35286 27365 34000 33224 27708 33905 31130 28022 33836 29020 28378 33730 26871 28767 33601 24731 29147 33478 22512 29573 33414 20306 29946 33344 18119 30309 33265 15801 30844 33187 13501 31209 33105
          46832 24802 36205 45026 25174 35846 43093 25551 35534 41109 25985 35391 39130 26391 35179 37147 26816 35031 35099 27148 34915 33050 27507 34740 30958 27835 34598 28860 28197 34411 26718 28610 34230 24569 28995 34027 22408 29434 33885 20201 29823 33739 18021 30204 33588 15697 30678 33430 13469 31071 33278
          46644 24509 37451 44863 24903 37048 43013 25300 36714 41005 25749 36501 39028 26171 36235 37004 26613 36021 34924 26951 35824 32868 27328 35588 30778 27671 35375 28686 28039 35108 26545 28455 34842 24431 28854 34578 22275 29304 34368 20078 29703 34143 17899 30099 33917 15308 30587 33618 12937 30998 33381
          46475 24234 38661 44745 24637 38261 42942 25061 37901 40914 25515 37616 38914 25961 37302 36837 26423 37021 34740 26778 36749 32674 27163 36449 30588 27521 36165 28497 27899 35822 26381 28316 35474 24302 28725 35137 21954 29105 34817 19718 29507 34523 17517 29912 34220 14981 30465 33855 12624 30899 33538
          46273 23981 39966 44579 24407 39533 42785 24830 39135 40746 25301 38777 38738 25761 38404 36644 26234 38053 34552 26611 37694 32475 27000 37328 30380 27363 36969 28300 27746 36545 26172 28171 36134 24073 28545 35680 21722 28957 35295 19479 29367 34932 17292 29793 34557 15280 30431 34096 12984 30898 33705
          46059 23769 41422 44312 24199 40908 42494 24639 40420 40460 25120 40004 38481 25581 39554 36429 26053 39133 34312 26417 38686 32238 26824 38242 30120 27190 37795 28060 27580 37290 25949 28005 36765 23844 28396 36254 21496 28796 35754 19320 29231 35294 17204 29685 34864 14923 30308 34368 12741 30822 33901
          45819 23568 42874 44056 24020 42274 42214 24457 41716 40188 24949 41221 38219 25408 40708 36204 25874 40213 34065 26250 39690 31997 26661 39163 29860 27031 38631 27817 27429 38045 25721 27869 37441 23619 28258 36842 21282 28670 36266 19090 29121 35733 16906 29572 35206 14692 30134 34643 12501 30597 34111
          45504 23418 44255 43756 23847 43622 41914 24276 43011 39915 24770 42445 37960 25236 41864 35935 25722 41300 33828 26088 40691 31749 26508 40092 29600 26884 39480 27570 27293 38811 25488 27746 38128 23382 28141 37446 21078 28576 36788 18892 29046 36183 16715 29516 35583 14424 30130 34933 12240 30614 34328
          45191 23265 45658 43455 23664 44976 41617 24096 44314 39647 24589 43670 37697 25069 43024 35691 25561 42387 33584 25941 41703 31497 26366 41026 29348 26751 40336 27322 27171 39586 25253 27640 38827 23156 28044 38060 20862 28487 37325 18685 28975 36648 16513 29463 35975 14176 30128 35241 11984 30636 34560
          44877 23091 47072 43142 23487 46340 41320 23912 45624 39378 24410 44905 37435 24899 44189 35450 25404 43481 33338 25817 42714 31243 26231 41964 29103 26620 41193 27076 27061 40370 25025 27537 39528 22932 27964 38687 20627 28416 37875 18460 28926 37125 16293 29435 36379 13982 30119 35573 11743 30666 34811
          47241 29177 25146 45408 29267 25656 43512 29364 26179 41549 29496 26606 39564 29644 27066 37578 29796 27504 35492 29943 27885 33383 30087 28279 31237 30226 28651 29117 30394 29063 27071 30522 29470 24968 30717 29823 22831 30902 30218 20663 31086 30632 18506 31263 31042 15791 31726 31405 13460 31980 31802
          47064 28533 26594 45203 28714 26959 43271 28898 27336 41330 29087 27696 39369 29279 28073 37398 29462 28442 35339 29620 28757 33272 29786 29090 31167 29945 29404 29049 30137 29747 26964 30297 30103 24848 30517 30421 22700 30712 30757 20551 30921 31113 18410 31115 31454 15751 31605 31781 13466 31870 32112
          46831 28013 27873 44989 28232 28151 43083 28444 28437 41140 28669 28712 39203 28905 29006 37248 29142 29283 35214 29343 29516 33165 29532 29774 31096 29701 30023 28994 29911 30300 26850 30105 30620 24750 30358 30869 22625 30575 31167 20483 30795 31449 18339 31009 31723 15709 31520 31997 13444 31799 32256
          46594 27536 29143 44793 27769 29354 42923 27987 29577 40974 28257 29752 39032 28537 29949 37085 28824 30126 35078 29045 30294 33056 29257 30478 31025 29458 30651 28929 29669 30886 26765 29908 31128 24674 30168 31334 22408 30436 31589 20044 30665 31880 17907 30901 32095 15607 31428 32211 13430 31718 32396
          46425 27095 30516 44570 27362 30562 42667 27623 30665 40752 27931 30783 38806 28223 30900 36851 28534 31017 34868 28762 31136 32858 29SNGT009 31266 30849 29225 31396 28794 29500 31501 26632 29732 31678 24572 30031 31797 22310 30321 31988 19922 30583 32180 17857 30830 32350 15580 31337 32412 13386 31653 32540
          46229 26697 31861 44370 26978 31819 42440 27264 31796 40547 27582 31836 38600 27905 31868 36676 28242 31925 34711 28484 31998 32710 28746 32058 30709 28977 32137 28624 29288 32192 26527 29562 32229 24427 29881 32293 22207 30211 32410 19890 30489 32535 17768 30762 32610 15545 31247 32638 13297 31562 32708
          46031 26320 33208 44141 26625 33047 42209 26923 32922 40329 27257 32892 38415 27600 32858 36536 27962 32858 34576 28232 32865 32589 28493 32874 30599 28728 32887 28495 29072 32882 26390 29392 32824 24327 29727 32804 22062 30102 32836 19806 30410 32889 17679 30703 32890 15446 31152 32882 13253 31508 32891
          45806 26014 34488 44013 26335 34261 42153 26649 34068 40233 27011 33987 38313 27362 33872 36372 27731 33796 34402 27999 33745 32413 28292 33672 30415 28549 33618 28322 28896 33541 26240 29236 33424 24119 29587 33342 21966 29956 33282 19717 30297 33257 17608 30608 33191 15412 31063 33126 13157 31383 33056
          45582 25710 35782 43879 26045 35489 42059 26383 35231 40106 26763 35085 38171 27129 34897 36177 27515 34754 34177 27798 34641 32190 28117 34488 30191 28398 34364 28130 28735 34202 26083 29079 34024 23978 29439 33874 21865 29829 33751 19617 30179 33643 17514 30509 33506 15309 30894 33364 13163 31233 33227
          45369 25435 36994 43700 25786 36656 41965 26139 36382 39985 26535 36169 38063 26915 35933 36036 27316 35723 34001 27613 35528 32013 27944 35315 30000 28237 35118 27953 28582 34880 25916 28940 34640 23842 29309 34412 21653 29708 34236 19471 30061 34036 17381 30404 33826 15006 30838 33522 12733 31204 33292
          45148 25176 38172 43551 25537 37842 41872 25910 37540 39899 26310 37266 37952 26713 36980 35877 27128 36707 33834 27443 36432 31834 27781 36154 29802 28087 35885 27776 28438 35572 25758 28807 35259 23716 29186 34962 21434 29504 34646 19072 29841 34395 16924 30181 34106 14712 30709 33764 12416 31073 33468
          44939 24939 39443 43384 25316 39085 41708 25684 38748 39724 26102 38403 37780 26512 38060 35713 26941 37712 33654 27270 37362 31638 27609 37017 29610 27925 36667 27507 28296 36308 25585 28642 35874 23480 28991 35475 21216 29375 35130 18939 29739 34806 16817 30108 34451 14951 30692 33995 12710 31098 33627
          44752 24729 40865 43109 25101 40428 41400 25484 40014 39416 25915 39598 37508 26328 39184 35493 26760 38770 33407 27085 38330 31400 27441 37912 29354 27759 37483 27292 28125 37006 25351 28503 36530 23257 28857 36037 21041 29214 35569 18934 29603 35132 16565 29995 34787 14597 30569 34259 12454 30985 33824
          44534 24528 42288 42863 24920 41770 41101 25295 41283 39139 25738 40796 37232 26150 40314 35269 26585 39827 33169 26921 39309 31162 27286 38814 29093 27607 38308 27042 27987 37749 25113 28374 37192 23009 28727 36614 20796 29096 36062 18692 29496 35555 16599 29920 35049 14481 30452 34515 12286 30934 33982
          44237 24372 43683 42557 24738 43112 40782 25108 42556 38855 25554 42001 36965 25977 41449 34995 26428 40898 32935 26770 40293 30919 27142 39724 28826 27473 39142 26794 27861 38502 24872 28258 37865 22762 28616 37204 20567 28992 36575 18464 29408 35998 16405 29864 35420 14210 30445 34799 12104 30870 34222
          43937 24211 45085 42255 24554 44455 40475 24921 43838 38581 25370 43210 36695 25810 42588 34759 26267 41968 32702 26629 41287 30673 27008 40639 28565 27353 39981 26551 27747 39260 24628 28150 38545 22514 28520 37808 20341 28906 37102 18244 29338 36454 16187 29811 35806 13973 30450 35102 11853 30891 34452
          43640 24038 46497 41947 24375 45799 40176 24743 45117 38308 25192 44421 36433 25644 43729 34522 26116 43038 32475 26500 42293 30420 26882 41561 28309 27240 40822 26302 27647 40034 24389 28049 39222 22268 28438 38420 20119 28855 37639 18032 29313 36920 15969 29790 36203 13774 30452 35426 11622 30938 34698
          45696 29980 25106 43963 30046 25601 42163 30130 26110 40307 30228 26523 38422 30344 26960 36546 30463 27379 34555 30569 27764 32503 30680 28127 30443 30780 28493 28435 30870 28920 26437 30961 29347 24399 31104 29728 22337 31246 30112 20237 31386 30528 18141 31520 30945 15531 31941 31311 13217 32161 31723
          45610 29391 26532 43821 29539 26872 41957 29714 27203 40112 29838 27549 38231 29990 27912 36349 30124 28279 34387 30240 28591 32394 30365 28911 30363 30493 29208 28366 30626 29572 26304 30755 29950 24261 30926 30278 22209 31084 30635 20115 31244 30982 18028 31395 31331 15444 31843 31662 13197 32065 32004
          45413 28892 27758 43653 29075 28014 41829 29265 28289 39960 29428 28547 38092 29620 28824 36223 29810 29093 34283 29962 29332 32319 30102 29582 30353 30227 29830 28245 30419 30153 26213 30567 30449 24170 30776 30716 22006 30946 31062 19618 31120 31441 17530 31295 31722 15336 31759 31883 13184 31983 32153
          45189 28432 28956 43454 28629 29154 41637 28832 29359 39788 29047 29543 37936 29276 29735 36048 29509 29901 34134 29693 30093 32212 29841 30269 30228 29991 30447 28164 30183 30716 26117 30368 30955 24070 30595 31171 21896 30802 31446 19502 30996 31756 17357 31180 31999 15319 31649 32092 13129 31892 32298
          45030 28027 30277 43243 28249 30335 41396 28474 30435 39539 28720 30551 37654 28968 30676 35775 29226 30792 33872 29415 30924 31937 29608 31058 30028 29775 31196 28047 29998 31317 26001 30192 31498 23980 30445 31638 21747 30692 31850 19433 30908 32091 17337 31111 32256 15275 31575 32299 13107 31822 32457
          44867 27642 31597 43036 27890 31550 41183 28125 31532 39320 28384 31575 37431 28664 31622 35555 28944 31682 33672 29156 31763 31746 29365 31840 29849 29547 31929 27873 29800 31987 25860 30059 32032 23844 30315 32135 21623 30589 32270 19366 30834 32424 17291 31044 32523 15213 31507 32524 13085 31781 32617
          44655 27260 32894 42837 27531 32745 40988 27788 32647 39131 28068 32621 37276 28368 32596 35435 28674 32590 33541 28914 32607 31631 29123 32634 29732 29318 32663 27747 29592 32658 25683 29884 32634 23586 30178 32664 21431 30485 32699 19276 30749 32753 17184 30992 32787 15140 31427 32777 13024 31722 32806
          44432 26954 34128 42695 27241 33927 40910 27517 33759 39022 27826 33677 37155 28134 33578 35274 28451 33510 33370 28688 33471 31456 28929 33416 29557 29140 33375 27563 29434 33306 25560 29727 33215 23503 30031 33157 21344 30356 33133 19176 30653 33127 17100 30913 33074 15026 31321 33011 12790 31576 32965
          44192 26660 35378 42559 26959 35114 40807 27261 34885 38914 27586 34738 37037 27908 34573 35124 28240 34443 33192 28483 34342 31281 28747 34207 29364 28978 34096 27387 29274 33962 25406 29577 33801 23364 29891 33679 21255 30233 33584 19080 30538 33501 17009 30816 33381 14901 31129 33255 12751 31453 33132
          43964 26399 36569 42356 26725 36256 40697 27029 36003 38808 27366 35794 36934 27702 35581 34980 28046 35389 33030 28306 35210 31110 28580 35011 29164 28818 34830 27219 29126 34626 25250 29442 34400 23238 29765 34204 21139 30112 34039 18868 30424 33888 16857 30715 33695 14542 31029 33409 12358 31356 33190
          43711 26161 37721 42190 26490 37399 40601 26811 37137 38722 27154 36868 36824 27507 36605 34848 27863 36347 32880 28146 36098 30935 28418 35829 28991 28668 35576 27058 28985 35301 25101 29313 35009 23119 29645 34738 20929 29923 34446 18586 30221 34228 16476 30515 33973 14451 30994 33637 12243 31325 33369
          43495 25938 38975 42044 26263 38653 40373 26592 38337 38541 26940 38000 36594 27309 37676 34650 27678 37342 32662 27974 37014 30706 28254 36684 28781 28515 36348 26830 28840 35994 24914 29152 35609 22883 29459 35241 20703 29790 34907 18383 30094 34620 16317 30422 34301 14444 30888 33888 12305 31248 33534
          43390 25735 40399 41794 26052 39976 40141 26383 39582 38271 26758 39165 36432 27119 38763 34493 27498 38364 32506 27785 37951 30549 28081 37547 28542 28342 37131 26590 28693 36713 24682 29019 36251 22660 29332 35784 20555 29646 35339 18525 29981 34924 16198 30345 34617 14329 30858 34105 12253 31231 33691
          43212 25536 41808 41578 25872 41306 39879 26217 40830 37994 26586 40340 36165 26945 39872 34283 27324 39398 32257 27622 38912 30300 27928 38431 28286 28206 37947 26333 28562 37439 24436 28895 36899 22399 29207 36348 20281 29527 35822 18265 29887 35339 16246 30240 34861 14205 30698 34348 12194 31106 33865
          42905 25379 43183 41268 25696 42621 39544 26018 42073 37710 26404 41520 35894 26774 40983 34026 27169 40448 32041 27482 39888 30047 27793 39324 28004 28071 38759 26083 28438 38170 24187 28784 37557 22148 29101 36927 20056 29436 36323 18040 29807 3577]2 16026 30177 35226 13953 30729 34626 11937 31131 34075
          42598 25217 44563 40975 25518 43936 39242 25827 43322 37434 26221 42702 35632 26609 42098 33777 27020 41493 31812 27348 40863 29799 27665 40221 27751 27961 39587 25829 28327 38913 23937 28683 38221 21898 29009 37518 19820 29352 36839 17812 29743 36220 15807 30133 35605 13705 30737 34925 11688 31165 34301
          42297 25044 45948 40658 25332 45252 38956 25647 44577 37171 26050 43887 35376 26452 43214 33550 26875 42535 31599 27231 41839 29564 27552 41125 27527 27864 40420 25584 28227 39661 23690 28590 38887 21656 28933 38115 19580 29285 37368 17579 29695 36680 15583 30104 35996 13464 30723 35246 11455 31220 34542
          44302 30843 25141 42588 30890 25585 40818 30940 26053 39051 30998 26456 37243 31071 26887 35436 31140 27291 33499 31213 27652 31550 31277 28025 29555 31343 28384 27646 31414 28764 25740 31440 29214 23807 31523 29613 21791 31625 30010 19766 31720 30425 17748 31806 30839 15154 32192 31223 12942 32367 31637
          44096 30308 26445 42364 30428 26757 40583 30522 27107 38839 30627 27443 37052 30733 27803 35269 30833 28154 33357 30905 28453 31448 30997 28779 29498 31078 29084 27575 31168 29404 25614 31234 29804 23645 31362 30149 21547 31479 30536 19464 31584 30897 17429 31698 31256 15035 32098 31564 12881 32271 31913
          43922 29828 27632 42228 29973 27872 40471 30109 28134 38698 30236 28400 36894 30386 28674 35086 30534 28939 33198 30632 29185 31312 30744 29448 29415 30835 29694 27476 30949 29969 25508 31058 30292 23533 31209 30581 21422 31343 30927 19161 31472 31298 17119 31606 31599 14984 32002 31784 12865 32190 32058
          43753 29373 28817 42108 29529 29003 40367 29688 29199 38595 29868 29371 36796 30049 29561 34972 30242 29730 33116 30369 29911 31259 30488 30107 29384 30591 30303 27464 30716 30525 25423 30861 30800 23431 31036 31021 21297 31203 31316 19026 31361 31642 16908 31498 31889 14924 31898 31991 12833 32099 32213
          43629 28967 30116 41917 29151 30160 40149 29341 30249 38376 29551 30361 36574 29747 30475 34747 29960 30588 32927 30085 30732 31074 30234 30873 29213 30356 31027 27315 30526 31140 25319 30708 31309 23348 30894 31472 21169 31094 31706 18970 31266 31939 16785 31419 32166 14897 31821 32190 12792 32021 32371
          43426 28602 31347 41714 28808 31310 39928 29015 31304 38158 29234 31356 36342 29457 31397 34508 29688 31451 32728 29830 31547 30893 29996 31635 29048 30137 31732 27168 30320 31799 25145 30569 31863 23108 30775 31999 21038 30992 32133 18896 31180 32270 16746 31356 32426 14777 31769 32427 12763 31971 32533
          43196 28259 32568 41498 28478 32468 39734 28699 32393 37958 28931 32372 36152 29175 32349 34351 29423 32345 32571 29598 32376 30729 29767 32404 28927 29923 32450 27019 30121 32450 24964 30406 32462 22943 30650 32489 20828 30897 32559 18764 31105 32618 16644 31309 32683 14702 31679 32682 12705 31915 32719
          43006 27961 33816 41371 28206 33630 39661 28436 33476 37851 28694 33406 36063 28946 33310 34237 29206 33238 32422 29379 33213 30594 29574 33172 28756 29737 33146 26854 29974 33089 24849 30240 33015 22845 30506 32978 20757 30773 32966 18653 31010 32967 16562 31243 32961 14534 31583 32914 12482 31756 32878
          42806 27670 35070 41238 27926 34797 39555 28181 34568 37731 28454 34444 35937 28721 34283 34103 29001 34147 32248 29176 34064 30418 29393 33945 28572 29570 33851 26667 29820 33728 24694 30093 33587 22709 30372 33487 20668 30644 33396 18593 30905 33333 16467 31147 33259 14382 31425 33149 12417 31650 33042
          42568 27409 36227 41038 27680 35908 39452 27948 35655 37595 28238 35469 35822 28516 35264 33950 28813 35072 32076 28999 34913 30234 29229 34731 28361 29425 34566 26486 29677 34377 24541 29960 34173 22586 30251 34001 20547 30543 33857 18338 30804 33732 16348 31047 33562 14281 31340 33297 12115 31589 33122
          42301 27168 37346 40867 27447 37025 39333 27731 36744 37490 28031 36510 35711 28329 36253 33803 28640 36006 31900 28846 35775 30045 29080 35530 28149 29287 35294 26315 29545 35037 24385 29842 34774 22476 30133 34526 20305 30357 34249 18126 30611 34045 16087 30860 33809 13972 31236 33498 11796 31494 33267
          42083 26954 38550 40709 27249 38209 39161 27520 37893 37318 27842 37580 35541 28149 37270 33630 28468 36967 31706 28698 36656 29836 28935 36350 27936 29151 36047 26026 29388 35702 24217 29683 35352 22276 29956 35006 20157 30245 34701 17980 30504 34435 15871 30758 34147 14133 31183 33733 11973 31479 33422
          41976 26781 39886 40452 27046 39487 38876 27326 39107 37021 27661 38725 35266 27970 38352 33391 28301 37983 31462 28524 37588 29590 28783 37212 27666 29010 36829 25749 29245 36405 23971 29556 35978 22044 29835 35538 20002 30094 35108 17683 30351 34826 15735 30642 34445 14023 31154 33947 12000 31491 33565
          41810 26611 41234 40233 26882 40775 38579 27136 40326 36756 27494 39874 34982 27801 39435 33178 28132 38996 31213 28377 38529 29341 28644 38080 27400 28880 37618 25478 29123 37118 23715 29443 36613 21774 29716 36090 19755 30004 35584 17812 30309 35127 15864 30587 34676 13936 31053 34183 11653 31430 33774
          41505 26458 42621 39922 26703 42077 38259 26958 41545 36465 27318 41028 34715 27631 40520 32907 27989 40020 30977 28240 39477 29089 28518 38954 27135 28761 38417 25207 29015 37839 23459 29345189 33758 30301 31741 33728 30389 30253 33731 30472 28748 33705 30570 27311 33629 30717 25815 33583 30833 24329 33510 30972 22783 33462 31103 21144 33411 31257 19480 33356 31420 17709 33301 31611 16067 33233 31774 14452 33159 31932 12882 33075 32081 11310 32993 32214
          35735 33338 31229 34365 33428 31181 32930 33507 31181 31478 33492 31236 29985 33506 31272 28465 33481 31329 27042 33442 31432 25578 33408 31505 24117 33372 31603 22585 33338 31681 20992 33304 31764 19361 33266 31859 17609 33235 32003 15940 33179 32104 14314 33121 32204 12751 33052 32295 11189 32977 32370
          35659 33080 32298 34254 33191 32185 32762 33239 32122 31301 33263 32128 29777 33292 32101 28240 33287 32122 26804 33263 32160 25352 33250 32191 23905 33231 32235 22395 33216 32262 20853 33197 32283 19263 33181 32312 17456 33187 32409 15773 33155 32460 14134 33128 32504 12518 33091 32544 10896 33044 32580
          35602 32852 33418 37593 36516 27763 27868 36267 26337 28185 36036 24769 28471 35766 23277 28739 35518 21710 28999 35258 20314 29307 34955 18971 29648 34641 17638 30025 34325 16211 30539 34121 14750 30879 33884 13263 31184 33651 11738 31564 33349 10194 31854 33118
          32861 26683 38587 31565 26815 38225 30182 27038 37896 28839 27351 37561 27455 27644 37258 26028 27985 36967 24507 28290 36634 22993 28563 36311 21439 28835 35987 20040 29163 35609 18695 29494 35216 17369 29886 34826 15967 30442 34563 14496 30790 34275 13018 31113 33984 11573 31567 33577 10018 31905 33292
          32568 26484 39865 31259 26589 39411 29869 26778 38987 28529 27116 38604 27145 27425 38242 25735 27802 37891 24241 28126 37504 22723 28404 37109 21170 28708 36722 19776 29041 36269 18430 29367 35803 17109 29775 35342 15747 30377 35005 14314 30748 34655 12868 31098 34304 11387 31532 33849  9884 31930 33477
          32279 26280 41127 30922 26382 40590 29558 26529 40084 28205 26878 39647 26838 27222 39228 254567 2169 38818 23980 27971 38375 22461 28258 37916 20906 28566 37456 19514 28930 36938 18177 29265 36405 16857 29677 35871 15587 30346 35424 14160 30732 35016 12721 31102 34608 11182 31593 34085  9743 31960 33689
          34730 32420 23527 33275 32407 23864 31815 32396 24261 30555 32392 24722 29180 32386 25167 27837 32384 25621 26375 32395 26042 24861 32402 26457 23317 32408 26863 21878 32419 27348 20462 32424 27852 18975 32450 28366 17063 32667 28903 15467 32728 29406 13822 32813 29940 12077 32930 30446 10505 32962 30961
          34218 31914 24464 32961 31943 24772 31629 31977 25121 30322 32043 25526 28970 32080 25921 27620 32114 26328 26166 32139 26706 24703 32169 27089 23180 32193 27461 21742 32216 27886 20255 32239 28377 18669 32359 28857 16955 32525 29369 15133 32659 29830 13515 32746 30277 11877 32807 30752 10312 32856 31212
          34023 31451 25405 32792 31504 25661 31517 31560 25967 30191 31647 26300 28851 31725 26638 27483 31824 26980 26031 31876 27312 24583 31928 27645 23105 31962 27980 21603 32000 28393 20113 32047 28824 18513 32202 29270 16811 32392 29714 15061 32515 30151 13389 32625 30569 11742 32681 30971 10192 32752 31377
          33963 31016 26394 32690 31089 26593 31396 31154 26840 30078 31289 27108 28727 31405 27378 27356 31546 27649 25927 31618 27932 24485 31680 28219 23020 31718 28514 21534 31770 28902 20022 31843 29275 18389 32030 29668 16649 32231 30092 14985 32379 30485 13327 32488 30843 11742 32567 31180 10209 32633 31519
          34096 30628 27529 32585 30719 27582 31203 30814 27741 29876 30953 27957 28511 31075 28168 27136 31218 28388 25754 31303 28658 24316 31399 28895 22871 31480 29159 21329 31612 29440 19878 31665 29755 18269 31876 30075 16551 32071 30455 14925 32239 30785 13306 32363 31100 11784 32495 31414 10245 32572 31699
          33833 30234 28545 32393 30350 28560 30975 30477 28641 29689 30623 28828 28306 30758 28976 26926 30907 29145 25585 31020 29383 24158 31134 29572 22741 31241 29796 21252 31372 30000 19666 31551 30243 18171 31702 30501 16441 31928 30821 14834 32114 31101 13255 32268 31369 11701 32414 31634 10151 32509 31874
          33454 29850 29537 32084 29996 29509 30776 30155 29605 29448 30311 29695 28089 30461 29796 26730 30625 29916 25407 30758 30109 23994 30886 30256 22608 31019 30439 21132 31173 30589 19615 31338 30737 18093 31514 30913 16337 31805 31206 14731 32004 31431 13179 32170 31645 11626 32337 31860  9991 32450 32053
          33328 29493 30587 32013 29686 30499 30605 29848 30513 29301 30020 30556 27941 30193 30604 26563 30366 30683 25205 30508 30834 23793 30659 30932 22388 30796 31072 20933 30970 31163 19490 31173 31252 17993 31383 31355 16255 31697 31613 14684 31909 31797 13151 32092 31958 11615 32280 32118 10070 32475 32282
          33182 29153 31649 31828 29350 31515 30446 29536 33792 30134 13110 33601 30585 12186 33428 30969 11216 33280 31330  9960 33219 31636  8827 33131 31959
          24675 34435 27973 23516 34539 28052 22429 34583 28213 21527 34487 28400 20530 34445 28577 19577 34362 28783 18686 34229 29050 17661 34181 29266 16668 34100 29520 15709 33995 29805 14741 33897 30107 13839 33713 30465 13024 33520 30872 12123 33362 31203 11148 33240 31531  9937 33184 31819  8837 33104 32098
          24446 34211 28878 23361 34278 28892 22305 34329 28987 21424 34223 29132 20428 34202 29264 19451 34140 29432 18533 34023 29666 17511 33990 29845 16499 33926 30065 15570 33834 30312 14695 33732 30565 13818 33609 30846 12928 33483 31218 12015 33350 31492 11088 33229 31789 10073 33147 32035  9040 33071 32274
          24232 34004 29793 23207 34033 29732 22187 34077 29777 21298 33991 29873 20313 33987 29962 19359 33913 30088 18381 33835 30279 17365 33818 30410 16344 33770 30584 15451 33688 30782 14593 33601 30989 13737 33503 31217 12820 33414 31529 11852 33337 31761 10893 33246 31980  9822 33191 32196  8832 33114 32421
          24012 33802 30567 23017 33830 30502 22049 33865 30541 21145 33798 30600 20182 33796 30669 19186 33785 30764 18220 33684 30888 17207 33674 30987 16189 33639 31110 15318 33559 31262 14453 33497 31414 13632 33407 31597 12733 33344 31857 11746 33299 32040 10727 33253 32195  9694 33208 32348  8715 33149 32512
          23757 33640 31274 22883 33639 31282 21916 33655 31310 21017 33607 31352 20060 33608 31388 19070 33609 31445 18056 33535 31516 17046 33539 31577 16022 33510 31649 15167 33450 31751 14315 33404 31856 13488 33346 31972 12576 33311 32173 11624 33283 32301 10612 33257 32398  9571 33238 32503  8563 33217 32597
          23502 33399 32080 22660 33386 32087 21754 33410 32104 20823 33394 32096 19887 33422 32113 18909 33447 32137 17879 33388 32138 16883 33413 32172 15838 33407 32198 15008 33355 32250 14189 33315 32290 13366 33282 32357 12429 33259 32469 11441 33274 32535 10449 33271 32586  9454 33215 32595  8444 33225 32650
          23207 33109 33038 22347 33098 32982 21493 33172 32944 20557 33162 32897 19631 33211 32868 18689 33265 32844 17666 33226 32792 16689 33283 32776 15694 33326 32755 14794 33288 32720 13942 33255 32689 13091 33229 32676 12138 33294 32745 11228 33307 32765 10262 33297 32762  9276 33290 32731  8275 33315 32741
          22912 32840 34013 22064 32844 33913 21213 32927 33827 20294 32948 33731 19376 33017 33643 18453 33098 33563 17472 33057 33459 16516 33133 33384 15546 33181 33313 14649 33163 33212 13778 33147 33094 12887 33150 33008 12146 33113 33011 11278 33122 32985 10302 33146 32927  9641 32895 32795  8710 32891 32751
          22690 32664 35074 21785 32643 34870 20935 32739 34722 20036 32768 34561 19127 32844 34422 18212 32933 34295 17238 32931 34142 16277 33007 34011 15294 33060 33885 14455 33035 33682 13568 33043 33531 12733 33035 33363 12048 33006 33321 11205 33023 33254 10593 32785 33103  9680 32788 33005  8740 32808 32908
          22457 32483 36125 21536 32504 35819 20660 32568 35622 19763 32598 35393 18869 32691 35208 17973 32803 35032 17014 32827 34833 16053 32906 34646 15045 32956 34458 14267 32958 34203 13391 32967 33982 12610 32941 33734 12010 32866 33654 11359 32792 33549 10566 32708 33356  9632 32746 33209  8700 32782 33066
          22207 32348 37167 21270 32336 36793 20344 32401 36470 19506 32468 36235 18616 32556 36001 17732 32657 35764 16782 32719 35521 15813 32790 35280 14806 32860 35034 14057 32836 34720 13263 32879 34439 12554 32835 34134 12125 32644 34005 11336 32676 33838 10414 32750 33652  9477 32813 33461  8536 32877 33275
          23464 37823 23392 22420 37710 23677 21401 37570 24009 20659 37253 24430 19766 37005 24831 18904 36714 25256 17990 36447 25730 17032 36197 26183 16055 35942 26654 15262 35646 27221 14411 35323 27830 13479 34951 28461 12838 34555 29163 12063 34226 29793 11082 33993 30332 10091 33760 30871  9103 33523 31418
          23272 37483 24089 22371 37362 24356 21460 37239 24679 20599 36988 25078 19684 36784 25450 18788 36524 25842 17862 36257 26289 16901 36035 26699 15915 35804 27131 15077 35531 27631 14244 35199 28247 13464 34814 28887 12767 34432 29533 11963 34133 30103 10987 33915 30600  9999 33697 31096  9012 33476 31601
          23127 37197 24797 22261 37068 25019 21397 36944 25293 20531 36708 25650 19628 36522 25988 18721 36292 26354 17786 36059 26769 16830 35853 27145 15865 35636 27553 14992 35358 28057 14146 35055 28604 13425 34677 29214 12697 34317 29812 11913 34032 30344 10951 33827 30798  9980 33618 31251  9011 33408 31711
          23035 36933 25540 22150 36795 25711 21211 36656 25927 20415 36450 26252 19528 36261 26553 18652 36048 26884 17725 35864 27257 16786 35665 27609 15818 35472 27980 14948 35186 28459 14077 34905 28963 13389 34543 29530 12702 34186 30090 11916 33921 30573 10965 33728 30985 10002 33535 31395  9061 33334 31813
          23110 36602 26328 22035 36498 26452 21090 36400 26638 20273 36180 26931 19388 36022 27192 18523 35822 27485 17629 35625 27843 16685 35453 28147 15730 35274 28489 14923 35007CountOfDev04 34765 29353 13342 34437 29858 12681 34098 30375 11707 33898 30794 10603 33745 31167  9564 33595 31532  8593 33425 31907
          22986 36243 27080 21924 36169 27175 20930 36128 27340 20155 35909 27601 19239 35784 27831 18386 35586 28091 17522 35406 28412 16578 35250 28689 15655 35084 28996 14801 34874 29354 14010 34616 29774 13281 34337 30192 12477 34063 30653 11678 33828 31045 10621 33679 31375  9602 33536 31696  8643 33378 32029
          22769 35899 27828 21741 35893 27924 20746 35870 28068 19974 35689 28299 19073 35568 28490 18223 35399 28709 17403 35212 28989 16471 35064 29221 15567 34915 29490 14717 34711 29799 13864 34528 30131 13094 34251 30509 12393 33997 30933 11561 33790 31274 10549 33649 31576  9588 33513 31874  8639 33369 32164
          22605 35686 28719 21637 35642 28741 20668 35639 28846 19897 35442 29007 19014 35344 29158 18143 35180 29330 17278 35022 29575 16346 34895 29769 15403 34756 30002 14608 34556 30275 13829 34378 30547 13096 34147 30866 12314 33949 31262 11454 33784 31537 10539 33633 31820  9595 33507 32072  8658 33380 32322
          22412 35480 29597 21498 35419 29547 20562 35409 29614 19782 35228 29724 18908 35143 29832 18035 35008 29959 17123 34854 30159 16206 34737 30306 15249 34613 30492 14500 34410 30726 13730 34257 30946 13058 34031 31221 12235 33882 31539 11357 33739 31780 10430 33617 31999  9579 33457 32252  8634 33352 32454
          22201 35316 30358 21336 35237 30306 20442 35214 30362 19660 35046 30430 18806 34957 30516 17920 34834 30606 16988 34707 30752 16056 34594 30862 15086 34481 31001 14373 34288 31187 13630 34148 31364 13006 33941 31588 12152 33831 31846 11270 33706 32031 10381 33582 32223  9444 33493 32371  8496 33410 32523
          21965 35157 31054 21197 35066 31061 20330 35013 31098 19563 34863 31155 18706 34783 31208 17805 34693 31269 16849 34575 31363 15917 34470 31432 14956 34368 31522 14214 34204 31648 13493 34069 31779 12828 33901 31933 11981 33811 32135 11093 33731 32258 10224 33623 32393  9291 33552 32496  8353 33483 32605
          21724 34956 31822 20998 34841 31830 20218 34797 31860 19391 34675 31871 18552 34615 31895 17663 34546 31935 16692 34458 31956 15753 34354 31998 14775 34269 32048 14053 34123 32119 13411 33981 32202 12730 33844 32294 11858 33770 32411 10981 33711 32494 10137 33539 32492  9204 33494 32557  8264 33453 32629
          21478 34661 32706 20715 34576 32665 19958 34572 32651 19128 34462 32613 18314 34438 32600 17448 34403 32594 16512 34295 32559 15619 34246 32557 14684 34191 32565 13938 34054 32567 13214 33928 32550 12500 33801 32572 11804 33685 32637 11007 33580 32660 10274 33346 32608  9461 33234 32616  8578 33169 32634
          21233 34426 33604 20472 34338 33528 19711 34360 33466 18889 34279 33391 18071 34268 33329 17228 34262 33273 16302 34164 33187 15428 34137 33137 14513 34114 33083 13817 33950 32998 13031 33859 32938 12308 33729 32875 11672 33611 32885 10871 33559 32873 10252 33300 32788  9425 332000 nan</Curve>
    </curveType>
  </Tags>
</IccProfile>
