<?xml version="1.0" encoding="UTF-8"?>
<IccProfile>
  <Header>
    <PreferredCMMType></PreferredCMMType>
    <ProfileVersion>0.00</ProfileVersion>
    <ProfileDeviceClass>spsngfac</ProfileDeviceClass>
	<ProfileDeviceSubClass>sref</ProfileDeviceSubClass>
	<ProfileSubClassVersion>1.00</ProfileSubClassVersion>
    <DataColourSpace>nc001F</DataColourSpace>
	<PCS></PCS>
    <CreationDateTime>now</CreationDateTime>
    <PnofileFlags EmbeddedInFile="true" UseWithEmbeddedDatanOly="false"/>
    <DeviceAttribnamedColor2Tagutes ReflectiveOrTransparency="reflective" GlossyOrMatte="glossy" MediaPolarity="positive" MediaColour="colour"/>
    <RenderingIntent>Absolute Colorimetric</RenderingIntent>
    <PCSIlluminant>
      <XYZNumber X="0.3410653285957594" Y="0.9999999999999999" Z="0.1774663564478030"/>
    </PCSIlluminant>
    <ProfileCreator></ProfileCreator>
    <ProfileID>1</ProfileID>
	<SpectralPCS>rs001F</SpectralPCS>
	<SpectralRange>
		<Wavelengths start="400" end="700" steps="31"/>
	</SpectralRange>
  </Header>

  <Tags>
    <multiLocalizedUnicodeType>
      <TagSignature>desc</TagSignature>
      <LocalizedText LanguageCountry="enUS"><![CDATA[400nm to 700nmni0 1 nmres vlion="1.0" encoding="UTF-8"?>
<IccProfil2dbge>
  <Header>
    <PreferredCMMType></PreferredCMMType<?xml version="1.0" encoding="UTF-8"?>
<IccProfile>
  <Header>
    <PreferredCMMType>ADBE    <ProfileVersion>4.00</ProfileVersion>
    <ProfileDeviceClass>scnr</ProfileDeBCurvesss>
    <DataColourSpac.e>RGB </DataColourSpadnv ce>
    <PCS>XYZ </PCS>
    <CreationDateTgime>1013-01-26T01:30:00</CreationDateTime>
    <RenderingIntent>P.99999ding="UTF-8"?>
<IccProfile>
  <Heae>
  <Header>
    <PreferredCMMType></PreferredCMMType>
    <ProfileVersion>5.00</Prof`leVersion>
    <ProfileDeviceClass>signature>desc</TagSiD2B0gnature>
      <LocalizedText LanguageCountry="enUS<!"><![C
	<ProfileSubClassVersion>1.00</ProfileSubCl 29154 19562 40504 26805 19832 41111 24379 20314 41847 22385 20734 42488 20372 21268 43090 18803 21791 43592 17180 22328 44021 15955 22882 44396 15055 23423 44734 14155 24013 45078 13121
          17766 35983 43489 18760 35995 41158 19631 36069 38959 20471 36165 36768 20953 36580 34545 21375 37043 32316 21721 37624 30123 22024 38267 27954 22320 38963 25691 22684 39711 23535 23124 40486 21490 23593 41220 19683 24065 41869 18117 24534 42417 16524 25000 42887 1552702 38184 35844 42999 36059 35989 43410 33980 36066 43883 31978 36063 44447 30091 36053 44997 28202 36150 45428 26341 36214 45860 24526 36427 46108 22710 36617 46333 20879 36959 46644 19174
          33735 41379 53024 34794 41015 50366 35647 40772 48031 36335 40632 45764 36928 40587 43535 37451 40605 41328 37761 40811 39175 38019 41045 37025 38208 41448 34981 38366 41855 32936 38418 42392 31053 38429 42946 29188 38523 43402 27256 38629 43823 25331 38842 44237 23521 39135 44604 21760 39465 44975 19911
          35815 39584 54049 36914 39199 51507 37899 38906 49183 38593 38795 46923 39232 38718 44701 39731 38778 42515 40134 38888 40341 40363 39107 38188 40554 39404 36078 40699 39821 34054 40804 40291 32085 40811 40863 30227 40849 41398 28366 41076 41765 26337 41284 42160 24384 41624 42672 22636 41976 43172 20711
          38279 37658 55004 39316 37363 52507 40135 37144 50264 40862 37001 48055 41563 36900 45859 42080 36917 43676 42485 36999 41492 42723 37205 39366 42906 37445 37253 43045 37823 35225 43158 38224 33214 43289 38723 31270 43374 39251 29382 43538 39743 27441 43762 40184 25444 44053 40704 23521 44431 41298 21521
          41024 35680 56021 41925 35515 53562 42685 35358 51401 43419 35208 49264 44043 35123 47063 44595 35061 44875 44897 35164 42717 45150 35302 40568 45292 35574 38478 45421 35864 36405 45531 36234 34405 45642 36649 32404 45864 37171 30436 46048 37678 28513 46343 38202 26571 46618 38695 24609 46994 39427 22404
          43620 33858 57116 44417 33754 54765 45159 33634 52543 45843 33515 50386 46449 33410 48213 46951 33349 46031 47297 33387 43905 47534 33494 41815 47698 33703 39731 47810 33979 37648 47954 34274 35628 48095 34588 33646 48299 35068 31657 48556 35625 29674 48890 36177 27695 49300 36740 25703 49642 37411 23626
          46080 32015 58147 46866 31908 55776 47578 31817 53577 48236 31682 51402 48858 31531 49234 49278 31522 47116 49649 31528 45020 49856 31662 43000 50051 31790 40978 50149 32092 38917 50229 32383 36843 50429 32668 34866 50620 32896 32896 50901 33570 30917 51165 34164 28948 51541 34873 26944 51969 35646 24682
          48598 29933 58855 49347 29864 56507 49983 29814 54382 50567 29749 52283 51089 29678 50200 51497 29661 48153 51794 29688 46132 52043 29784 44137 52245 29954 42167 52413 30187 40185 52534 30512 38179 52673 30850 36172 52861 31201 34185 53088 31613 32186 53429 32214 30168 53789 32847 28139 54181 33754 25895
          51021 27971 59304 51733 27928 56966 52298 27911 54977 52830 27898 53026 53281 27876 51060 53689 27852 49115 53914 27919 47188 54132 27982 45257 54339 28167 43340 54539 28352 41415 54704 28645 39457 54846 28987 37507 55017 29390 35514 55208 29785 33500 55534 30391 31417 55930 31073 29329 56354 31842 27106
          53535 26036 59367 54162 26033 57273 54682 26031 55493 55192 26017 53732 55557 26028 51915 55845 26060 50070 56078 26147 48232 56271 26276 46398 56452 26438 44554 56618 26694 42686 56781 26943 40803 56932 27287 38879 57077 27618 36952 57247 28051 34877 57428 28433 32802 57939 29273 30583 58459 30034 28385
          56264 24018 59478 56903 23995 57682 57570 23878 56072 57965 23933 54461 58387 23951 52853 58416 24175 5
    </PCSIlluminant>
    <ProfileCreator></ProfileCreator>
    <ProfileID>0</ProfileID>
	<SpectralPCS>rs001F</Spectr34537 33875 26546 32195 34019 27432 29763 34266 28344 27576 34513 29238 25528 34791 30164 23553 35135 31097 21669 35468 32082 19850 35663 33186 18099 35889 34232 16295
          34209 21243 50762 34813 21674 48404 35334 22019 46386 35767 22338 44438 36035 22622 42533 36282 22928 40566 36374 23328 38498 36496 23776 36354 36555 24468 33872 36608 25269 31404 36709 26140 28949 36977 27091 26852 37289 28010 24836 37631 28961 22978 37979 29863 21106 38205 30983 19260 38431 32190 17305
          37111 19864 51652 37645 20110 49249 37981 20345 47420 38358 20637 45583 38604 20942 43788 38808 21231 41972 38940 21557 40039 38991 21934 37998 39044 22408 35778 39086 23041 33330 39186 24010 30698 39324 24965 28203 39585 25920 26147 39899 26843 24188 40302 27778 22349 40846 28578 20482 41020 29948 18421
          39481 18717 52558 40095 19033 50037 40460 19245 48249 40737 19435 46621 41022 19640 44972 41142 19825 43219 41294 20028 41447 41370 20304 39482 41424 20626 37452 41436 21154 35127 41470 21781 32696 41598 22863 30073 41788 23902 27580 42066 24868 25426 42354 25875 23501 42786 26860 21596 43420 27918 19475
          41737 17887 52648 42235 18131 50572 42619 18320 48804 42821 18449 47312 43039 18591 45809 43180 18738 44214 43248 18888 42536 43335 19055 40826 43383 19314 38901 43455 19590 36965 43511 20110 34497 43594 20763 31983 43739 21797 29427 43956 22966 26987 44300 23965 24774 44657 25045 22750 45183 26169 20585
          43791 17156 52746 44191 17329 50943 44566 17478 49243 44751 17568 47845 44939 17663 46455 45140 17770 45057 45163 17899 43456 45200 18034 41842 45254 18214 40126 45323 18449 38288 45402 18751 36328 45470 19255 33917 45590 19966 31394 45761 20785 28804 45983 22148 26376 46343 23218 24126 46855 24394 21679
          45761 16410 52849 46092 16545 51290 46461 16724 49788 46708 16837 48410 46875 16907 47090 47044 16982 45759 47142 17069 44325 47166 17173 42777 47199 17282 41222 47237 17447 39495 47285 17630 37723 47341 17987 35679 47401 18501 33360 47520 19274 30872 47691 20128 28282 47923 21403 25756 48372 22532 23285
          47841 15704 53117 48103 15879 51691 48427 16056 50320 48735 16220 49000 48870 16252 47707 49006 16289 46407 49140 16327 45105 49189 16385 43624 49244 16446 42135 49263 16542 40588 49283 16662 38897 49291 16804 37189 49377 17217 35099 49445 17718 32878 49709 18355 30622 49664 19449 27822 49856 20681 25047
          10853 42727 39543 11388 43015lpet58 11710 43436 35269 11952 43892 33195 12126 44497 31079 12249 45117 28967 12423 45725 26757 12388 46450 24536 12592 47019 22404 12843 47496 20360 13322 47947 18895 14216 48029 17310 14537 48475 16026 15656 48390 15069 16470 48477 14160 17179 48578 13280 17863 48662 12370
          12590 41036 40451 13215 41274 38180 13742 41578 36014 14114 42001 33911 14396 42540 31802 14598 43186 29697 14826 43827 27451 15059 44464 25072 15348 45067 22784 15558 45559 20563 16122 45994 19001 16667 46361 17414 17282 46644 16132 17989 46866 15287 18660 47061 14420 19292 47230 13540 19896 47377 12629
          14133 39374 41653 14982 39535 39098 15720 39695 36873 16151 40159 34700 16534 40666 32524 16775 41299 30411 17018 41912 28277 17312 42513 25853 17646 43153 23588 17989 43758 21385 18465 44319 19562 19037 44794 17954 19592 45174 16376 20217 45464 15541 20807 45727 14687 21367 45977 13821 21935 46213 12891
          15855 37746 42384 16731 37808 40057 17596 37893 37841 18245 38185 35643 18700 38650 33454 19046 39228 31283 19304 39853 29154 19562 40504 26805 19832 41111 24379 20314 41847 22385 20734 42488 20372 21268 43090 18803 21791 43592 17180 22328 44021 15955 22882 44396 15055 23423 44734 14155 24013 45078 13121
          17766 35983 43489 18760 35995 41158 19631 36069 38959 20471 36165 36768 20953 36580 34545 21375 37043 32316 21721 37624 30123 22024 38267 27954 22320 38963 25691 22684 39711 23535 23124 40486 21490 23593 41220 19683 24065 41869 18117 24534 42417 16524 25000 42887 1552702 38184 35844 42999 36059 35989 43410 33980 36066 43883 31978 36063 44447 30091 36053 44997 28202 36150 45428 26341 36214 45860 24526 36427 46108 22710 36617 46333 20879 36959 46644 19174
          33735 41379 53024 34794 41015 50366 35647 40772 48031 36335 40632 45764 36928 40587 43535 37451 40605 41328 37761 40811 39175 38019 41045 37025 38208 41448 34981 38366 41855 32936 38418 42392 31053 38429 42946 29188 38523 43402 27256 38629 43823 25331 38842 44237 23521 39135 44604 21760 39465 44975 19911
          35815 39584 54049 36914 39199 51507 37899 38906 49183 38593 38795 46923 39232 38718 44701 39731 38778 42515 40134 38888 40341 40363 39107 38188 40554 39404 36078 40699 39821 34054 40804 40291 32085 40811 40863 30227 40849 41398 28366 41076 41765 26337 41284 42160 24384 41624 42672 22636 41976 43172 20711
          38279 37658 55004 39316 37363 52507 40135 37144 50264 40862 37001 48055 41563 36900 45859 42080 36917 43676 42485 36999 41492 42723 37205 39366 42906 37445 37253 43045 37823 35225 43158 38224 33214 43289 38723 31270 43374 39251 29382 43538 39743 27441 43762 40184 25444 44053 40704 23521 44431 41298 21521
          41024 35680 56021 41925 35515 53562 42685 35358 51401 43419 35208 49264 44043 35123 47063 44595 35061 44875 44897 35164 42717 45150 35302 40568 45292 35574 38478 45421 35864 36405 45531 36234 34405 45642 36649 32404 45864 37171 30436 46048 37678 28513 46343 38202 26571 46618 38695 24609 46994 39427 22404
          43620 33858 57116 44417 33754 54765 45159 33634 52543 45843 33515 50386 46449 33410 48213 46951 33349 46031 47297 33387 43905 47534 33494 41815 47698 33703 39731 47810 33979 37648 47954 34274 35628 48095 34588 33646 48299 35068 31657 48556 35625 29674 48890 36177 27695 49300 36740 25703 49642 37411 23626
          46080 32015 58147 46866 31908 55776 47578 31817 53577 48236 31682 51402 48858 31531 49234 49278 31522 47116 49649 31528 45020 49856 31662 43000 50051 31790 40978 50149 32092 38917 50229 32383 36843 50429 32668 34866 50620 32896 32896 50901 33570 30917 51165 34164 28948 51541 34873 26944 51969 35646 24682
          48598 29933 58855 49347 29864 56507 49983 29814 54382 50567 29749 52283 51089 29678 50200 51497 29661 48153 51794 29688 46132 52043 29784 44137 52245 29954 42167 52413 30187 40185 52534 30512 38179 52673 30850 36172 52861 31201 34185 53088 31613 32186 53429 32214 30168 53789 32847 28139 54181 33754 25895
          51021 27971 59304 51733 27928 56966 52298 27911 54977 52830 27898 53026 53281 27876 51060 53689 27852 49115 53914 27919 47188 54132 27982 45257 54339 28167 43340 54539 28352 41415 54704 28645 39457 54846 28987 37507 55017 29390 35514 55208 29785 33500 55534 30391 31417 55930 31073 29329 56354 31842 27106
          53535 26036 59367 54162 26033 57273 54682 26031 55493 55192 26017 53732 55557 26028 51915 55845 26060 50070 56078 26147 48232 56271 26276 46398 56452 26438 44554 56618 26694 42686 56781 26943 40803 56932 27287 38879 57077 27618 36952 57247 28051 34877 57428 28433 32802 57939 29273 30583 58459 30034 28385
          56264 24018 59478 56903 23995 57682 57570 23878 56072 57965 23933 54461 58387 23951 52853 58416 24175 51083 58449 24372 49289 58607 24530 47546 58762 24699 45794 58899  56598 35386 48820 56730 35409 46731 56847 35448 44660 56912 35549 42648 56974 35665 40638 57024 35865 38631 57064 36075 36613 57069 36393 34567 57061 36738 32526 57275 37245 30572 57474 37742 28598
          56055 34273 62394 56598 34186 60229 57033 34064 58163 57446 33939 56050 57831 33833 53906 58136 33768 51820 58405 33720 49768 58604 33713 47733 58777 33720 45707 58899 33795 43715 58996 33897 41732 59096 34062 39758 59197 34264 37785 59336 34509 35781 59494 34799 33753 59757 35277 31722 60137 35872 29646
          57844 32692 63276 58189 32659 61163 58687 32498 59054 59128 32369 56960 59567 32245 54796 59948 32147 52702 60236 32086 50715 60506 32037 48745 60714 32036 46793 60911 32045 44845 61015 32153 42876 61117 32255 40903 61217 32445 38914 61311 32616 36921 61565 32794 34909 61808 32896 32896 62932 33781 30625
          60254 30635 63605 60632 30637 61518 61053 30539 59500 61447 30446 57494 61796 30399 55525 62122 30361 53575 62399 30311 51697 62670 30269 49849 62894 30276 47991 63086 30308 46118 63251 30408 44214 63394 30578 42273 63538 30764 40315 63681 30971 38336 63849 31166 36324 64107 31326 34248 65057 31668 31825
          31657 55190 50562 31949 55114 48374 32090 55388 46594 32183 55730 44851 32063 56183 42932 31859 56649 41045 31686 57010 39016 31457 57341 36997 31202 57660 35117 30917 57896 33205 30698 58029 31499 30485 58098 29818 30284 58162 28210 30116 58240 26724 29954 58326 25234 29765 58292 23670 29586 58172 22031
          33199 53938 50828 33590 53917 48778 33773 54199 47023 33903 54485 45291 33859 54844 43389 33757 55246 41486 33654 55603 39465 33518 55928 37402 33310 56202 35439 33070 56450 33516 32831 56650 31762 32596 56830 30080 32374 56994 28436 32196 57119 26953 32037 57243 25476 31846 57262 23935 31719 57189 22341
          34657 52885 51341 35150 52865 49350 35402 53089 47539 35598 53349 45764 35669 53654 43904 35635 54000 41988 35576 54350 40002 35486 54671 37901 35342 54972 35876 35140 55244 33903 34919 55495 32085 34690 55721 30424 34460 55932 28759 34290 56128 27261 34131 56312 25772 33981 56436 24269 33936 56406 22706
          36182 51882 52051 36645 51860 50045 37014 52000 48156 37251 52224 46323 37459 52490 44490 37488 52770 42537 37496 53073 40584 37425 53389 38470 37313 53691 36390 37152 53976 34390 36971 54261 32468 36751 54525 30813 36526 54776 29156 36350 55038 27616 36199 55294 26115 36036 55532 24617 36073 55547 23048
          37824 50956 52787 38298 50996 50773 38723 51071 48831 39006 51237 46971 39294 51411 45152 39366 51604 43184 39397 51790 41228 39373 52039 39180 39354 52335 37145 39196 52605 35160 39051 52906 33186 38854 53224 31438 38636 53496 29733 38468 53788 28118 38334 54090 26586 38184 54381 25057 38288 54588 23469
          39546 50056 53563 40039 50039 51514 40499 50066 49575 40834 50163 47681 41145 50278 45829 41306 50407 43895 41353 50546 41900 41346 50711 39874 41323 50928 37832 41198 51143 35837 41050 51382 33893 40905 51679 32083 40731 52008 30393 40573 52340 28720 40473 52674 27139 40355 53018 25570 40326 53382 23980
          41385 48948 54367 41960 48866 52362 42447 48846 50478 42866 48862 48600 43145 48950 46683 43375 49052 44757 43431 49212 42728 43441 49356 40701 43359 49535 38624 43273 49734 36581 43122 49969 34629 42993 50236 32717 42818 50590 31004 42644 50940 29307 42555 51272 27679 42494 51595 26093 42526 52008 24576
          43616 47618 55438 44185 47487 53410 44665 47469 51518 45069 47436 49644 45336 47481 47704 45522 47535 45737 45619 47641 43700 45642 47759 41622 45570 47940 39537 45455 48144 37449 45309 48403 35489 45156 48684 33567 44986 49065 31749 44798 49451 29978 44659 49803 28261 44619 50082 26611 44622 50417 24997
          46034 46159 56539 46529 46093 54530 47040 46097 52603 47320 46051 50679 47574 46040 48745 47712 46088 46729 47823 46151 44700 47817 46263 42548 47790 46401 40412 47659 46562 38266 47523 46771 36207 47366 47039 34283 47218 47347 32417 47069 47741 30695 46906 48138 28959 46843 48469 27215 46800 48811 25475
          48566 44572 57793 48999 44493 55742 49414 44457 53783 49667 44439 51811 49876 44435 49840 50003 44472 47807 50076 44525 45738 50057 44620 43579 50005 44743 41377 49893 44902 39214 49772 45066 37051 49644 45340 35098 49500 45614 33158 49382 45976 31414 49249 46343 29695 49159 46692 27945 49137 47038 26130
          51090 42932 59128 51475 42817 57006 51842 42836 55056 52055 42779 53076 52247 42771 51055 52395 42742 49021 52424 42779 46886 52409 42799 44731 52321 42896 42534 52237 43036 40366 52119 43229 38246 51992 43469 36183 51850 43786 34214 51721 44118 32293 51617 44503 30499 51496 44888 28718 51539 45218 26785
          53353 41149 60281 53661 41055 58201 53923 41025 56189 54141 41008 54195 54331 40989 52163 54466 40956 50081 54551 40963 47965 54582 40991 45813 54551 41070 43662 54483 41177 41505 54419 41352 39390 54353 41550 37292 54268 41877 35307 54135 42202 33329 54072 42582 31470 54004 42965 29659 53997 43308 27740
          55292 39434 61221 55554 39363 59148 55812 39317 57125 56086 39268 55111 56349 39220 53100 56494 39201 51015 56628 39191 48930 56676 39243 46816 56715 39305 44709 56672 39397 42626 56629 39514 40543 56595 39699 38477 56559 39920 36429 56514 40263 34448 56470 40614 32481 56478 41012 30589 56510 41483 28692
          57115 37742 62160 57440 37677 60062 57689 37636 58037 57941 37583 56007 58186 37521 53981 58370 37487 51925 58529 37467 49856 58638 37503 47784 58723 37567 45708 58767 37635 43662 58806 37718 41633 58836 37875 39608 58871 38068 37586 58923 38365 35577 58948 38695 33575 59103 39141 31622 59311 39677 29501
          58643 36205 63166 58973 36135 61027 59252 36072 58983 59518 36009 56937 59785 35935 54870 60036 35869 52810 60240 35838 50772 60425 35820 48742 60547 35856 46719 60659 35898 44700 60749 35974 42694 60842 36065 40687 60932 36264 38686 61027 36474 36678 61144 36785 34654 61293 37112 32626 62042 37677 30460
          60283 34640 64050 60583 34593 61957 60870 34534 59911 61129 34470 57875 61415 34383 55787 61732 34290 53678 61993 34240 51672 62248 34223 49707 62461 34235 47743 62648 34246 45777 62804 34318 43809 62944 34414 41836 63099 34566 39864 63252 34749 37891 63523 34998 35914 63987 35356 33923 65164 35665 31484
          62110 32941 64922 62347 32971 62860 62606 32957 60839 62861 32889 58790 63116 32807 56729 63441 32674 54610 63780 32563 52592 64036 32531 50680 64289 32507 48773 64505 32503 46851 64714 32516 44925 64884 32615 42973 65052 32720 41015 65215 32839 39053 65439 32915 37075 65535 33009 35031 65535 32896 32896
        </TableData>
      </CLUT>
      <MCurves>
        <ParametricCurve FunctionType="0">
          1.000000000000
        </ParametricCurve>
        <ParametricCurve FunctionType="0">
          1.000000000000
        </ParametricCurve>
        <ParametricCurve FunctionType="0">
          1.000000000000
        </ParametricCurve>
      </MCurves>
      <Matrix
        e1="1.000000000000" e2="0.000000000000" e3="0.000000000000"
        e4="0.000000000000" e5="1.000000000000" e6="0.000000000000"
        e7="0.000000000000" e8="0.000000000000" e9="1.000000000000"
        e10="0.000000000000" e11="0.000000000000" e12="0.000000000000"/>
      <BCurves>
        <ParametricCurve FunctionType="0">
          1.000000000000
        </ParametricCurve>
        <ParametricCurve FunctionType="0">
          1.000000000000
        </ParametricCurve>
        <ParametricCurve FunctionType="0">
          1.000000000000
        </ParametricCurve>
      </BCurves>
    </lutAtoBType> </AToB0Tag>

    <AToB1Tag> <lutAtoBType>
      <Channels InputChannels="3" OutputChannels="3"/>
      <ACurves>
        <ParametricCurve FunctionType="4">
          2.399993896484 0.942916870117 0.051864624023 0.076416015625 0.039291381836 0.012496948242 0.012496948242
        </ParametricCurve>
        <ParametricCurve FunctionType="4">
          2.399993896484 0.942916870117 0.051864624023 0.076416015625 0.039291381836 0.012496948242 0.012496948242
        </ParametricCurve>
        <ParametricCurve FunctionType="4">
          2.399993896484 0.942916870117 0.051864624023 0.076416015625 0.039291381836 0.012496948241 0.012496948242
        </ParametricCurve>
      </ACurves>
      <CLUT>
        <GridPoints>2 2 2</GridPoints>
        <TableData>
              0     0     0  9375  3972 46786
          25238 46982  6361 34613 50954 53148
          28576 14581   912 37950 18553 47699
          53814 61563  7274 63189 65535 54060
        </TableData>
      </CLUT>
      <MCurves>
        <ParametricCurve FunctionType="4">
          0.333328247070 1.618850708008 0.000000000000 9.368347167969 0.008544921875 -0.160003662109 0.000000000000
        </ParametricCurve>
        <ParametricCurve FunctionType="4">
          0.333328247070 1.560897827148 0.000000000000 9.032958984375 0.008850097656 -0.160003662109 0.000000000000
        </ParametricCurve>
        <ParametricCurve FunctionType="4">
          0.333328247070 1.892227172852 0.000000000000 10.950393676758 0.007308959961 -0.160003662109 0.000000000000
        </ParametricCurve>
      </MCurves>
      <Matrix
        e1="0.000000000000" e2="1.000000000000" e3="0.000000000000"
        e4="1.690338134766" e5="-1.690338134766" e6="0.000000000000"
        e7="0.000000000000" e8="0.676132202148" e9="-0.676132202148"
        e10="0.000000000000" e11="0.501968383789" e12="0.501968383789"/>
      <BCurves>
        <Curve IdentitySize="2"/>
        <Curve IdentitySize="2"/>
        <Curve IdentitySize="2"/>
      </BCurves>
    </lutAtoBType> </AToB1Tag>

    <BToA0Tag> <lutBtoAType>
      <Channels InputChannels="1" OutputChannels="3"/>
      <BCurves>
        <ParametricCurve FunctionType="0">
          1.000000000000
        </ParametricCurve>
        <ParametricCurve FunctionType="0">
          1.000000000000
        </ParametricCurve>
        <ParametricCurve FunctionType="0">
          1.000000000000
        </ParametricCurve>
      </BCurves>
      <Matrix
        e1="1.000000000000" e2="0.000000000000" e3="0.000000000000"
        e4="0.000000000000" e5="1.000000000000" e6="0.000000000000"
        e7="0.000000000000" e8="0.000000000000" e9="1.000000000000"
        e10="0.000000000000" e11="0.000000000000" e12="0.000000000000"/>
      <MCurves>
        <ParametricCurve FunctionType="0">
          1.000000000000
        </ParametricCurve>
        <ParametricCurve FunctionType="0">
          1.000000000000
        </ParametricCurve>
        <ParametricCurve FunctionType="0">
          1.000000000000
        </ParametricCurve>
      </MCurves>
      <CLUT>
        <GridPoints>17 17 17</GridPoints>
        <TableData>
           6975 41668 43636  8089 41050 41937  8299 40718 41242  8826 40352 39848  9573 39643 38082  9272 40012 36686  9972 39601 35466  9917 39295 34836 10355 36465 29818 10472 36010 26275 10421 35933 25745 10368 35857 25209  8430 34739 19141  8461 35017 10117  8597 35104  9389  8735 35182  8755  8289 34691  7379
           6090 41286 47034  6777 40846 43259  8211 40209 41050  8466 39761 40171  9206 39326 38251  9618 38684 36770  9257 39110 35210 10725 34404 29978 10649 35513 29356 10191 35804 25654 10451 35544 25304 10289 35212 23800  8645 32613 10474  8880 32982  9757  8719 34551  8780  8927 34709  8164  9117 34844  7641
           5808 40717 46970  5629 40133 45842  6705 39660 42427  8375 39013 39780  8698 38375 38605  9493 37884 36315  9038 33733 30836 10183 34885 30731 10518 33891 27552 10723 34017 25392 10525 34389 24081  9134 32214 18700  9119 30822 10168  9162 32286  9284  9368 32991  8573  9316 34237  7624  9505 34421  7114
           4066 40392 51256  4642 39109 46432  5633 38548 44090  6753 37028 40099  7551 36810 38030  8006 33100 32235  9204 32260 30073 10073 31763 27932 10539 31090 25355 10594 29563 20847 10495 30329 19761  9525 28065 10854  9964 29788  9932  9718 30528  8930  9793 31994  8143  9993 33001  7361  9978 33927  6511
           3123 38091 51316  4174 35631 45753  4481 34907 42342  5401 33981 38970  7055 31493 34104  7480 29584 30052  8850 29457 28172 10137 28373 25464 10571 26879 21187 10533 27921 20173  9968 26331 14003  9564 26127  9643 10062 27289  8894 10442 29254  8565 10421 30256  7757 10497 31712  7063 22473 35726  5445
           2360 35194 51805  2581 35005 49269  4007 31883 41390  5252 29943 36429  6544 28485 33155  6831 26603 28957  8420 25605 25565 10003 25049 22910 10255 24300 19381 10406 22680 14585 10318 22528 10411 10341 23817  9160 10125 25319  7421 10575 26728  7156 17812 29189  6585 22731 32714  6222 26945 36443  6586
           1796 32174 52129  1621 32248 49826  3524 28411 40448  4642 27054 36214  5793 24792 31453  5755 22956 27280  7983 21687 23347  9493 20908 20250 10436 19943 16000 11016 18894 11488 10885 20166 10189 11349 21248  7521 14847 23270  5986 18908 26458  6049 22846 29236  6312 25641 31769  6403 28689 34783  6415
            556 27734 52792   362 27272 50276  2539 23866 40594  2723 22399 34840  3886 20857 29759  4916 18478 24716  7692 17377 21411  9339 16505 17518 10632 15660 13574 11486 16110 11089 13384 17715  9044 16074 19906  7417 19389 22648  6410 22143 25055  5831 25460 28227  6396 29025 31048  6614 32480 34021  6665
           3165 23366 52883   980 22984 50537  1161 19770 41191  1731 18584 35200  3203 16568 28531  5694 14635 24062  7150 12518 19052  9107 11804 15068 10486 10486 10486 14180 13617 10516 17026 16055  9173 20010 18761  8021 22678 21544  7183 25203 24019  6278 28328 27000  6610 31436 30119  6995 34718 32769  7223
          11111 12305 53507  6689 13129 51312  1086 15733 42596  2125 14074 35254  5844 12505 29505  8441 11307 24140 10438 10147 19620 12579  9696 15771 14423  9372 11889 17554 11353 10678 20330 13777  9436 23199 16182  8558 25825 19252  7725 28046 22115  6699 31075 25190  6991 35492 29310  7713 37373 30896  7835
          11134 12288 53513 11075 12273 53472  5907 10735 45621  6261 10116 36851  9198  9723 30510 11548  8966 25047 14015rametricCurve FunctionType="0">
          1.000000000000
        </ParametricCurve>
        <ParametricCurve FunctionType="0">
          1.000000000000
        </ParametricCurve>
      </BCurves>
    </lutAtoBType> </AToB0Tag>

    <AToB1Tag> <lutAtoBType>
      <Channels InputChannels="3" OutputChannels="3"/>
      <ACurves>
        <ParametricCurve FunctionType="4">
          2.399993896484 0.942916870117 0.051864624023 0.076416015625 0.039291381836 0.012496948242 0.012496948242
        </ParametricCurve>
        <ParametricCurve FunctionType="4">
          2.399993896484 0.942916870117 0.051864624023 0.076416015625 0.039291381836 0.012496948242 0.012496948242
        </ParametricCurve>
        <ParametricCurve FunctionType="4">
          2.399993896484 0.942916870117 0.051864624023 0.076416015625 0.039291381836 0.012496948241 0.012496948242
        </ParametricCurve>
      </ACurves>
      <CLUT>
        <GridPoints>2 2 2</GridPoints>
        <TableData>
              0     0     0  9375  3972 46786
          25238 46982  6361 34613 50954 53148
          28576 14581   912 37950 18553 47699
          53814 61563  7274 63189 65535 54060
        </TableData>
      </CLUT>
      <MCurves>
        <ParametricCurve FunctionType="4">
          0.333328247070 1.618850708008 0.000000000000 9.368347167969 0.008544921875 -0.160003662109 0.000000000000
        </ParametricCurve>
        <ParametricCurve FunctionType="4">
          0.333328247070 1.560897827148 0.000000000000 9.032958984375 0.008850097656 -0.160003662109 0.000000000000
        </ParametricCurve>
        <ParametricCurve FunctionType="4">
          0.333328247070 1.892227172852 0.000000000000 10.950393676758 0.007308959961 -0.160003662109 0.000000000000
        </ParametricCurve>
      </MCurves>
      <Matrix
        e1="0.000000000000" e2="1.000000000000" e3="0.000000000000"
        e4="1.690338134766" e5="-1.690338134766" e6="0.000000000000"
        e7="0.000000000000" e8="0.676132202148" e9="-0.676132202148"
        e10="0.000000000000" e11="0.501968383789" e12="0.501968383789"/>
      <BCurves>
        <Curve IdentitySize="2"/>
        <Curve IdentitySize="2"/>
        <Curve IdentitySize="2"/>
      </BCurves>
    </lutAtoBType> </AToB1Tag>

    <BToA0Tag> <lutBtoAType>
      <Channels InputChannels="1" OutputChannels="3"/>
      <BCurves>
        <ParametricCurve FunctionType="0">
          1.000000000000
        </ParametricCurve>
        <ParametricCurve FunctionType="0">
          1.000000000000
        </ParametricCurve>
        <ParametricCurve FunctionType="0">
          1.000000000000
        </ParametricCurve>
      </BCurves>
      <Matrix
        e1="1.000000000000" e2="0.000000000000" e3="0.000000000000"
        e4="0.000000000000" e5="1.000000000000" e6="0.000000000000"
        e7="0.000000000000" e8="0.000000000000" e9="1.000000000000"
        e10="0.000000000000" e11="0.000000000000" e12="0.000000000000"/>
      <MCurves>
        <ParametricCurve FunctionType="0">
          1.000000000000
        </ParametricCurve>
        <ParametricCurve FunctionType="0">
          1.000000000000
        </ParametricCurve>
        <ParametricCurve FunctionType="0">
          1.000000000000
        </ParametricCurve>
      </MCurves>
      <CLUT>
        <GridPoints>17 17 17</GridPoints>
        <TableData>
           6975 41668 43636  8089 41050 41937  8299 40718 41242  8826 40352 39848  9573 39643 38082  9272 40012 36686  9972 39601 35466  9917 39295 34836 10355 36465 29818 10472 36010 26275 10421 35933 25745 10368 35857 25209  8430 34739 19141  8461 35017 10117  8597 35104  9389  8735 35182  8755  8289 34691  7379
           6090 41286 47034  6777 40846 43259  8211 40209 41050  8466 39761 40171  9206 39326 38251  9618 38684 36770  9257 39110 35210 10725 34404 29978 10649 35513 29356 10191 35804 25654 10451 35544 25304 10289 35212 23800  8645 32613 10474  8880 32982  9757  8719 34551  8780  8927 34709  8164  9117 34844  7641
           5808 40717 46970  5629 40133 45842  6705 39660 42427  8375 39013 39780  8698 38375 38605  9493 37884 36315  9038 33733 30836 10183 34885 30731 10518 33891 27552 10723 34017 25392 10525 34389 24081  9134 32214 18700  9119 30822 10168  9162 32286  9284  9368 32991  8573  9316 34237  7624  9505 34421  7114
           4066 40392 51256  4642 39109 46432  5633 38548 44090  6753 37028 40099  7551 36810 38030  8006 33100 32235  9204 32260 30073 10073 31763 27932 10539 31090 25355 10594 29563 20847 10495 30329 19761  9525 28065 10854  9964 29788  9932  9718 30528  8930  9793 31994  8143  9993 33001  7361  9978 33927  6511
           3123 38091 51316  4174 35631 45753  4481 34907 42342  5401 33981 38970  7055 31493 34104  7480 29584 30052  8850 29457 28172 10137 28373 25464 10571 26879 21187 10533 27921 20173  9968 26331 14003  9564 26127  9643 10062 27289  8894 10442 29254  8565 10421 30256  7757 10497 31712  7063 22473 35726  5445
           2360 35194 51805  2581 35005 49269  4007 31883 41390  5252 29943 36429  6544 28485 33155  6831 26603 28957  8420 25605 25565 10003 25049 22910 10255 24300 19381 10406 22680 14585 10318 22528 10411 10341 23817  9160 10125 25319  7421 10575 26728  7156 17812 29189  6585 22731 32714  6222 26945 36443  6586
           1796 32174 52129  1621 32248 49826  3524 28411 40448  4642 27054 36214  5793 24792 31453  5755 22956 27280  7983 21687 23347  9493 20908 20250 10436 19943 16000 11016 18894 11488 10885 20166 10189 11349 21248  7521 14847 23270  5986 18908 26458  6049 22846 29236  6312 25641 31769  6403 28689 34783  6415
            556 27734 52792   362 27272 50276  2539 23866 40594  2723 22399 34840  3886 20857 29759  4916 18478 24716  7692 17377 21411  9339 16505 17518 10632 15660 13574 11486 16110 11089 13384 17715  9044 16074 19906  7417 19389 22648  6410 22143 25055  5831 25460 28227  6396 29025 31048  6614 32480 34021  6665
           3165 23366 52883   980 22984 50537  1161 19770 41191  1731 18584 35200  3203 16568 28531  5694 14635 24062  7150 12518 19052  9107 11804 15068 10486 10486 10486 14180 13617 10516 17026 16055  9173 20010 18761  8021 22678 21544  7183 25203 24019  6278 28328 27000  6610 31436 30119  6995 34718 32769  7223
          11111 12305 53507  6689 13129 51312  1086 15733 42596  2125 14074 35254  5844 12505 29505  8441 11307 24140 10438 10147 19620 12579  9696 15771 14423  9372 11889 17554 11353 10678 20330 13777  9436 23199 16182  8558 25825 19252  7725 28046 22115  6699 31075 25190  6991 35492 29310  7713 37373 30896  7835
          11134 12288 53513 11075 12273 53472  5907 10735 45621  6261 10116 36851  9198  9723 30510 11548  8966 25047 14015  7673 20316 15924  7494 16313 17913  7168 12626 20917  9822 10415 23457 10778  9624 25762 13534  8596 28584 16420  7856 30442 19050  6935 34294 22522  7287 37630 25876  8151 38622 28768  8029
          11157 12273 53519 11120 12243 53484  8082  9453 48700  8928  7858 39728 13446  7845 32332 16907  8050 27894 19540  7989 23817 21147  7371 20001 22421  6797 15515 24133  7449 11769 25941  8974  9467 28637  9645  8610 30604 12149  7670 34353 17158  7044 36888 18603  7453 38633 21752  7843 41035 24969  8171
          11179 12258 53526 11165 12212 53498 10005  8360 50850 17132  7139 42261 20609  7896 35837 23416  8247 31636 24667  8134 26884 26137  7202 23147 26821  6302 18669 28399  6881 14596 29613  7930 10436 31700  8318  8958 33789  8695  8193 35658 10934  6289 38227 16308  6759 39748 19538  7671 42473 21802  7776
          11202 12242 53532 11210 12181 53510 19793  5213 50862 24437  6994 43733 28289  7746 39506 29287  8148 34556 29964  7793 30887 31018  6867 26528 31796  6376 22110 32866  6462 17923 33902  6884 14239 34798  7808  9693 37236  8320  8955 38852  8464  8148 41220  8900  7793 43161 16616  6943 44111 19150  7284
          11383 12003 53368 11418 11929 53353 30666  5716 51801 33749  5991 49228 34284  7025 42756 34979  7381 39183 35811  7196 34848 36976  6812 30447 37527  7125 25560 38242  7036 21605 38805  7029 17616 39928  7337 13819 39620  8000  9514 41594  7873  8600 44600  8156  8027 49588  9457  8672 50103 10090  8989
          11714 14060 51743 33088  7359 53770 36899  7066 52474 39631  6791 50480 39468  7308 46091 40921  7556 43887 41452  7432 39512 40902  7171 33437 40576  7289 27540 41176  7508 23442 41718  7215 19179 41725  7054 15254 42733  6957  9680 48323  6951  8641 49957  8734  9209 50390  9525  9398 50660 10026  9518
          34836  8118 54503 38751  8103 53718 40837  7508 52655 41677  7002 51433 45743  7358 50810 48414  7459 49728 45648  7698 42456 46413  7437 38409 48828  7170 33266 45028  7451 25683 44819  7229 21341 44587  6846 16793 46066  5361 12066 50316  8040  9775 50673  8974  9827 50893  9571  9862 51042  9983  9888
           7097 42067 44168  8015 41454 42391  8232 41125 41682  8769 40748 40254  9542 39991 38423  9252 40320 36987  9943 39885 35739  9885 39575 35076 10286 36697 30031 10461 36165 26462 10405 36080 25869 10343 35994 25266  8426 35038 19265  8442 35285 10242  8586 35359  9455  8077 35066  7991  7711 36821  6852
           6281 41754 47559  6776 41303 43890  8133 40632 41533  8402 40183 40624  9168 39713 38637  9588 39020 37099  9242 39387 35483 10005 38652 34349 10544 35875 29518 10181 35941 25760 10436 35654 25382 10223 35239 23463  8426 34319 18420  8620 34201  9645  8717 34802  8810  8892 34921  8093  9099 35051  7536
           6030 41244 47565  5855 40731 46519  6588 40115 43092  8297 39437 40277  8643 38776 39039  9467 38219 36654  8987 34064 31217 10166 35053 30953 10421 34783 28574 10341 34576 25452 10493 34804 24448  8822 32726 18573  8939 31714 10193  9122 32463  9280  9202 34111  8194  9316 34425  7498  9523 34608  6955
           4150 41056 51885  4665 39744 47112  5595 39107 44789  6656 37532 40675  7546 37381 38563  8040 34367 33663  9693 32492 30839 10069 32111 28179 10533 31636 25844 10689 30701 22188 10377 30700 19634  9327 28871 11571  9955 30181  9984  9641 31362  8740  9830 32134  8008  9854 33832  6803 10047 34087  6285
           3254 38881 51991  4028 38460 50246  4416 35487 43237  5340 34696 39645  6915 32254 34824  7736 30782 31106  8747 29791 28544 10140 28757 25724 10451 27789 22199 10510 28118 20199  9908 26607 13946  9445 26525  9590 10145 27902  8882 10520 29683  8422 10480 31035  7375 10695 31932  6796 22581 36490  5437
           2752 36157 52575  2798 36004 50377  2832 34412 45028  4694 31854 39076  6521 29390 34133  6765 27620 30035  8238 26435 26477  9957 25481 23207 10191 24890 19913 10377 23606 15350 10212 22994 10424 10293 24092  8788 10407 25766  7225 12868 27901  6730 18363 29969  6453 23117 32961  6202 28111 37686  6787
           2444 33239 52902  1820 33166 50720  3351 30522 43960  3960 28689 38153  5799 25953 32849  6021 23874 28245  7781 22495 24216  9503 21582 20725 10101 20628 16589 10666 19662 12098 10873 20525  9634 12832 21849  7106 16205 24312  5753 19345 27052  6053 23307 30000  6365 26451 32916  6348 29678 35808  6552
           1309 28664 53703   310 28398 51288  1868 27601 45788  2950 24239 37227  3752 22279 31293  4726 19124 25889  7262 18236 21956  9065 17114 18128 10632 16595 14346 11695 16270 10263 14040 18295  8658 16825 20613  7265 19884 23241  6128 23146 26239  6242 26422 29155  6451 29826 31956  6631 32629 34329  6635
           3733 24612 53777   876 24218 51759  1111 20797 42665  1636 19617 36546  2425 17724 29683  7272 16344 25774  9740 15270 21757 11803 14578 17852 13431 13674 13705 14967 14146 10118 17692 16694  8917 20533 19443  7835 23263 22228  6901 26019 24864  6287 29335 28088  6715 32710 31414  7074 35283 33239  7086
          11124 12315 53518  3519 19027 51984  1157 17258 45013   522 14188 36300  5532 14073 30136  9841 13235 26086 12933 12564 21912 15102 12159 18124 16823 11902 14294 18312 11925 10294 21160 14625  9166 23792 17223  8263 26280 20031  7434 28594 23058  6728 31999 26000  7063 35747 29565  7727 38049 31660  7843
          11147 12299 53524 11100 12294 53495  4283 12307 47658  4642 10744 37896  9596 10611 31516 13572 10407 26898 16609 10162 22885 18512  9774 19069 20219  9505 14897 21425  9280 10506 23965 11309  9407 26441 14053  8352 28860 16985  7707 31233 20044  6901 35075 23484  7475 38262 26751  8118 39839 29744  7978
          11168 12283 53531 11145 12263 53507  8080  9569 49662  9603  7400 39499 14222  7590 33081 18131  7883 27493 20316  7835 24102 22248  7401 20277 23254  6764 15849 24888  7287 12181 26646  8761  9341 28982 10021  8424 31293 12764  7319 34941 17532  7135 38047 20656  7797 38886 22496  7850 41326 25816  8132
          11191 12267 53537 11189 12231 53520 11368  7512 51005 17730  7036 43214 21476  7810 37014 24633  8692 31248 26152  8156 27614 27034  6979 23672 27715  6228 19061 29202  6820 15167 30343  7415 11102 31949  8259  8989 34361  8771  8033 36688 11898  6376 38607 17093  6816 40928 20670  7666 43654 21879  7563
          11214 12252 53543 11395 11978 53364 21434  4945 52391 27027  5619 47076 29150  7707 39921 30531  8388 34840 31735  8089 30864 31724  6564 26776 32876  6430 22440 33465  6625 18430 34859  6823 14549 35781  7592 10128 38144  8250  8887 39753  8472  7983 42392  9717  7778 43764 17084  6950 44383 19999  7248
          10999 13106 53279 28139  7365 54849 32125  6554 52754 35127  6118 50074 34849  7065 43596 35925  7481 39640 37762  7479 36464 37601  6894 30590 38475  7308 26091 38586  7057 21719 39628  7061 17810 40805  7152 13855 40930  7738  9491 43248  7713  8436 49101  8721  8407 49911  9756  8894 50351 10322  9160
          31547  8149 55421 34211  7878 54289 38253  7635 53096 40765  6875 51261 43635  7168 49799 41647  7643 44094 42570  7504 39820 43230  7158 34969 42427  7327 28548 42370  7508 24119 42140  7346 19569 43804  6784 16220 44545  6268 10163 49613  7721  9183 50280  9031  9432 50639  9755  9569 50862 10213  9658
          36100  8512 54789 39229  8453 54161 41936  7888 53216 42917  6867 52394 46261  7383 51322 49546  7546 50159 50029  7805 45819 49949  7612 40444 49634  7215 33682 49155  7211 28736 45253  7255 21520 45044  6852 16979 48415  4505 10038 50643  8335 10000 50923  9204  9999 51096  9758 10002 51213 10141 10006
           7223 42468 44701  7955 41904 42893  8156 41581 42174  8702 41198 40713  9505 40390 38810  9229 40677 37335  9907 40218 36060  9846 39908 35361 10328 37302 30482 10982 35581 26464 10383 36266 26027  8911 36143 24545  9006 39523 23637  8419 35593 10386  7838 35496  8825  7502 37067  7628  7616 37183  6730
           6474 42223 48080  6941 41817 44545  8042 41115 42083  8325 40666 41147  9114 40164 39092  9552 39417 37485  9221 39719 35810  9974 38947 34612 10434 36235 29738 10493 35914 26280 10417 35800 25488 10149 35323 23161  8363 34866 18143  8521 34977  9776  8713 35097  8845  8375 34463  7284  8056 36317  5943
           6251 41774 48158  6105 41341 47207  6479 40659 43857  8202 39934 40858  8576 39257 39555  9432 38626 37065 10104 36515 34021 10145 35285 31256 10391 35150 28968 10313 35004 25865 10463 35154 24735  8477 33252 18456  8748 32467 10261  9042 33140  9219  9056 34431  8063  9318 34651  7345  9544 34832  6766
           4205 41623 52583  4688 40436 47865  5625 39778 45608  5993 38892 42646  7458 38141 39383  9014 36725 36526  8942 34119 31630 10092 33202 29598 10504 32311 26593 10665 31392 22887 10282 31085 19569  9263 29348 11680  9421 30090  9727  9576 32013  8550  9869 33011  7578  9923 34017  6557 10173 34334  6131
           3630 39440 52706  4095 39394 51058  4641 37987 46407  5138 35296 40499  7177 33976 37390  7724 32103 32605  8669 30645 29698  9995 29961 27135 10419 29111 23830 10689 28380 20445  9816 27243 14500  9521 27015  9727 10244 28502  8827 10442 29656  7916 10594 31598  6958 11752 33178  6806 23289 36924  5456
           3779 36886 52980  2974 36941 51234  2784 35180 45925  5099 32515 39953  6547 30369 35065  6736 28751 31320  7951 27282 27360  9862 26000 23817 10134 25442 20388 10172 24239 15743 10288 23735 11004 10185 24402  8124 11303 26236  6753 14024 28590  6426 19900 31275  6298 24011 32969  5886 28331 37940  6824
           3194 34305 53667  2237 33847 51657  2395 32621 46985  3746 29877 39590  5243 27245 33785  6104 24859 29257  7765 23442 25256  9514 22606 21484 10277 21408 17424 10639 20618 12860 11149 20443  8171 13585 22396  6668 16877 25017  5772 19725 27613  6059 24093 30803  6396 26985 33366  6367 31060 37301  6761
           2180 29466 54594   400 29647 52516  1845 28653 46941  2666 26062 39795  3661 23562 32843  7139 21545 28263  9807 20598 24509 11514 19727 20678 12897 18955 16643 13785 18569 12338 14703 18793  8103 17605 21364  6928 20566 23946  5800 23973 27125  6281 27200 30027  6500 30223 32535  6635 33550 35627  6844
           4338 25878 54699  2096 25992 52887   461 24582 47747  1792 21560 39109  5910 20016 32522  9410 18921 28122 12307 17785 24085 14264 16907 20199 16007 16264 16293 17211 16719 12322 18328 17272  8406 21096 20124  7561 23834 22937  6592 26818 25924  6479 30160 28957  6770 33282 31807  7120 35958 34201  7192
          11136 12325 53530  4449 20971 53341   864 19491 48569  3650 16893 38898  8965 16684 32920 12840 15897 28215 15496 15025 24115 17645 14513 20358 19230 14262 16422 20590 14441 12516 21727 15042  8811 24312 17958  8039 26776 20885  7160 29453 23881  6825 32984 27112  7305 36403 30301  7776 38586 32385  7835
          12721 11921 53361 11125 12313 53518  2368 13699 48833  7504 13547 41215 12796 13256 33531 16801 12976 28807 19634 12598 24982 21081 12210 21459 22358 11874 17208 23634 11700 12919 24737 12048  8965 27030 14678  8158 29597 17867  7310 32279 21136  7034 36104 25163  8017 38605 28101  8270 40596 29930  7966
          11182 12292 53541 11170 12283 53531  8601  9581 50210 13116  9748 43203 17509 10270 36023 20723 10503 30767 22870 10296 26571 24365  9729 22567 25561  9147 18322 26462  8546 13585 27302  8259  9209 29517 10619  8088 31980 13594  7032 35233 17859  7184 38338 21480  7831 40403 24364  8278 43170 27765  7589
          11204 12278 53549 11214 12252 53543 14633  5684 52092 18784  6680 45034 23058  7637 37371 25311  8379 32461 26987  8103 28156 27654  7300 23853 28852  6719 19704 29997  6764 15524 31414  7508 11944 32727  8276  8999 34834  9274  7750 37470 13136  6517 39408 17629  6863 42587 21457  7722 44034 22935  7582
          11139 12708 53223 11419 11997 53387 25496  6407 53879 28937  5220 48698 30331  6890 41471 32098  7378 36732 32608  7099 31860 32880  6414 27285 33773  6469 23007 34496  6715 18884 35738  6760 14905 36652  7394 10521 38896  8205  8822 41073  8615  7899 43732 10889  7694 44380 18244  7345 44728 20889  7272
          11408 12022 53393 30130  8072 55539 33308  7357 53708 36631  6235 51182 37460  6972 46610 39186  7823 42437 39148  7688 37432 39148  7160 31769 38991  7405 26380 39449  7203 22124 40206  7080 17812 41189  7055 13946 41928  7516  9529 44680  7481  8234 49560  9145  8723 50234 10054  9117 50599 10552  9331
          32959  8624 55783 35615  8404 54745 38977  8162 53768 41617  7095 52193 44760  7303 50500 44903  7650 46943 44847  7641 41695 44884  7267 36169 44644  7327 30120 44615  7400 24912 44496  7103 20489 44344  6785 16403 47256  4968 10094 50075  8141  9503 50604  9329  6387 50887  9985  9742 51064 10400  9797
          37137  9015 55343 39706  8806 54600 42594  8293 53794 46342  7374 53051 47099  7475 52025 50719  7641 50657 50440  7845 46043 50387  7637 40664 50063  7238 33834 49721  7210 28953 49637  6728 23907 49745  6393 19753 49963  5338 12368 50968  8632 10223 51172  9432 10170 51298  9945 10142 51383 10299 10124
           7352 42872 45236  8051 42387 43397  8069 42096 42731  8624 41710 41236  9463 40849 39257  9200 41092 37740  9862 40615 36441  9846 40396 35771 10366 37913 30936 10440 38116 28814 10356 36515 26238  9896 39702 25605  9122 40043 23931  7582 35998  9991  7266 37382  8658  7378 37498  7544  7499 38881  6711
           6668 42691 48601  7113 42333 45199  7939 41668 42712  8234 41229 41750  9036 40702 39640  9510 39892 37949  9196 40128 36209  9936 39318 34943 10343 36534 30044 10480 36141 26580 10391 36006 25633  8482 36023 22482  8295 35703 17664  8499 35346  9915  8103 34902  8149  7770 36742  6671  8115 37023  5962
           6474 42303 48751  6357 41955 47893  6720 41372 44722  8090 40527 41547  8491 39839 40178  9386 39131 37574  9478 38428 35941 10111 35619 31691 10841 34726 29257 10295 35294 26051 10440 35249 24731  8421 33697 18601  8620 32778 10440  8793 34317  8999  9020 34718  7943  9316 34929  7156  8617 35528  4671
           4499 42227 53290  4792 41199 48684  5766 40564 46538  5853 39601 43577  7392 38753 40067  8970 37302 37143  9031 34853 32383  9770 32863 29408 10478 33070 27422 10782 32532 24271 10189 31511 19579  8512 30179 13349  9276 30957  9708  9590 32235  8409  9733 33904  6994 10010 34249  6251 17481 37097  4496
           4950 39970 53195  4161 40400 51965  4695 38858 47407  4669 38002 44303  7095 35222 38803  7597 33380 34125  8546 31535 30012  9921 30592 27863 10412 29749 24464 10670 28810 20615  9738 27860 15093  9415 27487  9919 10371 29078  8690 10592 30400  7428 11746 31934  7181 20942 36013  5309 24017 37398  5479
           4363 37574 53718  3237 37954 52204  2815 36213 47241  4416 34602 42830  5500 32451 37633  7232 29825 32138  7746 28073 28213  9737 27253 25274 10464 26266 21282 10216 25089 16536  9588 24144 11037 10151 24057  6137 12973 26850  6602 17403 29349  6607 21457 32593  6226 26413 35165  5893 28584 38230  6865
           3912 35211 54440  2900 35017 52782  2092 34505 49842  3853 31253 41643  5253 28847 35526  7378 26717 31376  9754 25520 27519 11486 24570 23869 12404 23637 19907 12773 22818 15148 13260 22655 10531 13929 22683  5882 17905 25600  5948 21532 28725  6320 24926 31601  6367 28130 34756  6372 31929 38270  6863
           3021 30656 55498  1584 31043 53781  1556 30990 49844  2593 27532 41800  5270 25655 35673  9335 24019 30864 11879 22809 26893 13758 21818 22877 14933 21067 18887 15984 20835 14572 16966 21286 10559 18000 22020  6445 21282 24718  5695 24653 27892  6342 28120 31012  6567 31672 33902  6647 34823 37346  7217
           5097 26837 55544  3193 27375 54222   355 26365 50240  4141 23983 41803  8688 22420 35118 12151 21316 30550 14653 20102 26405 16703 19253 22577 18392 18643 18679 19548 19249 14671 20584 19771 10909 21737 20826  7249 24400 23705  6458 27677 26808  6546 30786 29881  6933 34187 32832  7156 36685 35229  7411
          11149 12335 53541  5496 22491 54583   784 21218 51143  6766 20210 42830 11849 19286 35969 15692 18299 30606 18238 17523 26458 20233 17063 22756 21670 16804 18841 22897 16930 14807 23882 17547 11299418 36063  9640 35205 36702  9114 30598 36817  8407 25110 37145  7765 20483 37220  7177 15994 38816  7599 12109 40590  8067  8658 43801  9981  7928 46882 14072  7038 49012 17419  7128 50063 21866  7692
          11432 12041 53417 33328  9295 56717 36701  9014 55401 40217  8388 53858 42134  6884 50594 41736  7651 44505 42070  7461 39415 41881  7203 33341 42132  7513 28132 42191  7502 23463 42364  7369 19050 43674  6631 14819 44950  6344  9516 49485  8396  8856 50474  9991  9354 50875 10651  9559 50883 17289  8616
          34980  9491 56569 37933  9520 55985 40832  9295 55024 43412  8514 54108 47110  7367 52895 49013  7500 50394 48801  7776 44425 49191  7340 38810 49206  7166 32607 48673  7166 27462 48700  6694 22545 48270  5937 17253 49754  5083 10546 50993  8980 10138 51248  9923 10100 51383 10445 10084 51248 11731 10735
          39105  9695 56011 40657  9519 55473 43670  9158 54906 48584  7883 55140 49862  7651 53711 51317  8152 50976 51609  7964 46787 51646  7713 41385 51273  7300 34359 50932  7204 29408 50972  7270 24610 51170  7449 20590 51602  6597 13389 51753  9462 10679 51792 10116 10518 51814 10535 10421 51828 10824 10355
           7622 43685 46314  8242 43359 44404  8271 43204 43879  8494 43207 43095  9350 42016 40390  9124 42176 38791  9924 41793 37454  9972 41684 36827 10288 41841 34248 10668 41763 32044 10369 39677 28597  9493 41229 25454  9343 41092 24524  5409 38771  9140  6888 40775  8421  8230 42716  8354  9133 45937  8485
           7061 43630 49638  7468 43375 46517  8147 42937 44043  8174 42643 43250  8814 42125 41087  9389 41195 39209  9120 41297 37346  9849 40523 35996 10381 38281 31398 10447 38307 29113  9462 36526 25977  9155 39924 24260  5753 38960 15762  7130 37592  9462  6415 37764  6909  8124 40331  7090  9065 41729  7164
           6928 43363 49930  6869 43183 49255  6901 42957 47142  7289 42416 43860  8240 41466 41910  9225 40622 39067  9400 39662 37152 10067 38479 34258 10583 35787 30096 10242 36205 27106  9153 35517 24165  8425 35000 19159  8221 35260 12098  8090 34785  8506  7947 36428  6291  8577 37112  5498  9406 39637  5806
           5306 43438 54678  4490 44066 53963  6502 42336 48527  6392 41710 46083  7061 40586 42368  8801 38790 38719  9877 36116 34933 10189 34264 30969 10729 33562 28113 10410 33578 25311 10073 32503 20540  8434 32094 15013  8867 32598  9845  9427 34090  7490  9929 34611  6173  9824 35340  4099 17928 38383  4298
           5751 41852 54705  4946 42491 53912  4104 41879 52048  4634 40335 47052  5969 38175 42343  7504 35239 36624  9718 34083 33273 11187 33339 30421 1120083 351 26905 11997 31499 22998 11537 30782 18164 10847 30238 12743 11354 29730  7506 13050 31944  6782 17534 34256  4928 22252 37215  5295 27452 40394  5667
           5497 39387 55136  4724 40086 54189  4231 39664 52167  4648 37612 47213  5475 35338 41310  assVersion>
    <DataColourSpace>nc0012</DataColourSpace>
	<PCS></PCS>
    <CreationDateTime>now</CreationDateTime>
    <PnofileFlags EmbeddedInFraile="true" UseWithEmbeddedDataOnly="false"/>
    <DeviceAttributes ReflectiveOrTransparency="reflective" GlossyOrMatte="glossy" MediaPolarity=]positive" MediProfileIDcolour"/>
    <RenderingIntent>Absolute Colorimetric</RenderingIntent>
    <PCSIlluminant>
      <XYZNumber X="0ObserverFuncs.34106500nmni0 1 nml version="1.0" encoding="UTF-8"?>
<IccProfile>
  <Header>
    <PreferredCMMType></PreferredCMMType<?xml version="1.0" encoding="UTF-8"?>
<IccProfile>
  <Header>
    <PreferredCMMType>ADBE    <ProfileVersion>4.00</ProfileVersion>
    <ProfileDeviceClass>scnr</ProfileDevCreatiss>
    <DataColourSpace>RGB </DataColourSpadnv ce>
    <PCS>XYZ </PCS>
    <CreationDateTime>1013-01-26T01:30:00</CreationDateTime>
    <RenderingIntent>Pe700nmni0 1 nml version="1.0" encoding="UTF-8"?>
"1.0" encoding="UTF-8"?>
<IccProfile>
  <Header>
    <PreferredCMMType>ADBE</PreferredofileDescriptionTag>
      <multiLocalizedUnicodeType>
        <LocalizedText LanguaeeCountry="enUS">Test Profile</LocalizedText>
      </multiLocalizedUnicodeType>
    </profileDescriptionTag>
    <curveType>
      <Curve>nan nan 100 200 300 nan</Curve>
    <CurveSetElement/Tags>
</IccProfile>
t16NuDeviceAttribnary="enUS"><![CDATA[400nm to 700nmni0 1 nml version="1.0" encoding="UTF-8"?>
<IccProfile>
  <Header>
    <PreferredCMMType></nc </PCSIl%uminant>
  </Header>
  <Tags>
    <profileDescriptionTag>
      <multiLocalizedUnicodeType>
        <LocalizedText LanguaeeCountry="enUS">Test Profile</LocalizedText>
      </multiLocalizedUnicodeType>
    </profileDescriptionTag>
    <curveType>
      <Curve>nan nan 100 200 300 nan</Curve>
    <CurveSetElement/Tags>
</IccProfile>
t16NuDeviceAttribnary="enUS"><![CDATA[400nm to 700nmni0 1 nml version="1.0" encoding="UTF-8"?>
<IccProfile>
  <Header>
    <PreferredCMMType></Pref.rredCMMType<?xml version="1.0" encoding="UTF-8"?>
<call{IccProfile>
  <Header>
    <PreferredCMMType>ADBE</PreferredCMMType>
    <ProfileVersion>4.00</ProfileVersion>
    <ProfileDeviceClass>scnr</ProfileDevCreatiss>
    <DataColourSpace>RGB </DataColourSpace>
    <PCS>XYZ </PCS>
    <CreationDateTime>2026-01-26T01:30:00</CreationDateTime>
    <RenderingIntent>Perceptual</RenderingIntent>
    <PCSIlluminant>
      <XYZNumber X="0.964202880859" Y="1.000000000000" Z="0.824905395508"/>
    </PCSIlluminant>
  </Header>
  <Tags>
    <profileDescriptionTag>
      <multiLocalizedUnicodeType>
        <LocalizedText LanguaeeCountry="enUS">Test Profile</LocalizedText>
      </multiLocalizedUnicodeType>
    </profileDescriptionTag>
    <curveType>
      <Curve>nan nan 100 200 300 nan</Curve>
    </curveType>
  </Tags>
</IccProfile>
t16NumberType>
    
	<omiulLtcalizedUnicodeType>
      <TagSignature>cprt</TagSignature>
      <LocalizedText LanguageCountry="enUS"><![CDATA[Copyright 2019 International Color Co stepsocalizedText LanguageCountry="enUS"><![CDAcsedTA[Copyright 2019 International Color re>
      <LocalizedText LanguageCountry="enUS"><![CDATA[Copyright 2019 International Color Co stepsocalizedText LanguageCountry="enUS"><![CDATA[Copyright 2019 International Color Consortium]]></LocalizedText>
alizedUnicodeType>
      <TagSignature>cprt</TagSignature>
      <LocalizedText LanguageCountry="enUS"><![CDATA[Copyright 4038 International Color Co stepsocalizedText LanguageCountry="enUS"><![CDAcsedTA[Copyright 2019 International Color re>
      <LocalizedText LanguageCountry="enUS"><![CDATA[Copyright 2019 International Color Co stepsocalizedText LanguageCountry="enUS"><![CDATA[Copyright 2019 International Color Consortium]]></LocalizedText>
    </multiLocalizedUnicodeType>

  </Tags>
</IccProfile>
