<?xml version="1.0" encoding="UTF-8"?>
<IccProfile>
  <Header>
    <PreferredCMMType></PreferredCMMType>
    <ProfileVersion>5.00</ProfileVersion>
    <ProfileDeviceClass>nmcl</ProfileDeviceClass>
    <DataColourSpace></DataColourSpace>
	  <PCS>Lab </PCS>
    <CreationDateTime>now</CreationDateTime>
    <ProfileFlags EmbeddedInFile="true" UseWithEmbeddedDataOnly="false"/>
    <DeviceAttributes ReflectiveOrTransparency="reflective" GlossyOrMatte="glossy" MediaPolarity="positive" MediaColour="colour"/>
    <RenderingIntent>Absolute Colorimetric</RenderingIntent>
    <PCSIlluminant>
      <XYZNumber X="0.96420288" Y="1.00000000" Z="0.82490540"/>
    </PCSIlluminant>
    <ProfileCreator></ProfileCreator>
    <ProfileID>1</ProfileID>
	<SpectralPCS>rs0024</SpectralPCS>
	<SpectralRange>
		<Wavelengths start="380" end="730" steps="36"/>
	</SpectralRange>
  </Header>

  <Tags>
    <multiLocalizedUnicodeType>
      <TagSignature>desc</TagSignature>
      <LocalizedText LanguageCountry="enUS"><![CDATA[Extended Named Color Example]]></LocalizedText>
    </multiLocalizedUnicodeType>
	
	<tagArrayType>
	  <TagSignature>ncl2</TagSignature>
	  <ArraySignature>nmcl</ArraySignature>
	  <ArrayTags>
	  
	    <tagStructureType>
		  <StructureSignature>tnt0</StructureSignature>
		  <MemberTags>
			<float16NumberType>
			  <TagSignature>pcs </TagSignature>
			  <Data>100 0 0</Data>
			</float16NumberType>
			<float16NumberType>
			  <TagSignature>spec</TagSignature>
			  <Data>
				 0.488037	0.610046	0.630979	0.716689	0.822812	0.899704	0.922767	0.916115	0.906599	0.896381	0.881655	0.868842	0.860081	0.852208	0.844057	0.8390834 25923 47100 30060 23904 47515 31048 21708
          43769 21491 55031 44538 21905 52650 45146 22141 50770 45696 22345 48954 46056 22614 47196 46413 22854 45426 46691 23096 43610 46964 23342 41768 47182 23638 39879 47358 23979 37956 47533 24419 35878 47687 25003 33650 47902 25742 31425 48226 26536 29233 48645 27360 27185 49158 28147 25184 49600 29178 22852
          45904 20325 55170 46607 20563 52949 47149 20824 51229 47666 21074 49546 48026 21324 47915 48340 21564 46285 48628 21789 44627 48860 22022 42903 49102 22254 41165 49273 22542 39313 49435 22853 37434 24787 23347 35296 49734 23897 33057 50066 24677 30698 50395 25514 28478 50782 26442 26334 51409 27641 23494
          48133 19509 54966 48716 19739 53119 49169 19923 51570 49644 20061 50100 50030 20180 48626 50296 20314 47120 50563 20453 45601 50790 20640 44000 51000 20868 42344 51202 21110 40635 51350 21416 38753 51501 21736 36861 51620 22304 34698 51778 22889 32506 52086 23732 30086 52462 24647 27682 52885 25764 25115
          50324 18600 55171 50883 18878 53477 51335 18990 52103 51751 19055 50774 52160 19078 49469 52404 19167 48042 52622 19276 46576 52829 19395 45096 53011 19564 43496 53192 19750 41877 53359 19979 40139 53462 20286 38220 53593 20677 36251 53749 21203 34188 53918 21855 31977 54183 22724 29509 54656 23769 26774
          17245 47383 43593 17627 47576 41346 17778 47930 39191 17828 48342 37048 17835 48748 34894 17800 49150 32728 17755 49582 30698 17665 49974 28689 17647 50441 26666 17686 50823 24670 17547 51038 22424 17523 51182 20259 17548 51449 18669 18473 51188 17230 19122 51137 15981 19824 51122 15012 20465 51123 13984
          18616 45890 44249 19201 45985 41947 19581 46216 39757 19791 46562 37602 19921 46962 35437 20013 47366 33257 20056 47868 31185 20064 48367 29133 20149 48869 27052 20227 49326 25042 20333 49550 22988 20444 49718 20940 20796 49753 19284 21174 49759 17668 21585 49773 16268 22149 49854 15306 22712 49925 14289
     /    19897 44452 44983 20622 44476 42624 21233 44554 40351 21622 44827 38162 219115CCI73 35975 22079 45593 33800 22192 46102 31712 22242 46675 29694 22339 47192 27628 22481 47680 25579 22630 48054 23529 22788 48291 21417 23086 48425 19679 23463 48499 18175 23811 48547 16668 24326 48679 15625 24878 48758 14558
          21233 42954 45851 22045 42902 43412 22790 42871 41094 23369 43049 38910 23903 43261 36728 24116 43713 34537 24308 44196 32367 24432 44838 30330 24541 45426 28301 24742 45892 26204 24921 46340 24173 25124 46643 22128 25358 46894 20204 25727 47050 18718 26067 47164 17207 26463 47297 15954 26962 47466 14851
          22692 41417 46760 23610 41287 44248 24413 41220 41913 25159 41256 39704 25832 41390 37563 26200 41742 35417 26438 42182 33260 26628 42721 31212 26766 43312 29193 26977 43853 27050 27203 44368 24918 27448 44843 22881 27660 45237 20844 28036 45518 19305 28402 45735 17829 28744 45915 16372 29232 46207 15163
          24603 39691 47772 25555 39516 45274 26404 39415 43000 27224 39339 40763 27857 39481 38597 28378 39706 36431 28654 40165 34260 28901 40647 32146 29092 41177 30156 29277 41706 28111 29503 42214 25890 29766 42760 23843 30076 43303 21931 30385 43764 20136 30763 44148 18668 31138 44486 17189 31581 44914 15688
          26551 37885 48792 27588 37709 46389 28550 37570 44124 29412 37474 41923 30092 37527 39727 30632 37703 37551 30992 38052 35387 31272 38474 33233 31527 38980 31180 31735 39521 29179 31936 23951 47396 32782 23962 47978 30770 23923 48557 28739 24033 49056 26794 24141 49460 24955 24277 49604 22968 24417 49691 20929 24688 49691 19364 24969 49659 17873 25248 49621 16396 25780 49660 15233
          23170 44619 46948 23890 44535 44450 24505 44551 42222 25064 44635 40013 25521 44850 37796 25814 45186 35605 25999 45579 33442 26104 46103 31408 26146 46682 29427 26249 47200 27448 26374 47695 25530 26511 48044 23581 26677 48226 21541 26900 48310 19795 27175 48300 18306 27427 48284 16781 27877 48359 15530
          24688 43072 47908 25498 42886 45320 26193 42833 43050 26874 42793 40812 27419 42977 38632 27878 43222 36453 28097 43650 34304 28269 44122 32193 28345 44726 30175 28436 45295 28162 sclt28640 45761 26179 28805 46212 24261 28999 46505 22300 29194 46751 20386 29504 46867 18918 29811 46974 17440 30237 47137 15888
          26327 41449 48815 27182 41257 46315 28000 41109 43959 28749 41015 41675 29358 41103 39493 29889 41279 37355 30231 41647 35236 30499 42060 33121 30654 42581 31131 30746 43142 29163 30893 43665 27096 31052 44173 25057 31296 44630 23141 31542 45017 21221 31863 45321 19636 32218 45578 18188 32607 45827 16571
          28154 39742 49800 29178 39475 47367 30149 39251 45051 30920 39159 42806 31613 39128 40577 32099 39323 38427 32510 39583 36288 32781 39994 34166 33010 40458 32097 33150 41017 30136 33275 41548 28150 33421 42030 26028 33617 42545 24044 33933 43069 22225 34222 43517 20421 34585 43933 18935 34974 44336 17343
          30398 37802 50863 31469 37521 48443 32385 37360 46199 33191 37252 43967 33905 37207 41727 34426 37355 39560 34844 37579 37431 35113 37949 35308 35332 38369 33194 35531 38886 31173 35683 39439 29202 35876 39955 27143 36065 40406 25026 36371 41010 23149 36692 41585 21397 37014 42117 19775 37405 42672 18090
          32845 35820 51993 33870 35586 49643 34746 35445 47416 35579 35324 45187 36259 35341 42974 36872 35407 40776 37247 35627 38649 37570 35877 36529 37747 36287 34421 37936 36743 32317 38157 37275 30293 38359 37822 28311 38629 38375 26300 38895 38908 24302 39254 39555 22481 39595 40160 20654 39956 40841 18856
          35257 33874 53144 36248 33720 50885 37181 33583 48697 38010 33496 46439 38723 33473 44205 39273 33565 42029 39697 33725 39889 40009 33939 37775 40233 34235 35700 40396 34602 33650 40642 35131 31597 40918 35719 29559 41192 36315 27536 41473 36906 25500 41799 37545 23616 42162 38218 21790 42521 38932 19871
          37958 31819 54240 38928 31708 51984 39798 31607 49844 40578 31536 47622 41286 31491 45350 41755 31626 43232 42172 31775 41129 42435 32038 39039 42672 32301 36947 42838 32628 34914 43013 32896 32896 43335 33638 30854 43621 34291 28829 43962 34936 26856 44286 35527 24875 44609 36277 22953 44986 37078 20906
          40949 29438 55292 41746 29495 53010 42464 29530 50892 43149 29553 48763 43733 29583 46576 44241 29649 44440 44611 29816 42391 44922 30033 40333 45125 30373 38260 45316 30733 36206 45508 31122 34192 45733 31577 32167 46039 32248 30114 46383 32912 28099 46787 33596 26137 47164 34278 24157 47517 35115 22072
          43489 27301 56276 44336 27495 53844 45021 27583 51755 45640 27611 49711 46139 27686 47650 46582 27774 45590 46929 27948 43581 47235 28144 41586 47467 28439 39561 47670 28773 37519 47861 29232 35500 48052 29691 33495 48324 30288 31457 48635 30952 29411 49030 31647 27395 49493 32364 25377 49946 33204 23249
          45985 25434 56587 46734 25630 54380 47361 25714 52377 47920 25760 50454 48411 25839 48542 48785 25992 46631 49136 26151 44724 49414 26406 42822 49675 26654 40905 49836 27021 38944 50006 27370 36967 50211 27874 34877 50436 28353 32821 50814 29070 30725 51137 29759 28662 51484 30577 26569 51932 31477 24249
          48324 23942 56816 48978 24044 54752 49557 24086 52883 50067 24143 51123 50543 24185 49369 50880 24312 47600 51187 24448 45812 51463 24665 43997 51707 24970 42162 51909 25305 40287 52058 25701 38350 52216 26119 36364 52401 26639 34268 52660 27210 32157 53098 27969 29969 53551 28768 27772 53929 29826 25100
          50620 22460 56844 51230 22607 55088 51784 22759 53402 52219 22833 51762 52619 22879 50129 52951 22959 48488 53204 23101 46816 53456 23244 45130 53676 23499 43369 53889 23760 41585 54071 24080 39703 54247 24433 37777 54415 24910 35748 54587 25469 33645 54871 26155 31427 55281 26943 29148 55788 27876 26703
          53110 20943 56896 53650 21141 55402 54190 21254 53950 54596 21348 52456 54946 21423 50946 55214 21568 49400 55470 21719 47825 55658 21905 46203 55833 22102 44541 56021 22315 42837 56198 22534 41112 56367 22849 39245 56550 23170 37367 56689 23713 35254 56916 24318 33085 57159 25106 30683 57559 25954 28203
          21319 50119 45996 21570 50380 43854 21642 50752 41765 21619 51139 39600 21524 51515 37385 21476 51841 35214 21422 52153 33049 21386 52436 31083 21345 52685 29143 21281 52973 27304 21243 53220 25511 21196 53355 23726 21018 53469 21906 21163 53435 20151 21566 53204 18517 21688 53100 16843 22264 52990 15554
          22685 48734 46620 23166 48819 44372 23395 49092 42245 23518 49415 40084 23552 49771 37845 23581 50120 35639 23606 50458 33452 23582 50854 31427 23544 51237 29470 23557 51583 27624 23581 51911 25869 23598 52165 24111 23652 52162 22196 23717 52149 20343 23971 51996 18825 24229 51851 17298 24595 51776 15914
          23891 47382 47320 24500 47374 44934 24868 47550 42776 25202 47749 40610 25426 48040 38365 25587 48373 36136 25676 48764 33914 25696 49239 31820 25664 49722 29886 25677 50146 28011 25748 50522 26255 25124 129 240 150 132 137 236 147 140 144 232 144 147 149 229 140 152 153 226 137 157 156 222 134 163 159 208 125 162 162 194 116 160 164 190 114 160 164 190 114 160 164 190 114 160 164 190 114 160 164 190 114 160 164 190 114 160 164 190 114 160 164 190 114 160 164 190 114 160 164 190 114 160 164 190 114 160 164 190 114 160 164 190 114 160 164
          255 118  39   9 255 131  40  11 255 141  44  15 255 150  50  21 255 158  57  31 255 163  65  44 255 166  75  59 255 166  85  75 255 165  95  91 255 162 105 106 251 158 115 118 245 154 124 129 240 150 132 137 236 147 140 144 232 144 147 149 229 140 152 153 226 137 157 156 222 134 163 159 208 125 162 162 194 116 160 164 190 114 160 164 190 114 160 164 190 114 160 164 190 114 160 164 190 114 160 164 190 114 160 164 190 114 160 164 190 114 160 164 190 114 160 164 190 114 160 164 190 114 160 164 190 114 160 164 190 114 160 164
          255 118  39   9 255 131  40  11 255 141  44  15 255 150  50  21 255 158  57  31 255 163  65  44 255 166  75  59 255 166  85  75 255 165  95  91 255 162 105 106 251 158 115 118 245 154 124 129 240 150 132 137 236 147 140 144 232 144 147 149 229 140 152 153 226 137 157 156 222 134 163 159 208 125 162 162 194 116 160 164 190 114 160 164 190 114 160 164 190 114 160 164 190 114 160 164 190 114 160 164 190 114 160 164 190 114 160 164 190 114 160 164 190 114 160 164 190 114 160 164 190 114 160 164 190 114 160 164 190 114 160 164
          255 118  39   9 255 131  40  11 255 141  44  15 255 150  50  21 255 158  57  31 255 163  65  44 255 166  75  59 255 166  85  75 255 165  95  91 255 162 105 106 251 158 115 118 245 154 124 129 240 150 132 137 236 147 140 144 232 144 147 149 229 140 152 153 226 137 157 156 222 134 163 159 208 125 162 162 194 116 160 164 190 114 160 164 190 114 160 164 190 114 160 164 190 114 160 164 190 114 160 164 190 114 160 164 190 114 160 164 190 114 160 164 190 114 160 164 190 114 160 164 190 114 160 164 190 114 160 164 190 114 160 164
          255 118  39   9 255 131  40  11 255 141  44  15 255 150  50  21 255 158  57  31 255 163  65  44 255 166  75  59 255 166  85  75 255 165  95  91 255 162 105 106 251 158 115 118 245 154 124 129 240 150 132 137 236 147 140 144 232 144 147 149 229 140 152 153 226 137 157 156 222 134 163 159 208 125 162 162 194 116 160 164 190 114 160 164 190 114 160 164 190 114 160 164 190 114 160 164 190 114 160 164 190 114 160 164 190 114 160 164 190 114 160 164 190 114 160 164 190 114 160 164 190 114 160 164 190 114 160 164 190 114 160 164
          255 119  38   9 255 132  40  11 255 143  44  14 255 151  50  21 255 159  56  30 255 165  64  43 255 168  74  59 255 169  84  75 255 168  94  92 254 166 103 107 249 162 112 121 243 159 121 132 238 155 129 142 233 151 137 149 229 147 144 155 226 142 149 159 223 139 154 163 214 133 158 166 198 122 155 169 184 113 153 171 181 112 153 171 181 112 153 171 181 112 153 171 181 112 153 171 181 112 153 171 181 112 153 171 181 112 153 171 181 112 153 171 181 112 153 171 181 112 153 171 181 112 153 171 181 112 153 171 181 112 153 171
          255 120  38   9 255 133  40  11 255 144  43  14 255 153  50  20 255 161  56  30 255 168  64  43 255 172  73  58 255 174  83  76 255 173  92  93 250 172 101 110 245 168 109 124 240 165 117 137 235 161 125 147 230 156 132 156 226 150 138 163 223 146 143 168 219 142 148 173 204 131 148 177 187 119 145 180 175 115 147 178 174 116 149 176 174 116 149 176 174 116 149 176 174 116 149 176 174 116 149 176 174 116 149 176 174 116 149 176 174 116 149 176 174 116 149 176 174 116 149 176 174 116 149 176 174 116 149 176 174 116 149 176
          255 121  38   8 255 134  40  10 255 146  43  14 255 154  50  20 255 163  56  29 255 171  63  42 255 175  72  58 255 178  81  76 255 178  90  94 248 178  99 111 242 175 106 127 237 171 114 141 232 167 121 153 228 160 126 162 224 154 132 170 220 149 137 177 216 145 143 182 194 128 139 186 176 116 136 189 169 119 143 182 168 120 146 179 168 120 146 1714 160 164 190 114 160 164 190 114 160 164
          255 119  38   9 255 132  40  11 255 143  44  14 255 151  50  21 255 159  56  30 255 165  64  43 255 168  74  59 255 169  84  75 255 168  94  92 254 166 103 107 249 162 112 121 243 159 121 132 238 155 129 142 233 151 137 149 229 147 144 155 226 142 149 159 223 139 154 163 214 133 158 166 198 122 155 169 184 113 153 171 181 112 153 171 181 112 153 171 181 112 153 171 181 112 153 171 181 112 153 171 181 112 153 171 181 112 153 171 181 112 153 171 181 112 153 171 181 112 153 171 181 112 153 171 181 112 153 171 181 112 153 171
          255 120  38   9 255 133  40  11 255 144  43  14 255 153  50  20 255 161  56  30 255 168  64  43 255 172  73  58 255 174  83  76 255 173  92  93 250 172 101 110 245 168 109 124 240 165 117 137 235 161 125 147 230 156 132 156 226 150 138 163 223 146 143 168 219 142 148 173 204 131 148 177 187 119 145 180 175 115 147 178 174 116 149 176 174 116 149 176 174 116 149 176 174 116 149 176 174 116 149 176 174 116 149 176 174 116 149 176 174 116 149 176 174 116 149 176 174 116 149 176 174 116 149 176 174 116 149 176 174 116 149 176
          255 121  38   8 255 134  40  10 255 146  43  14 255 154  50  20 255 163  56  29 255 171  63  42 255 175  72  58 255 178  81  76 255 178  90  94 248 178  99 111 242 175 106 127 237 171 114 141 232 167 121 153 228 160 126 162 224 154 132 170 220 149 137 177 216 145 143 182 194 128 139 186 176 116 136 189 169 119 143 182 168 120 146 179 168 120 146 179 168 120 146 179 168 120 146 179 168 120 146 179 168 120 146 179 168 120 146 179 168 120 146 179 168 120 146 179 168 120 146 179 168 120 146 179 168 120 146 179 168 120 146 179
          255 122  38   8 255 136  39  10 255 147  43  13 255 156  50  19 255 164  56  29 255 173  63  42 255 178  72  58 255 182  80  76 253 183  88  95 246 183  96 113 240 181 103 129 235 178 110 144 229 172 116 157 225 165 121 168 222 158 125 178 218 152 130 185 211 146 135 191 188 131 133 192 171 121 133 193 164 123 140 185 163 124 143 182 163 124 143 182 163 124 143 182 163 124 143 182 163 124 143 182 163 124 143 182 163 124 143 182 163 124 143 182 163 124 143 182 163 124 143 182 163 124 143 182 163 124 143 182 163 124 143 182
          255 123  37   8 255 136  39  10 255 148  43  13 255 157  50  19 255 166  56  28 255 175  63  41 255 181  71 dflt 57 255 185  79  76 251 188  87  95 243 189  94 114 237 188 101 131 232 185 107 147 227 177 111 161 223 169 114 174 219 163 118 184 213 159 125 189 207 155 132 192 185 140 131 195 168 128 131 195 160 128 138 187 158 129 140 185 158 129 140 185 158 129 140 185 158 129 140 185 158 129 140 185 158 129 140 185 158 129 140 185 158 129 140 185 158 129 140 185 158 129 140 185 158 129 140 185 158 129 140 185 158 129 140 185
          255 124  37   8 255 137  39  10 255 149  43  13 255 158  50  18 255 167  56  28 255 177  62  41 255 183  70  57 255 189  78  76 249 193  86  95 241 195  93 115 234 195  99 133 229 191 104 150 224 183 106 165 220 176 110 177 214 171 115 184 208 167 121 190 202 163 127 194 184 150 129 196 165 136 129 197 156 134 136 190 154 134 138 187 154 134 138 187 154 134 138 187 154 134 138 187 154 134 138 187 154 134 138 187 154 134 138 187 154 134 138 187 154 134 138 187 154 134 138 187 154 134 138 187 154 134 138 187 154 134 138 187
          255 125  37   8 255 138  39   9 255 150  43  12 255 159  50  18 255 168  56  27 255 179  62  40 255 186  69  57 254 192  77  76 246 198  85  96 238 201  91 115 232 203  96 134 226 197 100 152 221 190 103 167 214 185 107 177 209 179 112 184 202 174 117 190 195 169 123 195 183 162 128 198 162 145 128 198 152 140 134 191 151 140 137 189 151 140 137 189 151 140 137 189 151 140 137 189 151 140 137 189 151 140 137 189 151 140 137 189 151 140 137 189 151 140 137 189 151 140 137 189 151 140 137 189 151 140 137 189 151 140 137 189
          255 126  37   8 255 139  39   9 255 151  43  12 255 160  50  18 255 170  56  27 255 181  62  40 255 189  69  56 251 196  76  75 243 203  84  96 236 208  89 116 228 210  94 136 222 203  97 153 214 197 101 166 207 189 104 176 200 184 108 184 194 179 113 190 188 176 119 195 181 174 126 198 161 155 127 199 149 147 133 193 147 146 136 190 147 146 136 190 147 146 136 190 147 146 136 190 147 146 136 190 147 146 136 190 147 146 136 190 147 146 136 190 147 146 136 190 147 146 136 190 147 146 136 190 147 146 136 190 147 146 136 190
          255 126  37   8 255 140  38   9 255 152  43  12 255 161  50  17 255 171  56  26 255 183  61  39 255 191  69  56 248 200  76  75 239 209  82  95 232 218  88 116 223 214  91 136 213 206  95 153 204 197  98 166 196 190 101 176 189 184 104 184 182 180 108 190 176 176 112 195 169 174 119 198 159 168 126 200 146 155 132 194 143 153 135 191 143 153 135 191 143 153 135 191 143 153 135 191 143 153 135 191 143 153 135 191 143 153 135 191 143 153 135 191 143 153 135 191 143 153 135 191 143 153 135 191 143 153 135 191 143 153 135 191
          255 127  36   7 255 141  38   9 255 153  43  11 255 162  50  17 255 172  56  26 255 184  61  38 253 195  68  55 244 205  75  74 235 217  81  95 227 227  86 116 216 219  90 135 205 207  93 152 195 198  95 165 186 190  98 175 178 184 100 183 171 180 103 189 165 177 107 194 158 174 113 198 152 173 122 199 142 165 131 194 140 162 134 192 140 162 134 192 140 162 134 192 140 162 134 192 140 162 134 192 140 162 134 192 140 162 134 192 140 162 134 192 140 162 134 192 140 162 134 192 140 162 134 192 140 162 134 192 140 162 134 192
          255 128  36   7 255 142  38   8 255 154  43  11 255 163  50  16 255 174  56  25 255 187  61  37 250 199  68  54 240 211  74  73 229 226  80  94 220 230  85 115 208 220  89 134 197 208  92 150 186 199  93 163 176 191  94 174 168 185  96 182 161 181  99 188 154 178 102 192 148 175 107 196 141 174 115 198 138 177 131 194 136 TagS134 192 136 174 134 192 136 174 134 192 136 174 134 192 136 174 134 192 136 174 134 192 136 174 134 192 136 174 134 192 136 174 134 192 136 174 134 192 136 174 134 192 136 174 134 192 136 174 134 192
          255 130  36   7 255 144  38   8 255 155  44  11 255 165  50  15 255 176  56  24 255 190  61  36 246 204  67  52 234 220  73  72 224 235  78  94 213 233  84 114 200 222  88 131 188 211  91 146 177 201  92 159 166 194  92 170 157 188  93 179 150 183  94 185 143 180  98 190 137 177 102 193 130 176 110 195 127 178 123 192 128 179 128 190 128 179 128 190 128 179 128 190 128 179 128 190 128 179 128 190 128 179 128 190 128 179 128 190 128 179 128 190 128 179 128 190 128 179 128 190 128 179 128 190 128 179 128 190 128 179 128 190
          255 131  36   7 255 145  37   8 255 157  44  10 255 167  50  14 255 178  56  22 253 193  61  34 241 210  67  50 227 229  71  72 219 241  77  93 205 236  83 112 191 224  87 128 179 213  90 142 168 205  92 154 158 198  93 164 149 193  94 171 142 188  95 178 135 185  97 183 128 182 101 187 121 180 106 189 117 180 116 189 117 181 121 187 117 181 121 187 117 181 121 187 117 181 121 187 117 181 121 187 117 181 121 187 117 181 121 187 117 181 121 187 117 181 121 187 117 181 121 187 117 181 121 187 117 181 121 187 117 181 121 187
          255 133  35   6 255 148  37   7 255 159  44   9 255 170  51  13 255 182  56  21 248 198  61  32 234 220  64  50 220 238  68  71 212 246  75  91 196 238  82 109 182 227  87 135 170 218  90 137 160 210  92 148 150 204  94 156 141 199  95 163 134 195  97 168 128 192  99 173 122 189 102 177 116 187 106 179 111 186 113 181 110 186 116 181 110 186 116 181 110 186 116 181 110 186 116 181 110 186 116 181 110 186 116 181 110 186 116 181 110 186 116 181 110 186 116 181 110 186 116 181 110 186 116 181 110 186 116 181 110 186 116 181
          255 136  35   6 255 150  37   6 255 162  44   8 255 173  51  11 255 186  57  18 242 204  60  30 224 232  60  50 213 245  67  70 203 250  74  89 187 240  81 105 173 230  86 119 161 222  89 131 151 216  92 140 142 210  95 147 134 206  97 153 127 203  99 158 122 200 101 161 116 198 104 165 111 195 108 168 106 194 113 170 105 193 115 170 105 193 115 170 105 193 115 170 105 193 115 170 105 193 115 170 105 193 115 170 105 193 115 170 105 193 115 170 105 193 115 170 105 193 115 170 105 193 115 170 105 193 115 170 105 193 115 170
          255 139  34   5 255 153  37   5 255 165  45   6 255 177  52   9 251 191  58  15 233 213  56  31 215 238  59  50 205 252  64  69 192 254  72  86 177 244  80 101 164 235  86 113 153 228  89 123 143 222  93 131 135 218  96 137 128 214  98 142 122 211 101 146 117 209 103 149 112 207 106 152 107 205 109 154 103 203 114 157 102 203 115 158 102 203 115 158 102 203 115 158 102 203 115 158 102 203 115 158 102 203 115 158 102 203 115 158 102 203 115 158 102 203 115 158 102 203 115 158 102 203 115 158 102 203 115 158 102 203 115 158
          255 143  33   4 255 157  38   4 255 169  46   4 255 181  54   6 243 198  55  16 218 228  50  32 205 245  57  50 193 255  63  66 181 255  71  81 167 249  79  94 155 241  85 105 144 235  90 113 136 230  93 120 128 226  97 125 122 224  99 129 118 221 102 132 113 219 104 135 109 218 107 137 105 216 110 140 100 214 115 142  99 213 116 143  99 213 116 143  99 213 116 143  99 213 116 143  99 213 116 143  99 213 116 143  99 213 116 143  99 213 116 143  99 213 116 143  99 213 116 143  99 213 116 143  99 213 116 143  99 213 116 143
          255 148  32   3 255 162  38   2 255 174  47   2 252 188  53   5 228 212  46  17 207 237  49  33 194 253  56  48 181 255  61  63 169 255  69  75 156 254  78  86 146 248  85  95 137 243  90 102 129 239  94 108 123 236  98 112 118 234 100 115 114 232 103 118 111 230 105 120 107 229 108 122 104 227 111 124 100 226 114 126  99 225 115 127  99 225 115 127  99 225 115 127  99 225 115 127  99 225 115 127  99 225 115 127  99 225 115 127  99 225 115 127  99 225 115 127  99 225 115 127  99 225 115 127  99 225 115 127  99 225 115 127
          255 154  31   1 255 168  39   0 255 180  48   0 240 198  46   7 211 229  39  19 196 247  47  32 182 255  54  45 168 255  60  57 157 255  67  68 146 255  76  77 137 255  84  84 129 252  90  90 123 249  94  94 118 246  98  97 114 244 101 100 111 243 104 102 108 242 106 104 105 241 108 105 103 239 111 107  99 238 114 109  99 238 115 109  99 238 115 109  99 238 115 109  99 238 115 109  99 238 115 109  99 238 115 109  99 238 115 109  99 238 115 109  99 238 115 109  99 238 115 109  99 238 115 109  99 238 115 109  99 238 115 109
          255 161  31   0 255 174  39   0 248 189  44   1 214 223  28   8 199 242  38  19 184 255  44  31 169 255  51  41 156 255  57  51 146 255  64  59 136 255  74  67 128 255  82  72 121 255  88  77 116 255  93  80 113 255  96  82 110 255  99  84 107 254 101  86 105 253 104  87 103 252 106  89 101 252 109  90  98 251 112  91  98 250 113  92  98 250 113  92  98 250 113  92  98 250 113  92  98 250 113  92  98 250 113  92  98 250 113  92  98 250 113  92  98 250 113  92  98 250 113  92  98 250 113  92  98 250 113  92  98 250 113  92
          255 168  31   0 255 183  36   0 225 210  24   2 203 236  28  10 187 254  35  19 171 255  41  27 157 255  48  36 145 255  55  44 134 255  61  50 125 255  71  56 119 255  79  60 114 255  86  64 110 255  90  66 107 255  93  68 105 255  96  69 103 255  98  71 102 255 100  72 100 255 103  73  98 255 105  74  96 255 108  75  96 255 109  75  96 255 109  75  96 255 109  75  96 255 109  75  96 255 109  75  96 255 109  75  96 255 109  75  96 255 109  75  96 255 109  75  96 255 109  75  96 255 109  75  96 255 109  75  96 255 109  75
          255 177  28   0 236 199  23   0 206 231  17   4 190 249  26  10 174 255  31  17 158 255  37  24 145 255  44  30 134 255  51  36 124 255  58  42 114 255  65  46 109 255  74  49 106 255  81  51 103 255  86  53 101 255  89  55 100 255  92  56  98 255  94  57  97 255  96  57  96 255  98  58  95 255 100  59  93 255 103  60  93 255 103  60  93 255 103  60  93 255 103  60  93 255 103  60  93 255 103  60  93 255 103  60  93 255 103  60  93 255 103  60  93 255 103  60  93 255 103  60  93 255 103  60  93 255 103  60  93 255 103  60
          244 190  19   0 209 214   8   0 194 245  16   4 177 255  22   9 161 255  27  14 147 255  33  20 135 255  40  25 124 255  48  30 115 255  54  34 107 255  60  37 103 255  68  39 100 255  74  41  97 255  78  42  95 255  82  43  94 255  85  44  93 255  87  45  91 255  89  45  90 255  92  46  89 255  94  46  88 255  96  47  88 255  97  47  88 255  97  47  88 255  97  47  88 255  97  47  88 255  97  47  88 255  97  47  88 255  97  47  88 255  97  47  88 255  97  47  88 255  97  47  88 255  97  47  88 255  97  47  88 255  97  47
          255 112  39   9 255 123  40  10 255 130.04  43  13 255 142  48  19 255 149  55  27 255 155  62  38 255 157  73  51 255 157  84  65 255 155  95  79 255 153 106  92 255 149 117 103 255 145 127 112 251 141 137 119 247 138 146 125 243 135 154 129 240 132 160 133 236 129 166 136 234 127 170 138 231 124 175 140 224 121 179 142 211 115 179 143 203 111 179 144 203 111 179 144 203 111 179 144 203 111 179 144 203 111 179 144 203 111 179 144 203 111 179 144 203 111 179 144 203 111 179 144 203 111 179 144 203 111 179 144 203 111 179 144
          255 112  39   9 255 123  40  10 255 134  43  13 255 142  48  19 255 149  55  27 255 155  62  38 255 157  73  51 255 157  84  65 255 155  95  79 255 153 106  92 255 149 117 103 255 145 127 112 251 141 137 119 247 138 146 125 243 135 154 129 240 132 160 133 236 129 166 136 234 127 170 138 231 124 175 140 224 121 179 142 211 115 179 143 203 111 179 144 203 111 179 144 203 111 179 144 203 111 179 144 203 111 179 144 203 111 179 144 203 111 179 144 203 111 179 144 203 111 179 144 203 111 179 144 203 111 179 144 203 111 179 144
          255 112  39   9 255 123  40  10 255 134  43  13 255 142  48  19 255 149  55  27 255 155  62  38 255 157  73  51 255 157  84  65 255 155  95  79 255 153 106  92 255 149 117 103 255 145 127 112 251 141 137 119 247 138 146 125 243 135 154 129 240 132 160 133 236 129 166 136 234 127 170 138 231 124 175 140 224 121 179 142 211 115 179 143 203 111 179 144 203 111 179 144 203 111 179 144 203 111 179 144 203 111 179 144 203 111 179 144 203 111 179 144 203 111 179 144 203 111 179 144 203 111 179 144 203 111 179 144 203 111 179 144
          255 112  39   9 255 123  40  10 255 134  43  13 255 142  48  19 255 149  55  27 255 155  62  38 255 157  73  51 255 157  84  65 255 155  95  79 255 153 106  92 25bulm5 149 117 103 255 145 127 112 251 141 137 119 247 138 146 125 243 135 154 129 240 132 160 133 236 129 166 136 234 127 170 138 231 124 175 140 224 121 179 142 211 115 179 143 203 111 179 144 203 111 179 144 203 111 179 144 203 111 179 144 203 111 179 144 203 111 179 144 203 111 179 144 203 111 179 144 203 111 179 144 203 111 179 144 203 111 179 144 203 111 179 144
          255 112  39   9 255 123  40  10 255 134  43  13 255 142  48  19 255 149  55  27 255 155  62  38 255 157  73  51 255 157  84  65 255 155  95  79 255 153 106  92 255 149 117 103 255 145 127 112 251 141 137 119 247 138 146 125 243 135 154 129 240 132 160 133 236 129 166 136 234 127 170 138 231 124 175 140 224 121 179 142 211 115 179 143 203 111 179 144 203 111 179 144 203 111 179 144 203 111 179 144 203 111 179 144 203 111 179 144 203 111 179 144 203 111 179 144 203 111 179 144 203 111 179 144 203 111 179 144 203 111 179 144
          255 112  39   9 255 123  40  10 255 134  43  13 255 142  48  19 255 149  55  27 255 155  62  38 255 157  73  51 255 157  84  65 255 155  95  79 255 153 106  92 255 149 117 103 255 145 127 112 251 141 137 119 247 138 146 125 243 135 154 129 240 132 160 133 236 129 166 136 234 127 170 138 231 124 175 140 224 121 179 142 211 115 179 143 203 111 179 144 203 111 179 144 203 111 179 144 203 111 179 144 203 111 179 144 203 111 179 144 203 111 179 144 203 111 179 144 203 111 179 144 203 111 179 144 203 111 179 144 203 111 179 144
          255 112  39   9 255 123  40  10 255 134  43  13 255 142  48  19 255 149  55  27 255 155  62  38 255 157  73  51 255 157  84  65 255 155  95  79 255 153 106  92 255 149 117 103 255 145 127 112 251 141 137 119 247 138 146 125 243 135 154 129 240 132 160 133 236 129 166 136 234 127 170 138 231 124 175 140 224 121 179 142 211 115 179 143 203 111 179 144 203 111 179 144 203 111 179 144 203 111 179 144 203 111 179 144 203 111 179 144 203 111 179 144 203 111 179 144 203 111 179 144 203 111 179 144 203 111 179 144 203 111 179 144
          255 112  39   9 255 123  40  10 255 134  43  13 255 142  48  19 255 149  55  27 255 155  62  38 255 157  73  51 255 157  84  65 255 155  95  79 255 153 106  92 255 149 117 103 255 145 127 112 251 141 137 119 247 138 146 125 243 135 154 129 240 132 160 133 236 129 166 136 234 127 170 138 231 124 175 140 224 121 179 142 211 115 179 143 203 111 179 144 203 111 179 144 203 111 179 144 203 111 179 144 203 111 179 144 203 111 179 144 203 111 179 144 203 111 179 144 203 111 179 144 203 111 179 144 203 111 179 144 203 111 179 144
          255 113  38   8 255 125  40  10 255 135  42  13 255 144  48  18 255 151  54  27 255 158  62  38 255 160  72  51 255 160  83  66 255 159  93  80 255 157 104  94 255 153 114 106 253 149 124 116 248 145 133 124 244 142 143 130 240 138 150 135 236 135 157 139 233 132 163 142 230 129 168 145 226 127 173 147 214 121 174 149 201 113 172 151 193 109 172 152 193 109 172 152 193 109 172 152 193 109 172 152 193 109 172 152 193 109 172 152 193 109 172 152 193 109 172 152 193 109 172 152 193 109 172 152 193 109 172 152 193 109 172 152
          255 114  38   8 255 126  39  10 255 138  42  13 255 146  48  18 255 154  54  26 255 161  61  37 255 16 255 133  40  11 255 144  43  14 255 153  50  20 255 161  56  30 255 168  64  43 255 172  73  58 255 174  83  76 255 173  92  93 250 172 101 110 245 168 109 124 240 165 117 137 235 161 125 147 230 156 132 156 226 150 138 163 223 146 143 168 219 142 148 173 204 131 148 177 187 119 145 180 175 115 147 178 174 116 149 176 174 116 149 176 174 116 149 176 174 116 149 176 174 116 149 176 174 116 149 176 174 116 149 176 174 116 149 176 174 116 149 176 174 116 149 176 174 116 149 176 174 116 149 176 174 116 149 176
          255 121  38   8 255 134  40  10 255 146  43  14 255 154  50  20 255 163  56  29 255 171  63  42 255 175  72  58 255 178  81  76 255 178  90  94 248 178  99 111 242 175 106 127 237 171 114 141 232 167 121 153 228 160 126 162 224 154 132 170 220 149 137 177 216 145 143 182 194 128 139 186 176 116 136 189 169 119 143 182 168 120 146 179 168 120 146 179 168 120 146 179 168 120 146 179 168 120 146 179 168 120 146 179 168 120 146 179 168 120 146 179 168 120 146 179 168 120 146 179 168 120 146 179 168 120 146 179 168 120 146 179
          255 122  38   8 255 136  39  10 255 147  43  13 255 156  50  19 79 144 203 111 179 144 203 111 179 144 203 111 179 144 203 111 179 144 203 111 179 144 203 111 179 144 203 111 179 144 203 111 179 144 203 111 179 144 203 111 179 144
          255 112  39   9 255 123  40  10 255 134  43  13 255 142  48  19 255 149  55  27 255 155  62  38 255 157  73  51 255 157  84  65 255 155  95  79 255 153 106  92 255 149 117 103 255 145 127 112 251 141 137 119 247 138 146 125 243 135 154 129 240 132 160 133 236 129 166 136 234 127 170 138 231 124 175 140 224 121 179 142 211 115 179 143 203 111 179 144 203 111 179 144 203 111 179 144 203 111 179 144 203 111 179 144 203 111 179 144 203 111 179 144 203 111 179 144 203 111 179 144 203 111 179 144 203 111 179 144 203 111 179 144
          255 112  39   9 255 123  40  10 255 134  43  13 255 142  48  19 255 149  55  27 255 155  62  38 255 157  73  51 255 157  84  65 255 155  95  79 255 153 106  92 255 149 117 103 255 145 127 112 251 141 137 119 247 138 146 125 243 135 154 129 240 132 160 133 236 129 166 136 234 127 170 138 231 124 175 140 224 121 179 142 211 115 179 143 203 111 179 144 203 111 179 144 203 111 179 144 203 111 179 144 203 111 179 144 203 111 179 144 203 111 179 144 203 111 179 144 203 111 179 144 203 111 179 144 203 111 179 144 203 111 179 144
          255 112  39   9 255 123  40  10 255 134  43  13 255 142  48  19 255 149  55  27 255 155  62  38 255 157  73  51 255 157  84  65 255 155  95  79 255 153 106  92 255 149 117 103 255 145 127 112 251 141 137 119 247 138 146 125 243 135 154 129 240 132 160 133 236 129 166 136 234 127 170 138 231 124 175 140 224 121 179 142 211 115 179 143 203 111 179 144 203 111 179 144 203 111 179 144 203 111 179 144 203 111 179 144 203 111 179 144 203 111 179 144 203 111 179 144 203 111 179 144 203 111 179 144 203 111 179 144 203 111 179 144
          255 112  39   9 255 123  40  10 255 134  43  13 255 142  48  19 255 149  55  27 255 155  62  38 255 157  73  51 255 157  84  65 255 155  95  79 255 153 106  92 255 149 117 103 255 145 127 112 251 141 137 119 247 138 146 125 243 135 154 129 240 132 160 133 236 129 166 136 234 127 170 138 231 124 175 140 224 121 179 142 211 115 179 143 203 111 179 144 203 111 179 144 203 111 179 144 203 111 179 144 203 111 179 144 203 111 179 144 203 111 179 144 203 111 179 144 203 111 179 144 203 111 179 144 203 111 179 144 203 111 179 144
          255 112  39   9 255 123  40  10 255 134  43  13 255 142  48  19 255 149  55  27 255 155  62  38 255 157  73  51 255 157  84  65 255 155  95  79 255 153 106  92 255 149 117 103 255 145 127 112 251 141 137 119 247 138 146 125 243 135 154 129 240 132 160 133 236 129 166 136 234 127 170 138 231 124 175 140 224 121 179 142 211 115 179 143 203 111 179 144 203 111 179 144 203 111 179 144 203 111 179 144 203 111 179 144 203 111 179 144 203 111 179 144 203 111 179 144 203 111 179 144 203 111 179 144 203 111 179 144 203 111 179 144
          255 112  39   9 255 123  40  10 255 134  43  13 255 142  48  19 255 149  55  27 255 155  62  38 255 157  73  51 255 157  84  65 255 155  95  79 255 153 106  92 255 149 117 103 255 145 127 112 251 141 137 119 247 138 146 125 243 135 154 129 240 132 160 133 236 129 166 136 234 127 170 138 231 124 175 140 224 121 179 142 211 115 179 143 203 111 179 144 203 111 179 144 203 111 179 144 203 111 179 144 203 111 179 144 203 111 179 144 203 111 179 144 203 111 179 144 203 111 179 144 203 111 179 144 203 111 179 144 203 111 179 144
          255 112  39   9 255 123  40  10 255 134  43  13 255 142  48  19 255 149  55  27 255 155  62  38 255 157  73  51 255 157  84  65 255 155  95  79 255 153 106  92 255 149 117 103 255 145 127 112 251 141 137 119 247 138 146 125 243 135 154 129 240 132 160 133 236 129 166 136 234 127 170 138 231 124 175 140 224 121 179 142 211 115 179 143 203 111 179 144 203 111 179 144 203 111 179 144 203 111 179 144 203 111 179 144 203 111 179 144 203 111 179 144 203 111 179 144 203 111 179 144 203 111 179 144 203 111 179 144 203 111 179 144
          255 113  38   8 255 125  40  10 255 135  42  13 255 144  48  18 255 151  54  27 255 158  62  38 255 160  72  51 255 160  83  66 255 159  93  80 255 157 104  94 255 153 114 106 253 149 124 116 248 145 133 124 244 142 143 130 240 138 150 135 236 135 157 139 233 132 163 142 230 129 168 145 226 127 173 147 214 121 174 149 201 113 172 151 193 109 172 152 193 109 172 152 193 109 172 152 193 109 172 152 193 109 172 152 193 109 172 152 193 109 172 152 193 109 172 152 193 109 172 152 193 109 172 152 193 109 172 152 193 109 172 152
          255 114  38   8 255 126  39  10 255 138  42  13 255 146  48  18 255 154  54  26 255 161  61  37 255 163  71  51 255 164  81  66 255 164  91  81 255 162 101  96 255 159 111 109 249 155 120 121 244 151 129 130 240 146 138 138 235 143 146 144 231 139 153 148 228 135 159 152 224 132 164 155 213 126 166 158 199 117 164 160 187 110 163 161 184 113 167 157 184 113 167 157 184 113 167 157 184 113 167 157 184 113 167 157 184 113 167 157 184 113 167 157 184 113 167 157 184 113 167 157 184 113 167 157 184 113 167 157 184 113 167 157
          255 115  38   8 255 128  39   9 255 139  42  12 255 148  47  17 255 156  54  25 255 163  60  37 255 167  70  50 255 169  79  66 255 169  89  82 255 168  99  98 252 165 108 113 247 161 116 125 241 156 125 136 236 152 134 145 231 148 142 152 228 143 148 158 224 138 154 162 217 133 158 166 200 122 156 169 186 113 154 171 13 33679 11269 32378 33455  9879 32531 33215
          31582 29874 38462 30347 30009 38106 29032 30138 37765 27749 30349 37481 26435 30529 37183 25115 30733 36897 23663 30856 36574 22237 30999 36257 20754 31140 35931 19411 31237 35544 18120 31381 35158 16814 31519 34769 15387 31801 34500 13976 32006 34228 12588 32177 33941 11213 32345 33648  9840 32516 33358
          31327 29731 39696 30034 29841 39237 28710 29964 38824 27453 30189 38472 26162 30384 38117 24857 30611 37770 23416 30742 37386 21977 30891 37005 20478 31056 36613 19138 31159 36159 17864 31296 35706 16578 31448 35236 15189 31757 34916 13857 31964 34562 12496 32157 34210 11118 32353 33863  9745 32531 33539
          31064 29576 40905 29732 29673 40370 28379 29805 39876 27160 30043 39468 25892 30249 39056 24603 30472 38654 23177 30650 38210 21730 30802 37768 20241 30963 37317 18901 31093 36804 17617 31226 36269 16330 31387 35736 14969 31821 35262 13640 32036 34882 12294 32223 34507 10939 32408 34132  9581 32594 33763
          32846 35078 24221 31606 34962 24525 30313 34864 24867 29094 34737 25266 27859 34611 25678 26672 34479 26109 25308 34364 26499 23878 34256 26887 22441 34155 27265 21054 34011 27713 19701 33837 28188 18279 33709 28664 16548 33766 29156 15244 33505 29801 13780 33389 30315 12049 33245 30806 10480 33178 31300
          32435 34611 25057 31295 34539 25334 30130 34482 25660 28917 34418 26024 27680 34340 26393 26473 34260 26778 25084 34151 27127 23699 34060 27482 22264 33961 27821 20897 33832 28222 19501 33697 28677 18056 33605 29128 16337 33617 29602 15115 33406 30173 13699 33298 30637 11914 33247 31041 10452 33123 31519
          32239 34211 25930 31195 34161 26177 30099 34120 26462 28888 34074 26767 27636 34040 27078 26385 34026 27398 24998 33946 27704 23589 33853 28007 22159 33759 28313 20757 33647 28697 19369 33532 29102 17902 33485 29520 16201 33464 29969 14961 33291 30460 13544 33181 30880 11862 33139 31242 10437 33020 31668
          32156 33846 26861 31140 33804 27059 30069 33780 27289 28856 33767 27533 27578 33774 27779 26281 33790 28028 24912 33739 28282 23494 33640 28547 22062 33550 28812 20672 33457 29173 19269 33365 29531 17774 33350 29892 16104 33320 30301 14847 33153 30742 13387 33075 31105 11688 33033 31414 10279 32941 31793
          32321 33511 27908 31000 33510 27977 29782 33503 28124 28569 33497 28330 27293 33493 28522 26007 33491 28726 24669 33444 28965 23294 33401 29190 21921 33348 29429 20526 33311 29668 19099 33246 29990 17562 33258 30295 15954 33249 30633 14749 33080 31030 13288 33024 31319 11650 33000 31598 10221 32895 31920
          32173 33116 28870 30901 33165 28903 29562 33224 28975 28322 33229 29134 27032 33221 29271 25767 33216 29435 24460 33192 29641 23099 33174 29830 21784 33156 30043 20388 33140 30238 18911 33148 30453 17483 33122 30690 15916 33126 30987 14630 33015 31321 13183 32958 31561 11609 32933 31791 10165 32845 32059
          31954 32728 29801 30661 32838 29790 29377 32934 29867 28102 32955 29943 26803 32969 30043 25559 32961 30164 24273 32965 30318 22954 32965 30479 21648 32970 30653 20272 32977 30797 18856 32977 30935 17435 32970 31106 15803 33032 31355 14446 32944 31619 13024 32896 31825 11431 32899 31985  9975 32836 32192
          31765 32470 30814 30507 32597 30742 29201 32671 30747 27934 32716 30784 26652 32736 30836 25373 32749 30914 24079 32751 31035 22767 32774 31144 21497 32795 31271 20126 32828 31369 18744 32852 31454 17341 32877 31552 15732 32966 31757 14394 32905 31945 12988 32874 32105 11482 32879 32230 10014 32878 32389
          31579 32182 31788 30383 32332 31666 29078 32406 31639 27824 32466 31624 26507 32512 31638 25204 32547 31678 23906 32563 31752 22617 32605 31805 21372 32640 31890 20007 32695 31930 18644 32743 31961 17265 32792 32016 15649 32880 32167 14297 32846 32295 12840 32862 32369 11364 32875 32444  9904 32883 32541
          31380 31932 32736 30196 32084 32579 28958 32193 32523 27696 32265 32491 26372 32338 32477 24989 32389 32477 23700 32418 32482 22418 32482 32476 21127 32529 32488 19829 32575 32482 18504 32640 32469 17149 32706 32482 15560 32797 32568 14103 32833 32605 12672 32865 32633 11232 32883 32677  9778 32912 32718
          31141 31702 33652 30058 31875 33495 28850 31993 33405 27598 32089 33331 26279 32179 33298 24853 32239 33266 23526 32293 33213 22269 32355 33159 20965 32410 33115 19686 32460 33048 18389 32534 32982 17070 32607 32935 15494 32687 32950 14016 32764 32929 12598 32810 32895 11178 32837 32879  9723 32884 32856
          30896 31566 34665 29846 31706 34465 28673 31821 34329 27364 31906 34232 26021 31978 34139 24664 32070 34062 23330 32137 33955 22011 32197 33838 20674 32251 33716 19403 32311 33585 18147 32386 33455 16865 32451 33329 15336 32613 33271 13998 32620 33178 12572 32681 33099 11165 32741 32990  9742 32805 32916
          30599 31386 35721 29523 31519 35514 28360 31607 35320 27089 31723 35178 25799 31825 35022 24460 31941 34870 23117 32003 34698 21778 32079 34531 20375 32122 34334 19122 32181 34131 17891 32261 33931 16623 32317 33726 15207 32497 33610 13806 32602 33471 12407 32670 33342 11107 32703 33139  9713 32772 33002
          30326 31166 36833 29206 31301 36572 28026 31418 36334 26793 31554 36121 25536 31665 35901 24258 31819 35689 22855 31870 35443 21507 31967 35219 20081 32032 34973 18816 32076 34688 17603 32155 34409 16342 32203 34138 14974 32401 33967 13598 32540 33777 12234 32619 33594 10996 32656 33313  9705 32730 33097
          30060 31048 38001 28892 31128 37661 27677 31219 37362 26476 31382 37092 25251 31504 36812 24018 31663 36547 22638 31752 36244 21267 31854 35957 19838 31955 35651 18574 31994 35299 17345 32066 34929 16125 32136 34564 14763 32346 34341 13409 32494 34097 12149 32573 33844 10929 32627 33492  9668 32699 33219
          29799 30919 39181 28599 30979 38767 27375 31062 38396 26174 31224 38062 24973 31354 37725 23768 31530 37401 22422 31636 37054 21021 31736 36698 19594 31856 36337 18329 31921 35916 17097 31972 35464 15870 32085 35016 14571 32329 34729 13327 32449 34418 12054 32558 34124 10859 32602 33695  9639 32695 33334
          29534 30789 40350 28307 30845 39863 27061 30920 39426 25877 31074 39027 24696 31223 38633 23527 31403 38257 22194 31540 37855 20788 31655 37439 19359 31776 37021 18101 31875 36536 16855 31911 36013 15628 32040 35497 14414 32335 35130 13157 32470 34793 11884 32598 34448 10838 32522 33762  9666 32682 33333
          31200 36108 24289 30082 35949 24586 28881 35792 24914 27676 35625 25274 26584 35449 25694 25486 35274 26125 24196 35113 26517 22840 34969 26898 21467 34823 27280 20162 34638 27736 18868 34405 28209 17536 34195 28705 15843 34037 29290 14279 33883 29800 12801 33716 30302 11308 33552 30798  9860 33374 31309
          30877 35669 25096 29846 35539 25365 28760 35425 25682 27579 35312 26016 26446 35189 26398 25296 35065 26773 24017 34925 27127 22666 34781 27473 21292 34641 27818 19979 34464 28220 18639 34261 28685 17295 34082 29163 15775 33932 29702 14312 33758 30175 12848 33611 30624 11349 33469 31069  9845 33315 31532
          30657 35293 25922 29732 35187 26162 28736 35083 26448 27587 34993 26736 26409 34917 27050 25219 34852 27368 23915 34736 27674 22553 34586 27983 21174 34443 28292 19853 34290 28678 18509 34103 29105 17141 33952 29548 15638 33813 30034 14204 33644 30465 12814 33493 30876 11359 33348 31266  9776 33218 31664
          30522 34967 26803 29677 34858 27001 28741 34764 27241 27577 34685 27474 26350 34658 27722 25107 34633 27972 23811 34527 28239 22441 34386 28497 21060 34241 28765 19753 34109 29131 18412 33942 29530 17043 33814 29916 15441 33702 30345 14087 33552 30727 12705 33413 31091 11286 33279 31451  9919 33113 31828
          30726 34640 27788 29553 34574 27878 28443 34519 28045 27304 34450 28244 26092 34390 28442 24877 34333 28654 23600 34248 28886 22287 34144 29129 20957 34047 29375 19642 33956 29629 18289 33806 29957 16935 33708 30285 15379 33600 30676 14043 33458 31010 12683 33328 31322 11314 33199 31633  9927 33055 31965
          30669 34240 28719 29474 34239 28764 28215 34269 28866 27028 34231 29009 25846 34142 29168 24653 34061 29342 23400 33995 29534 22135 33927 29755 20849 33864 29984 19531 33794 30180 18177 33714 30372 16818 33621 30655 15333 33499 31005 13977 33379 31291 12643 33261 31555 11284 33140 31817  9897 33010 32100
          30502 33850 29621 29261 33924 29620 27981 34022 29685 26745 34009 29784 25616 33911 29921 24449 33827 30045 23225 33779 30199 21985 33735 30386 20728 33690 30580 19440 33635 30736 18082 33568 30865 16750 33505 31057 15278 33394 31361 13873 33312 31587 12504 33220 31792 11145 33117 31999  9768 33001 32226
          30274 33619 30607 29096 33703 30544 27847 33744 30569 26654 33738 30608 25452 33690 30672 24260 33629 30770 23023 33595 30892 21787 33556 31023 20572 33529 31169 19271 33508 31269 17973 33447 31371 16648 33417 31486 15203 33348 31736 13867 33262 31919 12528 33179 32075 11180 33098 32236  9855 33013 32416
          30036 33372 31558 28869 33479 31437 27627 33526 31417 26412 33530 31427 25185 33543 31454 23953 33506 31503 22738 33470 31585 21496 33451 31640 20305 33420 31723 19033 33390 31779 17801 33338 31849 16521 33305 31923 15107 33256 32115 13773 33203 32238 12435 33152 32342 11080 33103 32442  9740 33033 32568
          29785 33143 32455 28672 33250 32305 27502 33319 32268 26326 33326 32256 25065 33363 32253 23796 33352 32265 22568 33328 32280 21343 33315 32294 20143 33296 32321 18902 33267 32326 17689 33245 32341 16438 33225 32371 15045 33178 32510 13674 33160 32570 12313 33141 32612 10944 33119 32656  9553 33106 32714
          29534 32972 33325 28526 33065 33180 27521 33131 33104 26328 33170 33069 24981 33195 33044 23687 33209 33029 22465 33188 33000 21224 33180 32953 19943 33169 32902 18765 33153 32869 17580 33154 32826 16370 33130 32802 14948 33140 32859 13641 33103 32827 12278 33085 32813 10900 33082 32799  9488 33091 32790
          29279 32809 34294 28347 32854 34132 27351 32938 34015 26157 32954 33925 24823 33002 33873 23515 33018 33799 22260 33042 33710 21000 33048 33614 19686 33028 33483 18519 33043 33384 17373 33042 33300 16191 33028 33178 14865 33044 33128 13510 33036 33061 12190 33035 32991 10850 33037 32921  9479 33044 32858
          29029 32585 35348 28021 32658 35159 26998 32709 34993 25814 32761 34847 24598 32824 34712 23325 32871 34592 22016 32895 34421 20722 32905 34266 19383 32914 34092 18193 32909 33905 17067 32902 33739 15935 32907 33542 14613 32943 33430 13366 32961 33309 12104 32970 33182 10797 32976 33051  9505 32975 32912
          28781 32347 36435 27728 32423 36188 26653 32524 35988 25490 32589 35777 24316 32654 35590 23106 32752 35407 21777 32763 35174 20497 32803 34971 19142 32837 34749 17948 32821 34486 16811 32823 34234 15674 32838 33952 14404 32866 33764 13201 32896 33587 11964 32919 33409 10717 32929 33210  9513 32928 32982
          28515 32244 37553 27428 32279 37247 26299 32359 36980 25165 32434 36716 24032 32512 36476 22900 32627 36231 21588 32672 35958 20271 32707 35683 18904 32757 35409 17721 32770 35091 16553 32747 34727 15394 32771 34386 14213 32811 34125 13022 32856 33897 11841 32878 33641 10664 32896 33368  9501 32909 33084
          28238 32150 38680 27137 32151 38313 25995 32220 37975 24856 32295 37657 23763 32381 37354 22664 32505 37057 21393 32578 36740 20046 32620 36404 18691 32693 36072 17500 32722 35694 16313 32686 35236 15149 32725 34834 14053 32769 34512 12948 32807 34177 11804 32835 33837 10639 32863 33506  9483 32896 33177
          27973 32037 39800 26848 32027 39366 25708 32074 38967 24566 32147 38585 23496 32257 38237 22417 32388 37881 21170 32487 37508 19810 32536 37123 18461 32621 36732 17284 32667 36283 16093 32643 35774 14969 32683 35288 14061 32639 34859 13003 32663 34474 11880 32694 34092 10740 32721 33708  9619 32743 33326
          29555 37137 24367 28384 36982 24648 27172 36843 24952 26098 36622 25335 25010 36410 25728 23972 36177 26139 22797 35942 26538 21531 35731 26927 20251 35529 27311 19065 35257 27776 17870 34959 28267 16716 34645 28785 15441 34315 29365 13583 34220 29863 12107 34016 30350 10900 33788 30875  9508 33545 31388
          29184 36761 25108 28173 36634 25390 27081 36518 25690 26016 36326 26052 24904 36163 26409 23824 35970 26770 22614 35752 27129 21373 35562 27484 20097 35357 27837 18887 35107 28250 17694 34828 28730 16588 34513 29225 15383 34191 29751 13712 34076 30230 12306 33874 30677 10900 33689 31125  9238 33542 31547
          28984 36428 25903 28068 36312 26154 27063 36202 26420 26003 36031 26726 24884 35896 27034 23763 35761 27345 22543 35567 27666 21279 35377 27977 20001 35178 28295 18779 34934 28694 17584 34678 29129 16503 34372 29597 15204 34095 30103 13702 33961 30507 12366 33760 30914 11062 33583 31333  9452 33426 31725
          28890 36115 26750 27996 36002 26946 27015 35906 27165 25964 35762 27420 24822 35663 27671 23679 35567 27928 22470 35384 28204 21193 35185 28478 19910 34999 28755 18703 34762 29135 17509 34521 29531 16424 34243 29949 15140 33973 30361 13612 33871 30761 12303 33683 31121 10903 33514 31501  9567 33329 31865
          29092 35805 27678 27901 35740 27789 26787 35663 27946 25744 35514 28168 24600 35414 28371 23475 35284 28586 22289 35116 28838 21054 34969 29079 19813 34808 29336 18601 34632 29609 17395 34407 29951 16286 34156 30309 14982 33906 30670 13409 33840 31016 12150 33635 31349 10942 33444 31671  9612 33261 32006
          29019 35439 28559 27828 35421 28631 26587 35417 28731 25543 35284 28905 24393 35184 29071 23277 35039 29246 22131 34894 29470 20923 34766 29681 19717 34636 29913 18500 34473 30134 17341 34274 30409 16153 34075 30669 14818 33852 31027 13391 33753 31289 12130 33574 31577 10898 33403 31843  9534 332543 29047 14018 32808 29544 12468 32823 30032 11052 32859 30519  9617 32901 31008
          31298 31556 24754 30167 31612 25018 29013 31694 25334 27785 31769 25689 26550 31847 26040 25269 31937 26393 23926 31986 26753 22604 32054 27112 21231 32104 27468 19849 32153 27934 18482 32201 28407 16969 32372 28894 15354 32580 29397 13749 32630 29867 12344 32687 30301 10939 32739 30734  9591 32781 31165
          31302 31105 25700 30118 31197 25910 28845 31286 26147 27648 31414 26445 26381 31518 26730 25111 31645 27027 23789 31714 27336 22475 31804 27654 21117 31865 27966 19757 31912 28415 18370 31992 28834 16861 32196 29281 15340 32419 29757 13667 32471 30153 12325 32527 30542 10939 32596 30923  9529 32674 31308
          31489 30719 26770 29979 30815 26834 28658 30928 27000 27433 31050 27252 26164 31170 27486 24906 31297 27741 23615 31395 28040 22298 31503 28304 20975 31603 28600 19553 31746 28931 18232 31805 29301 16761 32033 29683 15231 32231 30119 13739 32371 30479 12342 32434 30824 10866 32494 31138  9463 32590 31471
          31213 30315 27733 29794 30430 27760 28442 30579 27860 27258 30705 28084 25963 30842 28264 24697 30983 28468 23459 31102 28736 22140 31233 28955 20836 31352 29208 19478 31504 29471 18024 31688 29776 16672 31857 30101 15115 32077 30469 13667 32256 30795 12266 32342 31086 10863 32424 31368  9394 32517 31636
          30803 29924 28672 29535 30056 28653 28278 30219 28788 27045 30368 28904 25758 30527 29038 24487 30681 29206 23280 30831 29441 21975 30983 29614 20696 31129 29825 19361 31303 30039 17983 31472 30252 16615 31666 30517 15034 31946 30843 13606 32125 31113 12222 32270 31361 10862 32370 31604  9316 32460 31810
          30671 29536 29678 29363 29705 29628 28074 29893 29656 26856 30058 29738 25570 30231 29827 24297 30395 29945 23071 30555 30139 21767 30725 30271 20471 30887 30443 19157 31082 30606 17875 31292 30766 16512 31524 30944 14958 31833 31245 13549 32056 31477 12178 32225 31675 10835 32372 31861  9472 32522 32054
          30536 29166 30688 29204 29371 30577 27924 29580 30552 26696 29767 30581 25419 29961 30621 24131 30145 30695 22880 30312 30840 21587 30503 30922 20295 30686 31053 19015 30902 31159 17749 31130 31263 16434 31381 31390 14887 31700 31637 13478 31918 31812 12101 32108 31965 10743 32287 32109  9396 32484 32259
          30311 28819 31610 28986 29032 31464 27743 29266 31423 26498 29470 31410 25232 29691 31423 23918 29902 31472 22645 30094 31542 21372 30297 31588 20089 30492 31664 18850 30746 31730 17595 30989 31782 16339 31273 31864 14820 31580 32043 13416 31788 32150 12051 31972 32238 10703 32177 32310  9356 32424 32420
          30111 28590 32527 28836 28752 32397 27607 28996 32323 26354 29220 32272 25078 29457 32246 23756 29682 32251 22453 29893 32271 21191 30108 32272 19881 30314 32294 18687 30583 32305 17465 30854 32310 16261 31154 32333 14790 31475 32395 13410 31694 32437 12041 31904 32467 10687 32107 32497  9350 32362 32542
          29866 28374 33524 28598 28556 33361 27352 28745 33264 26124 29005 33166 24858 29215 33106 23533 29443 33066 22226 29667 33020 20938 29889 32969 19634 30107 32941 18431 30391 32890 17261 30678 32803 16062 30982 32766 14640 31350 32770 13358 31585 32757 12022 31812 32733 10664 32034 32707  9326 32316 32678
          29428 28119 34584 28217 28241 34386 26985 28428 34262 25786 28701 34121 24544 28938 34005 23257 29184 33902 21955 29434 33793 20651 29671 33686 19313 29902 33581 18127 30191 33452 16980 30492 33298 15797 30798 33170 14551 31184 33127 13274 31472 33055 11979 31726 32975 10665 31973 32896  9300 32285 32799
          29049 27833 35679 27876 27961 35455 26642 28145 35283 25468 28433 35089 24232 28679 34915 22985 28966 34757 21684 29238 34584 20389 29491 34411 19054 29747 34243 17861 30031 34025 16707 30344 33812 15546 30673 33595 14348 31068 33500 13109 31389 33368 11858 31686 33227 10520 31985 33076  9239 32262 32922
          28783 27588 36888 27547 27677 36563 26311 27874 36324 25148 28170 36069 23919 28426 35838 22695 28727 35621 21395 29005 35386 20102 29269 35154 18754 29530 34920 17570 29847 34619 16444 30169 34346 15323 30535 34041 14145 30975 33886 12950 31337 33687 11701 31677 33478 10413 31992 33255  9165 32254 33066
          28507 27357 38089 27238 27457 37670 25978 27612 37356 24843 27936 37047 23624 28207 36758 22429 28515 36489 21131 28827 36191 19842 29106 35901 18490 29373 35600 17318 29711 35242 16198 30054 34895 15076 30430 34511 13969 30940 34282 12835 31353 34010 11550 31709 33722 10315 31984 33476  9076 32264 33235
          28228 27143 39273 26943 27218 38786 25647 27347 38346 24545 27715 38025 23342 28005 37682 22164 28336 37358 20872 28665 37003 19585 28961 36654 18238 29255 36291 17132 29626 35854 15948 29949 35437 14837 30348 34998 13791 31016 34634 12635 31411 34327 11425 31703 34023 10202 31993 33720  8971 32291 33426
          30567 33525 23117 29274 33456 23422 27992 33391 23760 26910 33346 24223 25695 33294 24648 24523 33239 25105 23253 33224 25558 21951 33199 26003 20617 33185 26452 19315 33156 26964 18019 33133 27499 16657 33131 28043 15056 33243 28598 13845 33063 29293 12502 33034 29854 11165 32995 30411  9789 32976 30969
          29999 32978 23882 28935 32971 24190 27815 32976 24539 26689 33000 24963 25502 32994 25355 24314 32980 25767 23021 32982 26173 21745 32974 26575 20427 32971 26981 19141 32968 27444 17828 32952 27978 16419 33013 28500 14964 33114 29036 13654 32946 29679 12296 32902 30212 10978 32860 30734  9627 32846 31247
          29791 32535 24716 28767 32550 24987 27697 32589 25307 26548 32622 25659 25379 32657 26008 24164 32698 26363 22872 32720 26719 21613 32743 27079 20295 32758 27440 18994 32759 27912 17697 32762 28389 16290 32857 28890 14852 32950 29373 13631 32802 29972 12288 32775 30446 10928 32744 30926  9541 32713 31434
          29740 32146 25620 28668 32175 25833 27537 32210 26087 26391 32288 26381 25210 32345 26669 23996 32419 26968 22736 32460 27282 21472 32501 27598 20168 32536 27918 18892 32531 28370 17580 32562 28805 16175 32701 29264 14630 32759 29737 13639 32618 30276 12324 32616 30704 10996 32622 31122  9522 32629 31541
          29848 31774 26633 28532 31810 26727 27323 31875 26905 26184 31941 27166 24994 32014 27407 23785 32087 27664 22556 32149 27966 21305 32212 28238 20037 32272 28533 18700 32372 28878 17454 32384 29259 16086 32544 29654 14572 32629 30061 13527 32531 30551 12203 32575 30921 10911 32586 31298  9553 32589 31689
          29684 31370 27576 28394 31436 27625 27131 31535 27738 26023 31613 27972 24795 31702 28159 23586 31778 28370 22406 31872 28640 21153 31952 28870 19905 32035 29132 18630 32139 29407 17262 32273 29720 15998 32368 30054 14541 32507 30425 13427 32437 30837 12105 32505 31160 10811 32545 31481  9514 32555 31819
          29433 30947 28483 28169 31059 28492 26969 31191 28635 25814 31290 28764 24581 31403 28919 23385 31494 29089 22234 31612 29323 20995 31713 29509 19768 31818 29734 18522 31947 29959 17226 32070 30187 15943 32193 30469 14471 32389 30794 13316 32357 31139 12001 32442 31405 10718 32505 31668  9438 32536 31956
          29200 30631 29470 27966 30738 29448 26762 30886 29489 25611 30990 29578 24399 31115 29677 23188 31217 29811 22034 31347 30014 20803 31469 30161 19582 31593 30340 18354 31742 30523 17123 31898 30699 15844 32062 30896 14402 32315 31188 13261 32304 31467 11980 32402 31690 10751 32485 31920  9524 32524 32173
          28953 30265 30408 27768 30399 30341 26583 30568 30346 25419 30690 30384 24214 30841 30448 22982 30969 30546 21816 31104 30694 20614 31258 30797 19404 31410 30934 18206 31581 31070 16998 31757 31194 15753 31948 31350 14314 32189 31582 13145 32222 31796 11851 32338 31958 10565 32445 32117  9348 32561 32309
          28718 29903 31305 27571 30086 31218 26422 30280 31198 25264 30425 31199 24065 30595 31239 22808 30745 31319 21624 30900 31399 20450 31063 31459 19276 31239 31560 18095 31432 31639 16888 31625 31707 15683 31846 31812 14231 32072 31989 13013 32161 32122 11709 32294 32224 10419 32428 32325  9176 32568 32445
          28487 29646 32164 27400 29854 32104 26273 30046 32055 25106 30212 32021 23893 30383 32053 22628 30546 32099 21426 30721 32114 20279 30906 32148 19130 31082 321   0 177   0  99   0 176   0 104   0 174   0 108   0 172   0 114   0 170   0 121   0 168   0 128   0 166   0 137   0 164   0 149   0 161   0 161   0 159   0 177   0 157   0 198   0 156   0 228   0 155   0 252   0 154   0 255   0 153   0 255   0 153   0 255   0
          255   0   0   0 254   0   0   0 240   0   0   0 224   0   0   0 208   0   8   0 198   0  18   0 191   0  26   0 183   0  35   0 179   0  43   0 177   0  50   0 175   0  57   0 173   0  64   0 171   0  70   0 169   0  75   0 167   0  80   0 166   0  85   0 164   0  89   0 163   0  94   0 161   0  99   0 159   0 103   0 158   0 109   0 156   0 115   0 154   0 123   0 152   0 132   0 150   0 143   0 148   0 155   0 146   0 169   0 144   0 188   0 143   0 220   0 142   0 243   0 141   0 255   0 140   0 255   0 140   0 255   0
          255   0   0   0 242   0   0   0 222   0   0   0 205   0   0   0 191   0   4   0 181   0  12   0 173   0  21   0 169   0  30   0 166   0  38   0 163   0  45   0 161   0  52   0 159   0  58   0 157   0  65   0 155   0  70   0 154   0  75   0 152   0  80   0 151   0  84   0 150   0  89   0 149   0  94   0 147   0  99   0 145   0 104   0 143   0 110   0 142   0 118   0 140   0 127   0 137   0 138   0 135   0 150   0 133   0 164   0 131   0 181   0 130   0 208   0 129   0 234   0 128   0 251   0 127   0 255   0 127   0 255   0
          248   0   0   0 227   0   0   0 204   0   0   0 188   0   0   0 176   0   0   0 167   0   7   0 161   0  17   0 157   0  25   0 153   0  33   0 151   0  40   0 149   0  47   0 147   0  54   0 145   0  59   0 144   0  65   0 142   0  70   0 141   0  75   0 139   0  79   0 138   0  84   0 136   0  89   0 135   0  94   0 133   0 100   0 131   0 106   0 129   0 114   0 127   0 122   0 125   0 133   0 123   0 145   0 121   0 159   0 119   0 177   0 118   0 199   0 117   0 227   0 116   0 244   0 116   0 255   0 115   0 255   0
          238   0   0   0 211   0   0   0 189   0   0   0 174   0   0   0 163   0   0   0 156   0   2   0 151   0  11   0 146   0  20   0 143   0  28   0 141   0  35   0 138   0  42   0 136   0  49   0 134   0  55   0 132   0  60   0 131   0  65   0 129   0  70   0 128   0  75   0 126   0  80   0 125   0  85   0 123   0  90   0 122   0  96   0 120   0 102   0 118   0 110   0 116   0 119   0 114   0 130   0 112   0 142   0 110   0 156   0 109   0 173   0 108   0 194   0 107   0 219   0 106   0 239   0 106   0 253   0 105   0 255   0
          227   0   0   0 199   0   0   0 178   3   0   0 162   7   0   0 152   7   0   0 145   5   0   0 141   0   4   0 137   0  13   0 134   0  22   0 132   0  29   0 129   0  37   0 126   0  44   0 124   0  50   0 122   0  56   0 121   0  61   0 119   0  66   0 118   0  71   0 116   0  76   0 115   0  81   0 113   0  87   0 111   0  93   0 110   0  99   0 108   0 107   0 106   0 116   0 104   0 127   0 102   0 140   0 101   0 154   0  99   0 170   0  98   0 190   0  97   0 217   0  96   000000    0.00000000    0.00000000    0.00000000    0.00000000    0.00000000    0.00000000    0.00000000    0.00000001    0.00000064    0.00000127    0.00000521    0.00000916    0.00003697    0.00006477    0.00024219    0.00041960    0.00127155    0.00212350    0.00551700    0.00891050    0.01484775    0.02078500    0.02431250    0.02784000    0.02640250    0.02496500    0.01896750    0.01297000    0.00778225    0.00259450    0.00152388    0.00045325    0.00026439    0.00007554    0.00005685    0.00003817    0.00002894    0.00001971    0.00001596    0.00001221    0.00000934    0.00000646    0.00000392    0.00000138    0.00000069    0.00000000    0.00000000    0.00000000    0.00000000    0.00000000    0.00000000    0.00000000    0.00000000    0.00000000    0.00000000    0.00000000    0.00000000    0.00000000    0.00000000    0.00000000    0.00000000    0.00000000    0.00000000    0.00000000    0.00000000    0.00000000    0.00000000    0.00000000    0.00000000    0.00000000    0.00000000    0.00000000    0.00000000    0.00000000    0.00000000    0.00000000    0.00000000    0.00000000    0.00000000    0.00000000    0.00000000    0.00000000    0.00000000    0.00000000    0.00000000    0.00000000    0.00000000    0.00000000    0.00000000    0.00000000    0.00000000    0.00000000    0.00000000    0.00000000    0.00000000    0.00000000    0.00000000    0.00000000    0.00000000    0.00000000    0.00000000    0.00000000    0.00000000    0.00000000    0.00000000    0.00000000    0.00000000    0.00000000    0.00000000    0.00000000    0.00000000    0.00000000    0.00000000    0.00000000    0.00000000    0.00000000    0.00000000    0.00000000    0.00000000    0.00000000    0.00000000    0.0 163 161 176 116 163 161 176 116 163 161
          255 117  37   8 255 129  38   9 255 141  41  12 255 150  47  17 255 158  54  25 255 166  60  36 255 170  69  50 255 173  78  66 255 174  87  83 254 173  97 100 248 170 105 115 243 167 113 129 238 162 121 141 233 158 129 151 229 152 136 159 224 146 142 166 220 141 148 172 205 130 149 176 189 119%147 178 177 114 148 177 172 118 155 169 169 120 160 164 169 120 160 164 169 120 160 164 169 120 160 164 169 120 160 164 169 120 160 164 169 120 160 164 169 120 160 164 169 120 160 164 169 120 160 164 169 120 160 164 169 120 160 164
          255 117  37   8 255 131  38   9 255 142  41  12 255 151  47  16 255 159  53  24 255 168  60  35 255 173  68  50 255 177  77  66 255 179  86  83 252 178  94 101 246 177 102 117 240 173 110 132 235 169 117 145 231 163 124 157 226 156 130 166 222 149 136 175 216 146 144 178 200 136 145 180 184 126 144 181 171 119 144 180 166 122 152 173 163 124 157 167 163 124 157 167 163 124 157 167 163 124 157 167 163 124 157 167 163 124 157 167 163 124 157 167 163 124 157 167 163 124 157 167 163 124 157 167 163 124 157 167 163 124 157 167
          255 118  37   7 255 132  38   9 255 143  41  11 255 153  47  16 255 161  53  24 255 170  59  35 255 176  68  49 255 180  76  66 255 183  84  84 249 184  92 102 243 183 100 119 238 180 107 135 233 176 114 149 228 168 119 162 223 161 125 171 216 157 132 176 209 153 140 180 196 144 143 182 179 133 142 183 166 124 142 183 161 126 149 175 159 128 155 170 159 128 155 170 159 128 155 170 159 128 155 170 159 128 155 170 159 128 155 170 159 128 155 170 159 128 155 170 159 128 155 170 159 128 155 170 159 128 155 170 159 128 155 170
          255 119  37   7 255 133  38   9 255 144  41  11 255 154  47  16 255 162  53  23 255 171  59  34 255 178  67  49 255 183  75  65 255 187  83  84 247 189  91 102 241 189  98 120 235 187 104 137 230 181 109 152 225 174 115 164 217 168 122 172 208 162 128 177 202 158 135 181 193 153 141 184 176 140 140 185 162 130 140 185 156 130 147 178 154 132 153 172 154 132 153 172 154 132 153 172 154 132 153 172 154 132 153 172 154 132 153 172 154 132 153 172 154 132 153 172 154 132 153 172 154 132 153 172 154 132 153 172 154 132 153 172
          255 120  36   7 255 133  38   8 255 145  41  11 255 155  47  15 255 163  53  23 255 173  59  34 255 181  67  48 255 186  74  65 253 191  82  84 245 195  89 103 238 196  96 121 232 195 101 139 227 188 106 154 220 182 112 164 210 174 118 172 202 167 125 178 195 163 131 182 189 161 139 185 173 148 139 187 159 136 139 187 152 135 145 180 150 136 151 174 150 136 151 174 150 136 151 174 150 136 151 174 150 136 151 174 150 136 151 174 150 136 151 174 150 136 151 174 150 136 151 174 150 136 151 174 150 136 151 174 150 136 151 174
          255 121  36   7 255 134  37   8 255 146  41  10 255 156  47  15 255 164  53  22 255 175  59  33 255 183  66  48 255 190  73  65 249 196  81  84 243 201  88 103 235 203  94 122 229 202  98 141 222 196 104 154 214 189 110 164 204 180 115 172 196 173 121 178 189 169 127 183 183 166 135 186 170 156 138 188 155 144 138 188 148 140 144 181 146 140 149 175 146 140 149 175 146 140 149 175 146 140 149 175 146 140 149 175 146 140 149 175 146 140 149 175 146 140 149 175 146 140 149 175 146 140 149 175 146 140 149 175 146 140 149 175
          255 121  36   7 255 135  37   8 255 147  41  10 255 157  47  14 255 166  53  22 255 176  59  32 255 186  66  47 252 194  73  64 245 202  80  83 238 208  86 103 232 213  91 123 224 210  97 140 217 205 103 153 208 197 108 164 198 187 112 172 190 180 118 179 182 175 124 183 176 172 131 187 167 167 137 189 152 152 137 189 143 146 142 183 141 145 148 177 141 145 148 177 141 145 148 177 141 145 148 177 141 145 148 177 141 145 148 177 141 145 148 177 141 145 148 177 141 145 148 177 141 145 148 177 141 145 148 177 141 145 148 177
          255 122  36   7 255 136  37   8 255 148  41  10 255 158  47  14 255 167  53  21 255 178  59  32 255 189  65  46 249 198  72  63 241 208  79  83 233 218  85 103 226 223  89 123 217 216  95 139 207 206 100 153 198 199 104 163 190 193 109 172 183 188 114 178 176 183 120 183 170 180 127 187 164 179 136 189 148 162 136 189 139 153 141 184 137 151 147 178 137 151 147 178 137 151 147 178 137 151 147 178 137 151 147 178 137 151 147 178 137 151 147 178 137 151 147 178 137 151 147 178 137 151 147 178 137 151 147 178 137 151 147 178
          255 123  35   7 255 137  37   7 255 150  41   9 255 159  47  13 255 169  53  20 255 180  59  31 254 192  65  45 245 203  71  62 236 217  78  82 227 229  83 103 218 226  88 122 207 217  93 139 197 207  97 152 187 199 101 162 179 193 104 171 171 188 109 178 164 185 114 183 159 182 119 186 153 181 128 189 145 175 136 189 134 162 141 185 131 158 146 179 131 158 146 179 131 158 146 179 131 158 146 179 131 158 146 179 131 158 146 179 131 158 146 179 131 158 146 179 131 158 146 179 131 158 146 179 131 158 146 179 131 158 146 179
          255 125  35   6 255 139  36   7 255 151  41   9 255 161  48  13 255 171  54  19 255 182  59  30 250 197  64  43 240 210  71  61 229 226  76  81 222 24	0.510532	0.540266	0.570547	0.592874	0.601263	0.601507
					0.101674259 0.314068 0.332703 0.330999 0.313878 0.292004 0.280655 0.303102 0.370752
					0.26935 0.336687 0.388079 0.47805 0.57039 0.615044 0.608749 0.578689 0.53134 0.461852 0.384843 0.323426 0.263361 0.18279 0.114882 0.095263 0.092198 0.070136 0.058081 0.083093 0.11998 0.135566 0.131911 0.125128 0.125753 0.132436 0.146402 0.170747 0.196346 0.209543 0.205503 0.189267 0.168603 0.158532 0.179465 0.241681
					0.169908 0.212385 0.281791 0.366485 0.449994 0.495324 0.497337 0.468127 0.414685 0.342387 0.266281 0.208663 0.158411 0.097652 0.051461 0.037767 0.033364 0.022699 0.016793 0.02337 0.036363 0.042826 0.041316 0.03915 0.039064 0.041465 0.047999 0.058795 0.071574 0.078605 0.076163 0.068518 0.058082 0.052286 0.063708 0.099318
					0.037319 0.046649 0.106311 0.18371 0.259057 0.316456 0.361485 0.368537 0.330586 0.268449 0.200339 0.146511 0.102632 0.056927 0.025353 0.014075 0.008584 0.004684 0.003769 0.004024 0.004403 0.004221	0.004354	0.004539	0.005209	0.006662
			  </Data>
			</float16NumberType>
		  </MemberTags>
		</tagStructureType>
	  </ArrayTags>
	</tagArrayType>
	
	<spectralViewingConditionsType>
	  <TagSignature>svcn</TagSignature>
      <StdObserver>CIE 1931 standard colorimetric observer</StdObserver>
	  <IlluminantXYZ X="0.96420288" Y="1.00000000" Z="0.82490540"/>
	  <ObserverFuncs start="400" end="700" steps="31">
				0.0143    0.0435    0.1344    0.2839    0.3483    0.3362    0.2908    0.1954    0.0956    0.0320    0.0049    0.0093    0.0633	0.1655    0.2904    0.4335    0.5945    0.7621    0.9163    1.0263    1.0622    1.0026    0.8545    0.6424    0.4479    0.2835	  0.1649    0.0874    0.0468    0.0227    0.0114
				0.0004    0.0012    0.0040    0.0116    0.0230    0.0380    0.0600    0.0910    0.1390    0.2080    0.3230    0.5030    0.7100	0.8620    0.9540    0.9950    0.9950    0.9520    0.8700    0.7570    0.6310    0.5030    0.3810    0.2650    0.1750    0.1070	  0.0610    0.0320    0.0170    0.0082    0.0041
        0.0678    0.2074    0.6456    1.3856    1.7471    1.7721    1.6692    1.2876    0.8129    0.4652    0.2720    0.1582    0.0783	0.0422    0.0203    0.0088    0.0039    0.0021    0.0016    0.0011    0.0008    0.0003    0.0002    0.0001    0.0000    0.0000    0.0000    0.0000    0.0000    0.0000    0.0000
	  </ObserverFuncs>
	  <StdIlluminant>Illuminant D50</StdIlluminant>
	  <ColorTemperature>5000</ColorTemperature>
	  <IlluminantSPD start="400" end="700" steps="31">
		49.2575   56.4613   59.9841   57.7733   74.7760   87.1980   90.5669   91.3286   95.0729   91.9345   95.7008   96.5944   97.1154  102.0889  100.7484  102.3139  100.0000   97.7375   98.9236   93.5102   97.7057   99.2918   99.0679   95.7507   98.8934   95.7054   98.2342  103.0543   99.1850   87.4242   91.6529
	  </IlluminantSPD>
	  <SurroundXYZ X="0.96420288" Y="1.00000000" Z="0.82490540"/>
    </spectralViewingConditionsType>
    
	<XYZType>
      <TagSignature>wtpt</TagSignature>
      <XYZNumber X="0.96420288" Y="1.00000000" Z="0.82490540"/>
    </XYZType>
	
	<float16NumberType>
		<TagSignature>swpt</TagSignature>
		<Data>
		 1.000 1.000 1.000 1.000 1.000 1.000 1.000 1.000 1.000 1.000 1.000 1.000 1.000 1.000 1.000 1.000 1.000 1.000 1.000 1.000 1.000 1.000 1.000 1.000 1.000 1.000 1.000 1.000 1.000 1.000 1.000
;		</Data>
	</float16NumberType>
    
	<multiLocalizedUnicodeType>
      <TagSignature>cprt</TagSignature>
      <LocalizedText LanguageCountry="enUS"><![CDATA[Copyright 2011 International Color Consortium]]></LocalizedText>
    </multiLocalizedUnicodeType>

  </Tags>
</IccProfile>
