# relative_time, cycles_done, cur_item, corpus_count, pending_total, pending_favs, map_size, saved_crashes, saved_hangs, max_depth, execs_per_sec, total_execs, edges_found
61, 0, 152, 169, 167, 23, 1.13%, 0, 0, 2, 493.77, 34356, 727
66, 0, 152, 169, 167, 23, 1.13%, 0, 0, 2, 477.25, 36759, 727
71, 0, 152, 169, 167, 23, 1.13%, 0, 0, 2, 494.09, 39225, 727
76, 0, 152, 171, 169, 23, 1.13%, 0, 0, 2, 559.23, 41955, 727
81, 0, 152, 173, 171, 23, 1.13%, 0, 0, 2, 716.52, 45815, 727
86, 0, 152, 173, 171, 23, 1.13%, 0, 0, 2, 734.07, 49595, 727
91, 0, 152, 173, 171, 23, 1.13%, 0, 0, 2, 716.17, 53165, 727
96, 0, 152, 173, 171, 23, 1.13%, 0, 0, 2, 726.71, 56847, 727
101, 0, 152, 173, 171, 23, 1.13%, 0, 0, 2, 774.59, 60769, 727
106, 0, 152, 173, 171, 23, 1.13%, 0, 0, 2, 763.50, 64579, 727
111, 0, 152, 173, 171, 23, 1.13%, 0, 0, 2, 752.51, 68327, 727
116, 0, 152, 173, 171, 23, 1.13%, 0, 0, 2, 751.62, 72079, 727
121, 0, 152, 173, 171, 23, 1.13%, 0, 0, 2, 767.35, 75904, 727
126, 0, 152, 173, 171, 23, 1.13%, 0, 0, 2, 776.92, 79864, 727
131, 0, 152, 173, 171, 23, 1.13%, 0, 0, 2, 762.99, 83689, 727
136, 0, 152, 173, 171, 23, 1.13%, 0, 0, 2, 734.12, 87339, 727
141, 0, 152, 173, 171, 23, 1.13%, 0, 0, 2, 732.54, 91007, 727
146, 0, 152, 173, 171, 23, 1.13%, 0, 0, 2, 774.78, 94879, 727
151, 0, 152, 173, 171, 23, 1.13%, 0, 0, 2, 779.65, 98794, 727
156, 0, 152, 173, 171, 23, 1.13%, 0, 0, 2, 744.10, 102501, 727
161, 0, 152, 173, 171, 23, 1.13%, 0, 0, 2, 760.64, 106324, 727
166, 0, 152, 173, 171, 23, 1.13%, 0, 0, 2, 754.93, 110061, 727
171, 0, 152, 173, 171, 23, 1.13%, 0, 0, 2, 773.39, 113974, 727
176, 0, 152, 173, 171, 23, 1.13%, 0, 0, 2, 758.97, 117814, 727
181, 0, 152, 173, 171, 23, 1.13%, 0, 0, 2, 741.22, 121513, 727
186, 0, 152, 173, 171, 23, 1.13%, 0, 0, 2, 744.72, 125251, 727
192, 0, 152, 173, 171, 23, 1.13%, 0, 0, 2, 758.35, 129124, 727
197, 0, 152, 173, 171, 23, 1.13%, 0, 0, 2, 772.97, 133054, 727
202, 0, 152, 173, 171, 23, 1.13%, 0, 0, 2, 731.94, 136745, 727
207, 0, 152, 173, 171, 23, 1.13%, 0, 0, 2, 702.88, 140258, 727
212, 0, 152, 173, 171, 23, 1.13%, 0, 0, 2, 617.51, 143443, 727
217, 0, 152, 173, 171, 23, 1.13%, 0, 0, 2, 522.06, 145929, 727
222, 0, 152, 174, 172, 23, 1.13%, 0, 0, 2, 493.24, 148382, 728
227, 0, 152, 174, 172, 23, 1.13%, 0, 0, 2, 489.18, 150839, 728
232, 0, 152, 174, 172, 23, 1.13%, 0, 0, 2, 509.05, 153406, 728
237, 0, 152, 174, 172, 23, 1.13%, 0, 0, 2, 511.45, 155986, 728
242, 0, 152, 174, 172, 23, 1.13%, 0, 0, 2, 508.14, 158576, 728
247, 0, 152, 176, 174, 23, 1.13%, 0, 0, 2, 515.24, 161180, 728
252, 0, 152, 176, 174, 23, 1.13%, 0, 0, 2, 497.80, 163660, 728
257, 0, 152, 176, 174, 23, 1.13%, 0, 0, 2, 507.41, 166230, 728
262, 0, 152, 176, 174, 23, 1.13%, 0, 0, 2, 522.57, 168850, 728
267, 0, 152, 176, 174, 23, 1.13%, 0, 0, 2, 517.83, 171520, 728
272, 0, 152, 176, 174, 23, 1.13%, 0, 0, 2, 509.80, 174060, 728
277, 0, 152, 176, 174, 23, 1.13%, 0, 0, 2, 488.78, 176467, 728
282, 0, 152, 176, 174, 23, 1.13%, 0, 0, 2, 489.89, 178951, 728
288, 0, 152, 176, 174, 23, 1.13%, 0, 0, 2, 497.02, 181561, 728
293, 0, 152, 176, 174, 23, 1.13%, 0, 0, 2, 517.09, 184170, 728
298, 0, 152, 176, 174, 23, 1.13%, 0, 0, 2, 520.39, 186880, 728
303, 0, 152, 176, 174, 23, 1.13%, 0, 0, 2, 539.79, 189610, 728
308, 0, 152, 176, 174, 23, 1.13%, 0, 0, 2, 520.13, 192220, 728
313, 0, 152, 176, 174, 23, 1.13%, 0, 0, 2, 506.96, 194780, 728
318, 0, 152, 176, 174, 23, 1.13%, 0, 0, 2, 509.41, 197350, 728
323, 0, 152, 176, 174, 23, 1.13%, 0, 0, 2, 512.64, 199910, 728
328, 0, 152, 176, 174, 23, 1.13%, 0, 0, 2, 532.24, 202620, 728
333, 0, 152, 176, 174, 23, 1.13%, 0, 0, 2, 522.06, 205330, 728
338, 0, 152, 176, 174, 23, 1.13%, 0, 0, 2, 510.69, 207920, 728
343, 0, 152, 176, 174, 23, 1.13%, 0, 0, 2, 499.97, 210420, 728
348, 0, 152, 176, 174, 23, 1.13%, 0, 0, 2, 505.98, 212950, 728
353, 0, 152, 176, 174, 23, 1.13%, 0, 0, 2, 507.83, 215520, 728
358, 0, 152, 176, 174, 23, 1.13%, 0, 0, 2, 516.61, 218110, 728
363, 0, 152, 176, 174, 23, 1.13%, 0, 0, 2, 533.52, 220800, 728
368, 0, 152, 176, 174, 23, 1.13%, 0, 0, 2, 521.28, 223420, 728
373, 0, 152, 176, 174, 23, 1.13%, 0, 0, 2, 491.33, 225859, 728
379, 0, 152, 176, 174, 23, 1.13%, 0, 0, 2, 509.00, 228490, 728
384, 0, 152, 176, 174, 23, 1.13%, 0, 0, 2, 516.08, 231120, 728
389, 0, 152, 176, 174, 23, 1.13%, 0, 0, 2, 521.12, 233750, 728
394, 0, 152, 176, 174, 23, 1.13%, 0, 0, 2, 533.80, 236530, 728
399, 0, 152, 176, 174, 23, 1.13%, 0, 0, 2, 534.89, 239220, 728
404, 0, 152, 176, 174, 23, 1.13%, 0, 0, 2, 513.19, 241790, 728
409, 0, 152, 176, 174, 23, 1.13%, 0, 0, 2, 508.35, 244360, 728
414, 0, 152, 176, 174, 23, 1.13%, 0, 0, 2, 511.76, 246920, 728
419, 0, 152, 176, 174, 23, 1.13%, 0, 0, 2, 507.61, 249490, 728
424, 0, 152, 176, 174, 23, 1.13%, 0, 0, 2, 514.31, 252130, 728
429, 0, 152, 176, 174, 23, 1.13%, 0, 0, 2, 505.09, 254630, 728
434, 0, 152, 176, 174, 23, 1.13%, 0, 0, 2, 511.13, 257200, 728
439, 0, 152, 176, 174, 23, 1.13%, 0, 0, 2, 506.81, 259790, 728
445, 0, 152, 176, 174, 23, 1.13%, 0, 0, 2, 492.33, 262354, 728
450, 0, 152, 176, 174, 23, 1.13%, 0, 0, 2, 495.71, 264937, 728
455, 0, 152, 176, 174, 23, 1.13%, 0, 0, 2, 497.09, 267430, 728
460, 0, 152, 176, 174, 23, 1.13%, 0, 0, 2, 513.77, 270010, 728
465, 0, 152, 176, 174, 23, 1.13%, 0, 0, 2, 509.20, 272650, 728
470, 0, 152, 176, 174, 23, 1.13%, 0, 0, 2, 506.50, 275220, 728
475, 0, 152, 176, 174, 23, 1.13%, 0, 0, 2, 492.78, 277762, 728
480, 0, 152, 176, 174, 23, 1.13%, 0, 0, 2, 480.95, 280165, 728
485, 0, 152, 176, 174, 23, 1.13%, 0, 0, 2, 481.39, 282595, 728
490, 0, 152, 176, 174, 23, 1.13%, 0, 0, 2, 491.44, 285061, 728
495, 0, 152, 176, 174, 23, 1.13%, 0, 0, 2, 498.73, 287608, 728
500, 0, 152, 176, 174, 23, 1.13%, 0, 0, 2, 495.46, 290119, 728
505, 0, 152, 176, 174, 23, 1.13%, 0, 0, 2, 493.47, 292612, 728
510, 0, 152, 176, 174, 23, 1.13%, 0, 0, 2, 499.17, 295114, 728
516, 0, 152, 176, 174, 23, 1.13%, 0, 0, 2, 488.05, 297625, 728
521, 0, 152, 176, 174, 23, 1.13%, 0, 0, 2, 486.59, 300064, 728
526, 0, 152, 176, 174, 23, 1.13%, 0, 0, 2, 496.05, 302539, 728
531, 0, 152, 176, 174, 23, 1.13%, 0, 0, 2, 480.33, 304942, 728
536, 0, 152, 176, 174, 23, 1.13%, 0, 0, 2, 499.40, 307543, 728
541, 0, 152, 176, 174, 23, 1.13%, 0, 0, 2, 491.63, 310018, 728
546, 0, 152, 176, 174, 23, 1.13%, 0, 0, 2, 486.97, 312475, 728
551, 0, 152, 176, 174, 23, 1.13%, 0, 0, 2, 482.75, 314896, 728
556, 0, 152, 176, 174, 23, 1.13%, 0, 0, 2, 485.35, 317344, 728
561, 0, 152, 176, 174, 23, 1.13%, 0, 0, 2, 500.91, 319860, 728
566, 0, 152, 176, 174, 23, 1.13%, 0, 0, 2, 500.58, 322370, 728
571, 0, 152, 176, 174, 23, 1.13%, 0, 0, 2, 495.77, 324895, 728
576, 0, 152, 176, 174, 23, 1.13%, 0, 0, 2, 492.10, 327361, 728
581, 0, 152, 176, 174, 23, 1.13%, 0, 0, 2, 497.63, 329926, 728
587, 0, 152, 176, 174, 23, 1.13%, 0, 0, 2, 494.24, 332482, 728
592, 0, 152, 176, 174, 23, 1.13%, 0, 0, 2, 469.61, 334840, 728
597, 0, 152, 176, 174, 23, 1.13%, 0, 0, 2, 452.35, 337081, 728
602, 0, 152, 176, 174, 23, 1.13%, 0, 0, 2, 454.49, 339385, 728
607, 0, 152, 176, 174, 23, 1.13%, 0, 0, 2, 467.63, 341752, 728
612, 0, 152, 176, 174, 23, 1.13%, 0, 0, 2, 469.10, 344128, 728
617, 0, 152, 176, 174, 23, 1.13%, 0, 0, 2, 455.15, 346468, 728
622, 0, 152, 176, 174, 23, 1.13%, 0, 0, 2, 466.99, 348916, 728
627, 0, 152, 176, 174, 23, 1.13%, 0, 0, 2, 473.83, 351400, 728
632, 0, 152, 176, 174, 23, 1.13%, 0, 0, 2, 469.25, 353803, 728
637, 0, 152, 176, 174, 23, 1.13%, 0, 0, 2, 461.00, 356107, 728
642, 0, 152, 176, 174, 23, 1.13%, 0, 0, 2, 473.05, 358519, 728
648, 0, 152, 176, 174, 23, 1.13%, 0, 0, 2, 495.62, 361039, 728
653, 0, 152, 176, 174, 23, 1.13%, 0, 0, 2, 463.02, 363298, 728
658, 0, 152, 176, 174, 23, 1.13%, 0, 0, 2, 470.34, 365638, 728
663, 0, 152, 176, 174, 23, 1.13%, 0, 0, 2, 458.28, 367933, 728
668, 0, 152, 176, 174, 23, 1.13%, 0, 0, 2, 452.07, 370192, 728
673, 0, 152, 176, 174, 23, 1.13%, 0, 0, 2, 468.91, 372649, 728
678, 0, 152, 176, 174, 23, 1.13%, 0, 0, 2, 458.72, 374971, 728
683, 0, 152, 176, 174, 23, 1.13%, 0, 0, 2, 451.43, 377257, 728
688, 0, 152, 176, 174, 23, 1.13%, 0, 0, 2, 454.86, 379552, 728
693, 0, 152, 176, 174, 23, 1.13%, 0, 0, 2, 448.86, 381874, 728
698, 0, 152, 176, 174, 23, 1.13%, 0, 0, 2, 448.99, 384128, 728
703, 0, 152, 176, 174, 23, 1.13%, 0, 0, 2, 453.13, 386482, 728
709, 0, 152, 176, 174, 23, 1.13%, 0, 0, 2, 463.92, 388894, 728
714, 0, 152, 176, 174, 23, 1.13%, 0, 0, 2, 463.11, 391288, 728
719, 0, 152, 176, 174, 23, 1.13%, 0, 0, 2, 463.73, 393592, 728
724, 0, 152, 176, 174, 23, 1.13%, 0, 0, 2, 479.27, 395986, 728
729, 0, 152, 176, 174, 23, 1.13%, 0, 0, 2, 482.70, 398479, 728
734, 0, 152, 176, 174, 23, 1.13%, 0, 0, 2, 486.88, 401044, 728
739, 0, 152, 176, 174, 23, 1.13%, 0, 0, 2, 488.61, 403510, 728
744, 0, 152, 176, 174, 23, 1.13%, 0, 0, 2, 489.97, 405949, 728
749, 0, 152, 176, 174, 23, 1.13%, 0, 0, 2, 495.65, 408523, 728
754, 0, 152, 176, 174, 23, 1.13%, 0, 0, 2, 489.63, 410971, 728
759, 0, 152, 176, 174, 23, 1.13%, 0, 0, 2, 481.84, 413392, 728
765, 0, 152, 176, 174, 23, 1.13%, 0, 0, 2, 489.42, 415939, 728
770, 0, 152, 176, 174, 23, 1.13%, 0, 0, 2, 470.36, 418297, 728
775, 0, 152, 176, 174, 23, 1.13%, 0, 0, 2, 475.57, 420655, 728
780, 0, 152, 176, 174, 23, 1.13%, 0, 0, 2, 469.09, 423022, 728
785, 0, 152, 176, 174, 23, 1.13%, 0, 0, 2, 477.40, 425533, 728
790, 0, 152, 176, 174, 23, 1.13%, 0, 0, 2, 462.53, 427846, 728
795, 0, 152, 176, 174, 23, 1.13%, 0, 0, 2, 471.00, 430231, 728
800, 0, 152, 176, 174, 23, 1.13%, 0, 0, 2, 470.22, 432598, 728
805, 0, 152, 176, 174, 23, 1.13%, 0, 0, 2, 468.62, 434938, 728
810, 0, 152, 176, 174, 23, 1.13%, 0, 0, 2, 477.35, 437422, 728
816, 0, 152, 176, 174, 23, 1.13%, 0, 0, 2, 475.97, 439888, 728
821, 0, 152, 176, 174, 23, 1.13%, 0, 0, 2, 461.84, 442237, 728
826, 0, 152, 176, 174, 23, 1.13%, 0, 0, 2, 473.60, 444712, 728
831, 0, 152, 176, 174, 23, 1.13%, 0, 0, 2, 475.47, 447124, 728
836, 0, 152, 176, 174, 23, 1.13%, 0, 0, 2, 466.25, 449473, 728
841, 0, 152, 176, 174, 23, 1.13%, 0, 0, 2, 482.86, 451984, 728
846, 0, 152, 176, 174, 23, 1.13%, 0, 0, 2, 481.04, 454414, 728
851, 0, 152, 176, 174, 23, 1.13%, 0, 0, 2, 490.08, 456898, 728
856, 0, 152, 176, 174, 23, 1.13%, 0, 0, 2, 471.55, 459265, 728
861, 0, 152, 176, 174, 23, 1.13%, 0, 0, 2, 479.00, 461758, 728
866, 0, 152, 176, 174, 23, 1.13%, 0, 0, 2, 478.70, 464170, 728
871, 0, 152, 176, 174, 23, 1.13%, 0, 0, 2, 478.66, 466564, 728
877, 0, 152, 176, 174, 23, 1.13%, 0, 0, 2, 474.94, 469030, 728
882, 0, 152, 176, 174, 23, 1.13%, 0, 0, 2, 472.19, 471496, 728
887, 0, 152, 176, 174, 23, 1.13%, 0, 0, 2, 474.61, 473962, 728
892, 0, 152, 176, 174, 23, 1.13%, 0, 0, 2, 476.79, 476383, 728
897, 0, 152, 176, 174, 23, 1.13%, 0, 0, 2, 469.76, 478723, 728
902, 0, 152, 176, 174, 23, 1.13%, 0, 0, 2, 609.16, 481744, 728
907, 0, 152, 176, 174, 23, 1.13%, 0, 0, 2, 682.21, 485390, 728
912, 0, 152, 176, 174, 23, 1.13%, 0, 0, 2, 687.06, 488835, 728
917, 0, 152, 176, 174, 23, 1.13%, 0, 0, 2, 686.81, 492423, 728
922, 0, 152, 176, 174, 23, 1.13%, 0, 0, 2, 699.44, 495933, 728
927, 0, 152, 176, 174, 23, 1.13%, 0, 0, 2, 702.44, 499436, 728
933, 0, 152, 176, 174, 23, 1.13%, 0, 0, 2, 700.28, 502978, 728
938, 0, 152, 176, 174, 23, 1.13%, 0, 0, 2, 698.85, 506502, 728
943, 0, 152, 176, 174, 23, 1.13%, 0, 0, 2, 700.42, 510012, 728
948, 0, 152, 176, 174, 23, 1.13%, 0, 0, 2, 708.98, 513604, 728
953, 0, 152, 176, 174, 23, 1.13%, 0, 0, 2, 706.80, 517160, 728
958, 0, 152, 176, 174, 23, 1.13%, 0, 0, 2, 706.34, 520702, 728
963, 0, 152, 176, 174, 23, 1.13%, 0, 0, 2, 705.53, 524272, 728
968, 0, 152, 176, 174, 23, 1.13%, 0, 0, 2, 707.42, 527842, 728
973, 0, 152, 176, 174, 23, 1.13%, 0, 0, 2, 711.71, 531426, 728
978, 0, 152, 176, 174, 23, 1.13%, 0, 0, 2, 719.45, 535024, 728
983, 0, 152, 176, 174, 23, 1.13%, 0, 0, 2, 708.97, 538580, 728
988, 0, 152, 176, 174, 23, 1.13%, 0, 0, 2, 706.99, 542122, 728
993, 0, 152, 176, 174, 23, 1.13%, 0, 0, 2, 699.06, 545606, 728
998, 0, 152, 176, 174, 23, 1.13%, 0, 0, 2, 696.71, 549129, 728
1003, 0, 152, 176, 174, 23, 1.13%, 0, 0, 2, 702.44, 552664, 728
1008, 0, 152, 176, 174, 23, 1.13%, 0, 0, 2, 699.28, 556292, 728
1013, 0, 152, 176, 174, 23, 1.13%, 0, 0, 2, 689.00, 559763, 728
1018, 0, 152, 176, 174, 23, 1.13%, 0, 0, 2, 679.66, 563156, 728
1023, 0, 152, 176, 174, 23, 1.13%, 0, 0, 2, 689.14, 566640, 728
1028, 0, 152, 176, 174, 23, 1.13%, 0, 0, 2, 692.45, 570150, 728
1033, 0, 152, 176, 174, 23, 1.13%, 0, 0, 2, 689.41, 573712, 728
1038, 0, 152, 176, 174, 23, 1.13%, 0, 0, 2, 695.79, 577209, 728
1043, 0, 152, 176, 174, 23, 1.13%, 0, 0, 2, 696.94, 580706, 728
1048, 0, 152, 176, 174, 23, 1.13%, 0, 0, 2, 691.93, 584203, 728
1053, 0, 152, 176, 174, 23, 1.13%, 0, 0, 2, 687.39, 587648, 728
1059, 0, 152, 176, 174, 23, 1.13%, 0, 0, 2, 698.01, 591275, 728
1064, 0, 152, 176, 174, 23, 1.13%, 0, 0, 2, 686.36, 594707, 728
1069, 0, 152, 176, 174, 23, 1.13%, 0, 0, 2, 703.87, 598262, 728
1074, 0, 152, 176, 174, 23, 1.13%, 0, 0, 2, 733.20, 601972, 728
1079, 0, 152, 176, 174, 23, 1.13%, 0, 0, 2, 763.73, 605935, 728
1084, 0, 152, 176, 174, 23, 1.13%, 0, 0, 2, 740.40, 609658, 728
1089, 0, 152, 176, 174, 23, 1.13%, 0, 0, 2, 290.95, 611840, 728
1094, 0, 152, 176, 174, 23, 1.13%, 0, 0, 2, 644.66, 615640, 728
1099, 0, 152, 176, 174, 23, 1.13%, 0, 0, 2, 727.55, 619430, 728
1104, 0, 152, 176, 174, 23, 1.13%, 0, 0, 2, 731.73, 623112, 728
1109, 0, 152, 176, 174, 23, 1.13%, 0, 0, 2, 729.04, 626794, 728
1114, 0, 152, 176, 174, 23, 1.13%, 0, 0, 2, 712.24, 630476, 728
1119, 0, 152, 176, 174, 23, 1.13%, 0, 0, 2, 693.29, 633954, 728
1125, 0, 152, 176, 174, 23, 1.13%, 0, 0, 2, 708.90, 637518, 728
1126, 0, 152, 176, 174, 23, 1.13%, 0, 0, 2, 0.00, 638736, 728
